0.01      0.01    0.01    0.01    0.01    0 	0.178797 	-0.00941385 	0.0350677 	4.53141e-13 	-1.25878e-13 	8.01394e-14 	1.69472e-13 	-6.49419e-15 	1.63228e-13 	6.07632e-11 	-2.50305e-10 	-2.17457e-10 	1.03109e-09 	8.9578e-10 	7.78226e-10
0.01      0.01    0.01    0.01    0.01    0.09 	0.178797 	-0.00941385 	0.0350677 	4.53141e-13 	-1.25878e-13 	8.01394e-14 	1.69472e-13 	-6.49419e-15 	1.63228e-13 	6.07632e-11 	-2.50305e-10 	-2.17457e-10 	1.03109e-09 	8.9578e-10 	7.78226e-10
0.01      0.01    0.01    0.01    0.01    0.18 	0.178797 	-0.00941385 	0.0350677 	4.53141e-13 	-1.25878e-13 	8.01394e-14 	1.69472e-13 	-6.49419e-15 	1.63228e-13 	6.07632e-11 	-2.50305e-10 	-2.17457e-10 	1.03109e-09 	8.9578e-10 	7.78226e-10
0.01      0.01    0.01    0.01    0.01    0.27 	0.139571 	-0.0163275 	0.0393922 	4.0276e-13 	-1.15264e-13 	4.6472e-14 	1.44291e-13 	9.11802e-15 	1.90889e-13 	5.61526e-11 	2.16639e-12 	-1.86914e-11 	8.35803e-14 	-7.21121e-13 	6.22174e-12
0.01      0.01    0.01    0.01    0.01    0.36 	0.139571 	-0.0163275 	0.0393922 	4.0276e-13 	-1.15264e-13 	4.6472e-14 	1.44291e-13 	9.11802e-15 	1.90889e-13 	5.61526e-11 	2.16639e-12 	-1.86914e-11 	8.35803e-14 	-7.21121e-13 	6.22174e-12
0.01      0.01    0.01    0.01    0.01    0.45 	0.16268 	-0.00882172 	0.0115774 	4.37226e-13 	-1.17422e-13 	1.19891e-14 	1.50104e-13 	-1.17166e-15 	1.64176e-13 	9.60437e-12 	4.1335e-11 	-4.07672e-11 	1.77896e-10 	-1.75453e-10 	1.73043e-10
0.01      0.01    0.01    0.01    0.01    0.54 	0.16268 	-0.00882172 	0.0115774 	4.37226e-13 	-1.17422e-13 	1.19891e-14 	1.50104e-13 	-1.17166e-15 	1.64176e-13 	9.60437e-12 	4.1335e-11 	-4.07672e-11 	1.77896e-10 	-1.75453e-10 	1.73043e-10
0.01      0.01    0.01    0.01    0.01    0.63 	0.140288 	-0.0214883 	0.0344356 	3.54182e-13 	-1.2655e-13 	2.88516e-14 	1.68552e-13 	7.78197e-15 	1.23379e-13 	1.73137e-10 	2.76328e-12 	-8.59292e-11 	4.41022e-14 	-1.37144e-12 	4.26474e-11
0.01      0.01    0.01    0.01    0.01    0.72 	0.140288 	-0.0214883 	0.0344356 	3.54182e-13 	-1.2655e-13 	2.88516e-14 	1.68552e-13 	7.78197e-15 	1.23379e-13 	1.73137e-10 	2.76328e-12 	-8.59292e-11 	4.41022e-14 	-1.37144e-12 	4.26474e-11
0.01      0.01    0.01    0.01    0.01    0.81 	0.13917 	0.00279891 	0.0425042 	2.65562e-13 	-8.72664e-14 	4.53039e-15 	1.42271e-13 	1.81679e-14 	1.4634e-13 	3.32176e-11 	-5.62139e-11 	8.89223e-11 	9.51301e-11 	-1.50482e-10 	2.38042e-10
0.01      0.01    0.01    0.01    0.01    0.9 	0.13917 	0.00279891 	0.0425042 	2.65562e-13 	-8.72664e-14 	4.53039e-15 	1.42271e-13 	1.81679e-14 	1.4634e-13 	3.32176e-11 	-5.62139e-11 	8.89223e-11 	9.51301e-11 	-1.50482e-10 	2.38042e-10
0.01      0.01    0.01    0.01    0.01    0.99 	0.109994 	0.0125185 	0.00500541 	2.39976e-13 	-7.61029e-14 	-1.19129e-15 	1.27903e-13 	1.85752e-14 	1.61314e-13 	1.36913e-09 	-6.36573e-10 	-3.89029e-10 	2.95974e-10 	1.80878e-10 	1.1054e-10
0.01      0.01    0.01    0.01    0.01    1.08 	0.109994 	0.0125185 	0.00500541 	2.39976e-13 	-7.61029e-14 	-1.19129e-15 	1.27903e-13 	1.85752e-14 	1.61314e-13 	1.36913e-09 	-6.36573e-10 	-3.89029e-10 	2.95974e-10 	1.80878e-10 	1.1054e-10
0.01      0.01    0.01    0.01    0.01    1.17 	0.109994 	0.0125185 	0.00500541 	2.39976e-13 	-7.61029e-14 	-1.19129e-15 	1.27903e-13 	1.85752e-14 	1.61314e-13 	1.36913e-09 	-6.36573e-10 	-3.89029e-10 	2.95974e-10 	1.80878e-10 	1.1054e-10
0.01      0.01    0.01    0.01    0.01    1.26 	0.162262 	0.0326067 	-0.0181837 	2.74401e-13 	-9.79821e-14 	-1.73128e-14 	1.75196e-13 	1.14576e-14 	1.21103e-13 	2.71104e-11 	2.01359e-10 	-2.36694e-11 	1.49557e-09 	-1.75802e-10 	2.06652e-11
0.01      0.01    0.01    0.01    0.01    1.35 	0.162262 	0.0326067 	-0.0181837 	2.74401e-13 	-9.79821e-14 	-1.73128e-14 	1.75196e-13 	1.14576e-14 	1.21103e-13 	2.71104e-11 	2.01359e-10 	-2.36694e-11 	1.49557e-09 	-1.75802e-10 	2.06652e-11
0.01      0.01    0.01    0.01    0.01    1.44 	0.161219 	0.00656395 	0.0209284 	3.28505e-13 	-1.23087e-13 	-6.35694e-15 	1.48301e-13 	1.4067e-14 	1.35614e-13 	5.8546e-10 	2.88219e-10 	1.30869e-10 	1.41888e-10 	6.44261e-11 	2.92534e-11
0.01      0.01    0.01    0.01    0.01    1.53 	0.161219 	0.00656395 	0.0209284 	3.28505e-13 	-1.23087e-13 	-6.35694e-15 	1.48301e-13 	1.4067e-14 	1.35614e-13 	5.8546e-10 	2.88219e-10 	1.30869e-10 	1.41888e-10 	6.44261e-11 	2.92534e-11
0.01      0.01    0.01    0.01    0.01    1.62 	0.135336 	0.0110075 	-0.00969859 	2.99738e-13 	-1.17741e-13 	-5.74337e-15 	1.36912e-13 	-2.31359e-15 	1.43137e-13 	1.78732e-11 	-2.9553e-11 	3.11695e-11 	4.88656e-11 	-5.15385e-11 	5.43575e-11
0.01      0.01    0.01    0.01    0.01    1.71 	0.135336 	0.0110075 	-0.00969859 	2.99738e-13 	-1.17741e-13 	-5.74337e-15 	1.36912e-13 	-2.31359e-15 	1.43137e-13 	1.78732e-11 	-2.9553e-11 	3.11695e-11 	4.88656e-11 	-5.15385e-11 	5.43575e-11
0.01      0.01    0.01    0.01    0.01    1.8 	0.118308 	0.0178366 	-0.00479524 	3.38313e-13 	-1.28454e-13 	-1.423e-14 	1.42086e-13 	-3.39683e-15 	1.12348e-13 	1.7043e-10 	6.48797e-11 	-2.43952e-10 	2.46985e-11 	-9.28681e-11 	3.49191e-10
0.01      0.01    0.01    0.01    0.01    1.89 	0.118308 	0.0178366 	-0.00479524 	3.38313e-13 	-1.28454e-13 	-1.423e-14 	1.42086e-13 	-3.39683e-15 	1.12348e-13 	1.7043e-10 	6.48797e-11 	-2.43952e-10 	2.46985e-11 	-9.28681e-11 	3.49191e-10
0.01      0.01    0.01    0.01    0.01    1.98 	0.145574 	0.0135698 	0.0090416 	2.93144e-13 	-1.12114e-13 	-3.63466e-14 	1.46971e-13 	1.12124e-14 	1.21474e-13 	6.11823e-10 	-1.01107e-09 	-2.35475e-10 	1.67084e-09 	3.89134e-10 	9.06284e-11
0.01      0.01    0.01    0.01    0.01    2.07 	0.145574 	0.0135698 	0.0090416 	2.93144e-13 	-1.12114e-13 	-3.63466e-14 	1.46971e-13 	1.12124e-14 	1.21474e-13 	6.11823e-10 	-1.01107e-09 	-2.35475e-10 	1.67084e-09 	3.89134e-10 	9.06284e-11
0.01      0.01    0.01    0.01    0.01    2.16 	0.125588 	0.0303465 	-0.00121685 	2.62138e-13 	-7.13282e-14 	-3.71098e-14 	1.20957e-13 	1.14432e-14 	1.69567e-13 	1.67072e-11 	4.20009e-11 	-2.4695e-11 	1.05587e-10 	-6.20816e-11 	3.65018e-11
0.01      0.01    0.01    0.01    0.01    2.25 	0.125588 	0.0303465 	-0.00121685 	2.62138e-13 	-7.13282e-14 	-3.71098e-14 	1.20957e-13 	1.14432e-14 	1.69567e-13 	1.67072e-11 	4.20009e-11 	-2.4695e-11 	1.05587e-10 	-6.20816e-11 	3.65018e-11
0.01      0.01    0.01    0.01    0.01    2.34 	0.125588 	0.0303465 	-0.00121685 	2.62138e-13 	-7.13282e-14 	-3.71098e-14 	1.20957e-13 	1.14432e-14 	1.69567e-13 	1.67072e-11 	4.20009e-11 	-2.4695e-11 	1.05587e-10 	-6.20816e-11 	3.65018e-11
0.01      0.01    0.01    0.01    0.01    2.43 	0.15211 	0.0131999 	-0.00267246 	2.66246e-13 	-8.49205e-14 	-2.46663e-14 	1.40207e-13 	1.06358e-14 	1.93926e-13 	8.2812e-10 	-3.25534e-11 	-1.50994e-09 	1.27967e-12 	5.93557e-11 	2.75313e-09
0.01      0.01    0.01    0.01    0.01    2.52 	0.15211 	0.0131999 	-0.00267246 	2.66246e-13 	-8.49205e-14 	-2.46663e-14 	1.40207e-13 	1.06358e-14 	1.93926e-13 	8.2812e-10 	-3.25534e-11 	-1.50994e-09 	1.27967e-12 	5.93557e-11 	2.75313e-09
0.01      0.01    0.01    0.01    0.01    2.61 	0.161017 	0.00856474 	-0.0172509 	3.17136e-13 	-8.64225e-14 	-2.29512e-14 	1.27839e-13 	-2.48041e-14 	2.13315e-13 	3.79788e-11 	-6.07805e-11 	7.67194e-11 	9.72719e-11 	-1.2278e-10 	1.54978e-10
0.01      0.01    0.01    0.01    0.01    2.7 	0.161017 	0.00856474 	-0.0172509 	3.17136e-13 	-8.64225e-14 	-2.29512e-14 	1.27839e-13 	-2.48041e-14 	2.13315e-13 	3.79788e-11 	-6.07805e-11 	7.67194e-11 	9.72719e-11 	-1.2278e-10 	1.54978e-10
0.01      0.01    0.01    0.01    0.01    2.79 	0.161767 	-0.00303433 	0.000160196 	4.53959e-13 	-1.55948e-13 	-3.21073e-14 	1.80677e-13 	1.02093e-14 	2.03213e-13 	3.79177e-12 	-9.35988e-12 	2.11188e-11 	2.31046e-11 	-5.21311e-11 	1.17624e-10
0.01      0.01    0.01    0.01    0.01    2.88 	0.161767 	-0.00303433 	0.000160196 	4.53959e-13 	-1.55948e-13 	-3.21073e-14 	1.80677e-13 	1.02093e-14 	2.03213e-13 	3.79177e-12 	-9.35988e-12 	2.11188e-11 	2.31046e-11 	-5.21311e-11 	1.17624e-10
0.01      0.01    0.01    0.01    0.01    2.97 	0.191744 	-0.0459986 	-0.00120698 	5.2121e-13 	-2.11154e-13 	-3.1041e-14 	2.46652e-13 	1.35074e-14 	1.6259e-13 	1.17453e-10 	-1.96896e-10 	4.87417e-11 	3.30073e-10 	-8.17098e-11 	2.02273e-11
0.01      0.01    0.01    0.01    0.01    3.06 	0.191744 	-0.0459986 	-0.00120698 	5.2121e-13 	-2.11154e-13 	-3.1041e-14 	2.46652e-13 	1.35074e-14 	1.6259e-13 	1.17453e-10 	-1.96896e-10 	4.87417e-11 	3.30073e-10 	-8.17098e-11 	2.02273e-11
0.01      0.01    0.01    0.01    0.01    3.15 	0.170837 	-0.0305437 	-0.00904298 	4.57007e-13 	-1.9969e-13 	-4.25882e-14 	2.33522e-13 	-1.01235e-14 	1.55871e-13 	2.52548e-10 	-2.85554e-10 	7.75185e-10 	3.22873e-10 	-8.76495e-10 	2.3794e-09
0.01      0.01    0.01    0.01    0.01    3.24 	0.170837 	-0.0305437 	-0.00904298 	4.57007e-13 	-1.9969e-13 	-4.25882e-14 	2.33522e-13 	-1.01235e-14 	1.55871e-13 	2.52548e-10 	-2.85554e-10 	7.75185e-10 	3.22873e-10 	-8.76495e-10 	2.3794e-09
0.01      0.01    0.01    0.01    0.01    3.33 	0.147749 	-0.0111935 	0.0200138 	4.97792e-13 	-1.96977e-13 	2.8649e-14 	2.02888e-13 	-1.84715e-14 	1.94956e-13 	2.46827e-10 	1.83912e-10 	2.14531e-11 	1.37034e-10 	1.59848e-11 	1.86461e-12
0.01      0.01    0.01    0.01    0.01    3.42 	0.147749 	-0.0111935 	0.0200138 	4.97792e-13 	-1.96977e-13 	2.8649e-14 	2.02888e-13 	-1.84715e-14 	1.94956e-13 	2.46827e-10 	1.83912e-10 	2.14531e-11 	1.37034e-10 	1.59848e-11 	1.86461e-12
0.01      0.01    0.01    0.01    0.01    3.51 	0.147749 	-0.0111935 	0.0200138 	4.97792e-13 	-1.96977e-13 	2.8649e-14 	2.02888e-13 	-1.84715e-14 	1.94956e-13 	2.46827e-10 	1.83912e-10 	2.14531e-11 	1.37034e-10 	1.59848e-11 	1.86461e-12
0.01      0.01    0.01    0.01    0.01    3.6 	0.153405 	0.0201316 	-0.0270633 	3.88289e-13 	-1.05018e-13 	-4.0417e-15 	1.33529e-13 	-2.98698e-15 	1.76893e-13 	5.26588e-11 	6.0872e-11 	-5.77325e-11 	7.03663e-11 	-6.67371e-11 	6.3295e-11
0.01      0.01    0.01    0.01    0.01    3.69 	0.153405 	0.0201316 	-0.0270633 	3.88289e-13 	-1.05018e-13 	-4.0417e-15 	1.33529e-13 	-2.98698e-15 	1.76893e-13 	5.26588e-11 	6.0872e-11 	-5.77325e-11 	7.03663e-11 	-6.67371e-11 	6.3295e-11
0.01      0.01    0.01    0.01    0.01    3.78 	0.162493 	0.0186902 	-0.000438017 	3.84518e-13 	-1.05358e-13 	3.69806e-14 	1.55783e-13 	1.44512e-14 	1.51596e-13 	3.81554e-11 	-5.03027e-11 	1.76242e-10 	6.63175e-11 	-2.32352e-10 	8.14074e-10
0.01      0.01    0.01    0.01    0.01    3.87 	0.162493 	0.0186902 	-0.000438017 	3.84518e-13 	-1.05358e-13 	3.69806e-14 	1.55783e-13 	1.44512e-14 	1.51596e-13 	3.81554e-11 	-5.03027e-11 	1.76242e-10 	6.63175e-11 	-2.32352e-10 	8.14074e-10
0.01      0.01    0.01    0.01    0.01    3.96 	0.155366 	0.0300299 	-0.0111912 	3.41771e-13 	-8.08714e-14 	3.66438e-14 	1.54894e-13 	2.16854e-14 	1.52041e-13 	2.37869e-10 	4.19014e-10 	7.38081e-11 	7.38105e-10 	1.30015e-10 	2.29018e-11
0.01      0.01    0.01    0.01    0.01    4.05 	0.155366 	0.0300299 	-0.0111912 	3.41771e-13 	-8.08714e-14 	3.66438e-14 	1.54894e-13 	2.16854e-14 	1.52041e-13 	2.37869e-10 	4.19014e-10 	7.38081e-11 	7.38105e-10 	1.30015e-10 	2.29018e-11
0.01      0.01    0.01    0.01    0.01    4.14 	0.136687 	0.00690268 	0.00250627 	3.92114e-13 	-1.04707e-13 	8.95469e-14 	1.72159e-13 	-3.13421e-14 	1.44128e-13 	4.07453e-10 	1.88174e-10 	6.73236e-10 	8.69048e-11 	3.10921e-10 	1.11239e-09
0.01      0.01    0.01    0.01    0.01    4.23 	0.136687 	0.00690268 	0.00250627 	3.92114e-13 	-1.04707e-13 	8.95469e-14 	1.72159e-13 	-3.13421e-14 	1.44128e-13 	4.07453e-10 	1.88174e-10 	6.73236e-10 	8.69048e-11 	3.10921e-10 	1.11239e-09
0.01      0.01    0.01    0.01    0.01    4.32 	0.152818 	0.00704603 	0.0174879 	5.386e-13 	-1.81952e-13 	9.98125e-14 	2.24271e-13 	-2.22101e-14 	1.76856e-13 	6.25278e-11 	8.57119e-11 	-1.42481e-10 	1.17492e-10 	-1.9531e-10 	3.2467e-10
0.01      0.01    0.01    0.01    0.01    4.41 	0.152818 	0.00704603 	0.0174879 	5.386e-13 	-1.81952e-13 	9.98125e-14 	2.24271e-13 	-2.22101e-14 	1.76856e-13 	6.25278e-11 	8.57119e-11 	-1.42481e-10 	1.17492e-10 	-1.9531e-10 	3.2467e-10
0.01      0.01    0.01    0.01    0.01    4.5 	0.152818 	0.00704603 	0.0174879 	5.386e-13 	-1.81952e-13 	9.98125e-14 	2.24271e-13 	-2.22101e-14 	1.76856e-13 	6.25278e-11 	8.57119e-11 	-1.42481e-10 	1.17492e-10 	-1.9531e-10 	3.2467e-10
0.02      0.02    0.02    0.02    0.02    0 	0.178824 	-0.00954717 	0.0349594 	4.52742e-13 	-1.25859e-13 	7.97755e-14 	1.69506e-13 	-6.38866e-15 	1.63065e-13 	2.54434e-10 	-1.17547e-09 	-9.73956e-10 	5.44095e-09 	4.5052e-09 	3.73134e-09
0.02      0.02    0.02    0.02    0.02    0.09 	0.178824 	-0.00954717 	0.0349594 	4.52742e-13 	-1.25859e-13 	7.97755e-14 	1.69506e-13 	-6.38866e-15 	1.63065e-13 	2.54434e-10 	-1.17547e-09 	-9.73956e-10 	5.44095e-09 	4.5052e-09 	3.73134e-09
0.02      0.02    0.02    0.02    0.02    0.18 	0.178824 	-0.00954717 	0.0349594 	4.52742e-13 	-1.25859e-13 	7.97755e-14 	1.69506e-13 	-6.38866e-15 	1.63065e-13 	2.54434e-10 	-1.17547e-09 	-9.73956e-10 	5.44095e-09 	4.5052e-09 	3.73134e-09
0.02      0.02    0.02    0.02    0.02    0.27 	0.1396 	-0.0163252 	0.0393753 	4.02966e-13 	-1.15173e-13 	4.62698e-14 	1.44196e-13 	9.20973e-15 	1.90912e-13 	2.77599e-10 	1.74534e-11 	-1.38e-10 	1.2243e-12 	-8.92436e-12 	6.95851e-11
0.02      0.02    0.02    0.02    0.02    0.36 	0.1396 	-0.0163252 	0.0393753 	4.02966e-13 	-1.15173e-13 	4.62698e-14 	1.44196e-13 	9.20973e-15 	1.90912e-13 	2.77599e-10 	1.74534e-11 	-1.38e-10 	1.2243e-12 	-8.92436e-12 	6.95851e-11
0.02      0.02    0.02    0.02    0.02    0.45 	0.162692 	-0.00877005 	0.0115277 	4.37025e-13 	-1.17286e-13 	1.18457e-14 	1.50079e-13 	-1.09674e-15 	1.6414e-13 	4.19099e-11 	1.88409e-10 	-1.83424e-10 	8.47254e-10 	-8.24878e-10 	8.03305e-10
0.02      0.02    0.02    0.02    0.02    0.54 	0.162692 	-0.00877005 	0.0115277 	4.37025e-13 	-1.17286e-13 	1.18457e-14 	1.50079e-13 	-1.09674e-15 	1.6414e-13 	4.19099e-11 	1.88409e-10 	-1.83424e-10 	8.47254e-10 	-8.24878e-10 	8.03305e-10
0.02      0.02    0.02    0.02    0.02    0.63 	0.140339 	-0.0214852 	0.0344114 	3.54218e-13 	-1.2645e-13 	2.87855e-14 	1.685e-13 	7.87615e-15 	1.23386e-13 	8.44781e-10 	3.93796e-11 	-4.02931e-10 	1.93533e-12 	-1.87146e-11 	1.92233e-10
0.02      0.02    0.02    0.02    0.02    0.72 	0.140339 	-0.0214852 	0.0344114 	3.54218e-13 	-1.2645e-13 	2.87855e-14 	1.685e-13 	7.87615e-15 	1.23386e-13 	8.44781e-10 	3.93796e-11 	-4.02931e-10 	1.93533e-12 	-1.87146e-11 	1.92233e-10
0.02      0.02    0.02    0.02    0.02    0.81 	0.139146 	0.0028384 	0.0424402 	2.65522e-13 	-8.71854e-14 	4.43637e-15 	1.42174e-13 	1.8145e-14 	1.46345e-13 	1.77521e-10 	-2.93191e-10 	4.71584e-10 	4.84262e-10 	-7.78868e-10 	1.25277e-09
0.02      0.02    0.02    0.02    0.02    0.9 	0.139146 	0.0028384 	0.0424402 	2.65522e-13 	-8.71854e-14 	4.43637e-15 	1.42174e-13 	1.8145e-14 	1.46345e-13 	1.77521e-10 	-2.93191e-10 	4.71584e-10 	4.84262e-10 	-7.78868e-10 	1.25277e-09
0.02      0.02    0.02    0.02    0.02    0.99 	0.109845 	0.0125849 	0.00504604 	2.39938e-13 	-7.6028e-14 	-1.13139e-15 	1.27771e-13 	1.85042e-14 	1.61424e-13 	6.9187e-09 	-3.12165e-09 	-1.91047e-09 	1.40863e-09 	8.62092e-10 	5.27608e-10
0.02      0.02    0.02    0.02    0.02    1.08 	0.109845 	0.0125849 	0.00504604 	2.39938e-13 	-7.6028e-14 	-1.13139e-15 	1.27771e-13 	1.85042e-14 	1.61424e-13 	6.9187e-09 	-3.12165e-09 	-1.91047e-09 	1.40863e-09 	8.62092e-10 	5.27608e-10
0.02      0.02    0.02    0.02    0.02    1.17 	0.109845 	0.0125849 	0.00504604 	2.39938e-13 	-7.6028e-14 	-1.13139e-15 	1.27771e-13 	1.85042e-14 	1.61424e-13 	6.9187e-09 	-3.12165e-09 	-1.91047e-09 	1.40863e-09 	8.62092e-10 	5.27608e-10
0.02      0.02    0.02    0.02    0.02    1.26 	0.162282 	0.0327647 	-0.018204 	2.74483e-13 	-9.80968e-14 	-1.72957e-14 	1.75146e-13 	1.1421e-14 	1.21159e-13 	1.27181e-10 	9.89784e-10 	-1.23454e-10 	7.70572e-09 	-9.6165e-10 	1.20126e-10
0.02      0.02    0.02    0.02    0.02    1.35 	0.162282 	0.0327647 	-0.018204 	2.74483e-13 	-9.80968e-14 	-1.72957e-14 	1.75146e-13 	1.1421e-14 	1.21159e-13 	1.27181e-10 	9.89784e-10 	-1.23454e-10 	7.70572e-09 	-9.6165e-10 	1.20126e-10
0.02      0.02    0.02    0.02    0.02    1.44 	0.161314 	0.00661197 	0.0209492 	3.28509e-13 	-1.23062e-13 	-6.45969e-15 	1.48303e-13 	1.41189e-14 	1.3557e-13 	2.87117e-09 	1.43499e-09 	6.31415e-10 	7.17246e-10 	3.15561e-10 	1.38863e-10
0.02      0.02    0.02    0.02    0.02    1.53 	0.161314 	0.00661197 	0.0209492 	3.28509e-13 	-1.23062e-13 	-6.45969e-15 	1.48303e-13 	1.41189e-14 	1.3557e-13 	2.87117e-09 	1.43499e-09 	6.31415e-10 	7.17246e-10 	3.15561e-10 	1.38863e-10
0.02      0.02    0.02    0.02    0.02    1.62 	0.135321 	0.011038 	-0.00972423 	2.99738e-13 	-1.17818e-13 	-5.70561e-15 	1.36964e-13 	-2.34734e-15 	1.43096e-13 	8.0167e-11 	-1.49123e-10 	1.34504e-10 	2.77836e-10 	-2.50036e-10 	2.25751e-10
0.02      0.02    0.02    0.02    0.02    1.71 	0.135321 	0.011038 	-0.00972423 	2.99738e-13 	-1.17818e-13 	-5.70561e-15 	1.36964e-13 	-2.34734e-15 	1.43096e-13 	8.0167e-11 	-1.49123e-10 	1.34504e-10 	2.77836e-10 	-2.50036e-10 	2.25751e-10
0.02      0.02    0.02    0.02    0.02    1.8 	0.118253 	0.017817 	-0.00472099 	3.38299e-13 	-1.28489e-13 	-1.4195e-14 	1.42095e-13 	-3.39655e-15 	1.12328e-13 	9.20422e-10 	3.32228e-10 	-1.2609e-09 	1.1996e-10 	-4.55244e-10 	1.72769e-09
0.02      0.02    0.02    0.02    0.02    1.89 	0.118253 	0.017817 	-0.00472099 	3.38299e-13 	-1.28489e-13 	-1.4195e-14 	1.42095e-13 	-3.39655e-15 	1.12328e-13 	9.20422e-10 	3.32228e-10 	-1.2609e-09 	1.1996e-10 	-4.55244e-10 	1.72769e-09
0.02      0.02    0.02    0.02    0.02    1.98 	0.145669 	0.0134061 	0.00899969 	2.93276e-13 	-1.12222e-13 	-3.63576e-14 	1.46868e-13 	1.11667e-14 	1.21536e-13 	2.90348e-09 	-4.93105e-09 	-1.22889e-09 	8.37541e-09 	2.08774e-09 	5.20672e-10
0.02      0.02    0.02    0.02    0.02    2.07 	0.145669 	0.0134061 	0.00899969 	2.93276e-13 	-1.12222e-13 	-3.63576e-14 	1.46868e-13 	1.11667e-14 	1.21536e-13 	2.90348e-09 	-4.93105e-09 	-1.22889e-09 	8.37541e-09 	2.08774e-09 	5.20672e-10
0.02      0.02    0.02    0.02    0.02    2.16 	0.125603 	0.0303878 	-0.00124004 	2.62351e-13 	-7.14006e-14 	-3.70814e-14 	1.20916e-13 	1.13144e-14 	1.69515e-13 	6.88253e-11 	1.90992e-10 	-1.08543e-10 	5.30729e-10 	-3.01524e-10 	1.7134e-10
0.02      0.02    0.02    0.02    0.02    2.25 	0.125603 	0.0303878 	-0.00124004 	2.62351e-13 	-7.14006e-14 	-3.70814e-14 	1.20916e-13 	1.13144e-14 	1.69515e-13 	6.88253e-11 	1.90992e-10 	-1.08543e-10 	5.30729e-10 	-3.01524e-10 	1.7134e-10
0.02      0.02    0.02    0.02    0.02    2.34 	0.125603 	0.0303878 	-0.00124004 	2.62351e-13 	-7.14006e-14 	-3.70814e-14 	1.20916e-13 	1.13144e-14 	1.69515e-13 	6.88253e-11 	1.90992e-10 	-1.08543e-10 	5.30729e-10 	-3.01524e-10 	1.7134e-10
0.02      0.02    0.02    0.02    0.02    2.43 	0.15199 	0.0132071 	-0.00246388 	2.66225e-13 	-8.49526e-14 	-2.46006e-14 	1.40208e-13 	1.06201e-14 	1.9389e-13 	4.39134e-09 	-2.34493e-10 	-7.74537e-09 	1.26801e-11 	4.13033e-10 	1.36632e-08
0.02      0.02    0.02    0.02    0.02    2.52 	0.15199 	0.0132071 	-0.00246388 	2.66225e-13 	-8.49526e-14 	-2.46006e-14 	1.40208e-13 	1.06201e-14 	1.9389e-13 	4.39134e-09 	-2.34493e-10 	-7.74537e-09 	1.26801e-11 	4.13033e-10 	1.36632e-08
0.02      0.02    0.02    0.02    0.02    2.61 	0.161042 	0.00852766 	-0.0171997 	3.17007e-13 	-8.6436e-14 	-2.29386e-14 	1.27869e-13 	-2.47817e-14 	2.13315e-13 	1.93409e-10 	-2.94082e-10 	3.94617e-10 	4.47292e-10 	-5.99983e-10 	8.05222e-10
0.02      0.02    0.02    0.02    0.02    2.7 	0.161042 	0.00852766 	-0.0171997 	3.17007e-13 	-8.6436e-14 	-2.29386e-14 	1.27869e-13 	-2.47817e-14 	2.13315e-13 	1.93409e-10 	-2.94082e-10 	3.94617e-10 	4.47292e-10 	-5.99983e-10 	8.05222e-10
0.02      0.02    0.02    0.02    0.02    2.79 	0.161768 	-0.00304563 	0.000204425 	4.53866e-13 	-1.55955e-13 	-3.22381e-14 	1.80713e-13 	1.03134e-14 	2.03108e-13 	4.42493e-12 	-1.58041e-11 	4.61439e-11 	6.18859e-11 	-1.90341e-10 	6.02358e-10
0.02      0.02    0.02    0.02    0.02    2.88 	0.161768 	-0.00304563 	0.000204425 	4.53866e-13 	-1.55955e-13 	-3.22381e-14 	1.80713e-13 	1.03134e-14 	2.03108e-13 	4.42493e-12 	-1.58041e-11 	4.61439e-11 	6.18859e-11 	-1.90341e-10 	6.02358e-10
0.02      0.02    0.02    0.02    0.02    2.97 	0.191698 	-0.0459256 	-0.00122743 	5.20513e-13 	-2.10765e-13 	-3.1063e-14 	2.46374e-13 	1.35411e-14 	1.62529e-13 	6.25306e-10 	-1.01716e-09 	2.75237e-10 	1.65472e-09 	-4.47634e-10 	1.21196e-10
0.02      0.02    0.02    0.02    0.02    3.06 	0.191698 	-0.0459256 	-0.00122743 	5.20513e-13 	-2.10765e-13 	-3.1063e-14 	2.46374e-13 	1.35411e-14 	1.62529e-13 	6.25306e-10 	-1.01716e-09 	2.75237e-10 	1.65472e-09 	-4.47634e-10 	1.21196e-10
0.02      0.02    0.02    0.02    0.02    3.15 	0.170773 	-0.0304692 	-0.00923665 	4.56996e-13 	-1.99685e-13 	-4.26792e-14 	2.33577e-13 	-1.00692e-14 	1.55854e-13 	1.27835e-09 	-1.47449e-09 	3.8791e-09 	1.70089e-09 	-4.47445e-09 	1.1772e-08
0.02      0.02    0.02    0.02    0.02    3.24 	0.170773 	-0.0304692 	-0.00923665 	4.56996e-13 	-1.99685e-13 	-4.26792e-14 	2.33577e-13 	-1.00692e-14 	1.55854e-13 	1.27835e-09 	-1.47449e-09 	3.8791e-09 	1.70089e-09 	-4.47445e-09 	1.1772e-08
0.02      0.02    0.02    0.02    0.02    3.33 	0.147681 	-0.0112411 	0.0200091 	4.98e-13 	-1.97026e-13 	2.85126e-14 	2.02888e-13 	-1.84895e-14 	1.94932e-13 	1.37076e-09 	9.79498e-10 	1.02422e-10 	7.00044e-10 	7.32403e-11 	7.67493e-12
0.02      0.02    0.02    0.02    0.02    3.42 	0.147681 	-0.0112411 	0.0200091 	4.98e-13 	-1.97026e-13 	2.85126e-14 	2.02888e-13 	-1.84895e-14 	1.94932e-13 	1.37076e-09 	9.79498e-10 	1.02422e-10 	7.00044e-10 	7.32403e-11 	7.67493e-12
0.02      0.02    0.02    0.02    0.02    3.51 	0.147681 	-0.0112411 	0.0200091 	4.98e-13 	-1.97026e-13 	2.85126e-14 	2.02888e-13 	-1.84895e-14 	1.94932e-13 	1.37076e-09 	9.79498e-10 	1.02422e-10 	7.00044e-10 	7.32403e-11 	7.67493e-12
0.02      0.02    0.02    0.02    0.02    3.6 	0.153375 	0.0200975 	-0.0270305 	3.88447e-13 	-1.05143e-13 	-3.8194e-15 	1.33561e-13 	-3.0735e-15 	1.76862e-13 	2.75001e-10 	3.14706e-10 	-3.00458e-10 	3.60168e-10 	-3.43833e-10 	3.28277e-10
0.02      0.02    0.02    0.02    0.02    3.69 	0.153375 	0.0200975 	-0.0270305 	3.88447e-13 	-1.05143e-13 	-3.8194e-15 	1.33561e-13 	-3.0735e-15 	1.76862e-13 	2.75001e-10 	3.14706e-10 	-3.00458e-10 	3.60168e-10 	-3.43833e-10 	3.28277e-10
0.02      0.02    0.02    0.02    0.02    3.78 	0.162515 	0.0186524 	-0.000328201 	3.84533e-13 	-1.05417e-13 	3.71459e-14 	1.55836e-13 	1.43437e-14 	1.51488e-13 	1.56099e-10 	-2.52855e-10 	7.75302e-10 	4.11986e-10 	-1.25897e-09 	3.85496e-09
0.02      0.02    0.02    0.02    0.02    3.87 	0.162515 	0.0186524 	-0.000328201 	3.84533e-13 	-1.05417e-13 	3.71459e-14 	1.55836e-13 	1.43437e-14 	1.51488e-13 	1.56099e-10 	-2.52855e-10 	7.75302e-10 	4.11986e-10 	-1.25897e-09 	3.85496e-09
0.02      0.02    0.02    0.02    0.02    3.96 	0.155426 	0.030138 	-0.0111701 	3.41803e-13 	-8.09518e-14 	3.67036e-14 	1.54877e-13 	2.16914e-14 	1.52083e-13 	1.14174e-09 	2.04737e-09 	3.85645e-10 	3.67163e-09 	6.9157e-10 	1.30421e-10
0.02      0.02    0.02    0.02    0.02    4.05 	0.155426 	0.030138 	-0.0111701 	3.41803e-13 	-8.09518e-14 	3.67036e-14 	1.54877e-13 	2.16914e-14 	1.52083e-13 	1.14174e-09 	2.04737e-09 	3.85645e-10 	3.67163e-09 	6.9157e-10 	1.30421e-10
0.02      0.02    0.02    0.02    0.02    4.14 	0.136768 	0.00693407 	0.00263975 	3.92364e-13 	-1.04807e-13 	8.96606e-14 	1.7223e-13 	-3.14026e-14 	1.4412e-13 	2.05502e-09 	8.44727e-10 	3.38338e-09 	3.48198e-10 	1.39091e-09 	5.57043e-09
0.02      0.02    0.02    0.02    0.02    4.23 	0.136768 	0.00693407 	0.00263975 	3.92364e-13 	-1.04807e-13 	8.96606e-14 	1.7223e-13 	-3.14026e-14 	1.4412e-13 	2.05502e-09 	8.44727e-10 	3.38338e-09 	3.48198e-10 	1.39091e-09 	5.57043e-09
0.02      0.02    0.02    0.02    0.02    4.32 	0.152786 	0.00699871 	0.0175603 	5.38347e-13 	-1.82017e-13 	9.97757e-14 	2.24267e-13 	-2.21371e-14 	1.7683e-13 	3.14686e-10 	4.56462e-10 	-7.17712e-10 	6.62371e-10 	-1.04097e-09 	1.63716e-09
0.02      0.02    0.02    0.02    0.02    4.41 	0.152786 	0.00699871 	0.0175603 	5.38347e-13 	-1.82017e-13 	9.97757e-14 	2.24267e-13 	-2.21371e-14 	1.7683e-13 	3.14686e-10 	4.56462e-10 	-7.17712e-10 	6.62371e-10 	-1.04097e-09 	1.63716e-09
0.02      0.02    0.02    0.02    0.02    4.5 	0.152786 	0.00699871 	0.0175603 	5.38347e-13 	-1.82017e-13 	9.97757e-14 	2.24267e-13 	-2.21371e-14 	1.7683e-13 	3.14686e-10 	4.56462e-10 	-7.17712e-10 	6.62371e-10 	-1.04097e-09 	1.63716e-09
0.03      0.03    0.03    0.03    0.03    0 	0.178851 	-0.00967322 	0.0348482 	4.52344e-13 	-1.25839e-13 	7.94126e-14 	1.69542e-13 	-6.28315e-15 	1.62905e-13 	5.60708e-10 	-2.6298e-09 	-2.21915e-09 	1.23427e-08 	1.04137e-08 	8.7892e-09
0.03      0.03    0.03    0.03    0.03    0.09 	0.178851 	-0.00967322 	0.0348482 	4.52344e-13 	-1.25839e-13 	7.94126e-14 	1.69542e-13 	-6.28315e-15 	1.62905e-13 	5.60708e-10 	-2.6298e-09 	-2.21915e-09 	1.23427e-08 	1.04137e-08 	8.7892e-09
0.03      0.03    0.03    0.03    0.03    0.18 	0.178851 	-0.00967322 	0.0348482 	4.52344e-13 	-1.25839e-13 	7.94126e-14 	1.69542e-13 	-6.28315e-15 	1.62905e-13 	5.60708e-10 	-2.6298e-09 	-2.21915e-09 	1.23427e-08 	1.04137e-08 	8.7892e-09
0.03      0.03    0.03    0.03    0.03    0.27 	0.139629 	-0.0163169 	0.0393605 	4.03172e-13 	-1.15083e-13 	4.60668e-14 	1.44104e-13 	9.30068e-15 	1.90937e-13 	6.34845e-10 	9.23445e-11 	-3.27868e-10 	1.57335e-11 	-4.81482e-11 	1.70118e-10
0.03      0.03    0.03    0.03    0.03    0.36 	0.139629 	-0.0163169 	0.0393605 	4.03172e-13 	-1.15083e-13 	4.60668e-14 	1.44104e-13 	9.30068e-15 	1.90937e-13 	6.34845e-10 	9.23445e-11 	-3.27868e-10 	1.57335e-11 	-4.81482e-11 	1.70118e-10
0.03      0.03    0.03    0.03    0.03    0.45 	0.162707 	-0.00871172 	0.0114807 	4.36826e-13 	-1.17151e-13 	1.17032e-14 	1.50056e-13 	-1.02256e-15 	1.64105e-13 	1.23217e-10 	5.139e-10 	-4.63723e-10 	2.14895e-09 	-1.94411e-09 	1.76348e-09
0.03      0.03    0.03    0.03    0.03    0.54 	0.162707 	-0.00871172 	0.0114807 	4.36826e-13 	-1.17151e-13 	1.17032e-14 	1.50056e-13 	-1.02256e-15 	1.64105e-13 	1.23217e-10 	5.139e-10 	-4.63723e-10 	2.14895e-09 	-1.94411e-09 	1.76348e-09
0.03      0.03    0.03    0.03    0.03    0.63 	0.140391 	-0.0214837 	0.0343881 	3.54255e-13 	-1.26348e-13 	2.87192e-14 	1.68453e-13 	7.96962e-15 	1.23398e-13 	1.94916e-09 	8.43808e-11 	-9.09859e-10 	3.76001e-12 	-3.93843e-11 	4.24839e-10
0.03      0.03    0.03    0.03    0.03    0.72 	0.140391 	-0.0214837 	0.0343881 	3.54255e-13 	-1.26348e-13 	2.87192e-14 	1.68453e-13 	7.96962e-15 	1.23398e-13 	1.94916e-09 	8.43808e-11 	-9.09859e-10 	3.76001e-12 	-3.93843e-11 	4.24839e-10
0.03      0.03    0.03    0.03    0.03    0.81 	0.139123 	0.00287657 	0.0423755 	2.65485e-13 	-8.71038e-14 	4.3425e-15 	1.42083e-13 	1.81222e-14 	1.46356e-13 	4.04415e-10 	-6.69085e-10 	1.098e-09 	1.10701e-09 	-1.81669e-09 	2.98197e-09
0.03      0.03    0.03    0.03    0.03    0.9 	0.139123 	0.00287657 	0.0423755 	2.65485e-13 	-8.71038e-14 	4.3425e-15 	1.42083e-13 	1.81222e-14 	1.46356e-13 	4.04415e-10 	-6.69085e-10 	1.098e-09 	1.10701e-09 	-1.81669e-09 	2.98197e-09
0.03      0.03    0.03    0.03    0.03    0.99 	0.109697 	0.0126509 	0.00508563 	2.39905e-13 	-7.59532e-14 	-1.07177e-15 	1.27645e-13 	1.84331e-14 	1.61538e-13 	1.61142e-08 	-7.2196e-09 	-4.38496e-09 	3.23475e-09 	1.96473e-09 	1.19338e-09
0.03      0.03    0.03    0.03    0.03    1.08 	0.109697 	0.0126509 	0.00508563 	2.39905e-13 	-7.59532e-14 	-1.07177e-15 	1.27645e-13 	1.84331e-14 	1.61538e-13 	1.61142e-08 	-7.2196e-09 	-4.38496e-09 	3.23475e-09 	1.96473e-09 	1.19338e-09
0.03      0.03    0.03    0.03    0.03    1.17 	0.109697 	0.0126509 	0.00508563 	2.39905e-13 	-7.59532e-14 	-1.07177e-15 	1.27645e-13 	1.84331e-14 	1.61538e-13 	1.61142e-08 	-7.2196e-09 	-4.38496e-09 	3.23475e-09 	1.96473e-09 	1.19338e-09
0.03      0.03    0.03    0.03    0.03    1.26 	0.162301 	0.0329178 	-0.0182278 	2.74569e-13 	-9.82103e-14 	-1.72781e-14 	1.75101e-13 	1.13845e-14 	1.21222e-13 	2.79693e-10 	2.22499e-09 	-3.03049e-10 	1.77057e-08 	-2.41394e-09 	3.30366e-10
0.03      0.03    0.03    0.03    0.03    1.35 	0.162301 	0.0329178 	-0.0182278 	2.74569e-13 	-9.82103e-14 	-1.72781e-14 	1.75101e-13 	1.13845e-14 	1.21222e-13 	2.79693e-10 	2.22499e-09 	-3.03049e-10 	1.77057e-08 	-2.41394e-09 	3.30366e-10
0.03      0.03    0.03    0.03    0.03    1.44 	0.161403 	0.00665961 	0.0209684 	3.28517e-13 	-1.23036e-13 	-6.56247e-15 	1.48312e-13 	1.41704e-14 	1.35533e-13 	6.33868e-09 	3.25156e-09 	1.38468e-09 	1.66858e-09 	7.10234e-10 	3.02492e-10
0.03      0.03    0.03    0.03    0.03    1.53 	0.161403 	0.00665961 	0.0209684 	3.28517e-13 	-1.23036e-13 	-6.56247e-15 	1.48312e-13 	1.41704e-14 	1.35533e-13 	6.33868e-09 	3.25156e-09 	1.38468e-09 	1.66858e-09 	7.10234e-10 	3.02492e-10
0.03      0.03    0.03    0.03    0.03    1.62 	0.135304 	0.0110649 	-0.00974886 	2.99744e-13 	-1.17893e-13 	-5.66702e-15 	1.37023e-13 	-2.38132e-15 	1.43063e-13 	1.87658e-10 	-3.38049e-10 	3.01848e-10 	6.0984e-10 	-5.44091e-10 	4.85997e-10
0.03      0.03    0.03    0.03    0.03    1.71 	0.135304 	0.0110649 	-0.00974886 	2.99744e-13 	-1.17893e-13 	-5.66702e-15 	1.37023e-13 	-2.38132e-15 	1.43063e-13 	1.87658e-10 	-3.38049e-10 	3.01848e-10 	6.0984e-10 	-5.44091e-10 	4.85997e-10
0.03      0.03    0.03    0.03    0.03    1.8 	0.118203 	0.0177953 	-0.00464467 	3.3829e-13 	-1.28523e-13 	-1.41609e-14 	1.4211e-13 	-3.39576e-15 	1.12316e-13 	2.05232e-09 	7.87583e-10 	-2.90232e-09 	3.02928e-10 	-1.11517e-09 	4.10724e-09
0.03      0.03    0.03    0.03    0.03    1.89 	0.118203 	0.0177953 	-0.00464467 	3.3829e-13 	-1.28523e-13 	-1.41609e-14 	1.4211e-13 	-3.39576e-15 	1.12316e-13 	2.05232e-09 	7.87583e-10 	-2.90232e-09 	3.02928e-10 	-1.11517e-09 	4.10724e-09
0.03      0.03    0.03    0.03    0.03    1.98 	0.145761 	0.0132467 	0.00896196 	2.93413e-13 	-1.12329e-13 	-3.6369e-14 	1.46772e-13 	1.11215e-14 	1.21606e-13 	6.55426e-09 	-1.12089e-08 	-2.75986e-09 	1.917e-08 	4.7202e-09 	1.16263e-09
0.03      0.03    0.03    0.03    0.03    2.07 	0.145761 	0.0132467 	0.00896196 	2.93413e-13 	-1.12329e-13 	-3.6369e-14 	1.46772e-13 	1.11215e-14 	1.21606e-13 	6.55426e-09 	-1.12089e-08 	-2.75986e-09 	1.917e-08 	4.7202e-09 	1.16263e-09
0.03      0.03    0.03    0.03    0.03    2.16 	0.125619 	0.0304285 	-0.00126737 	2.62567e-13 	-7.14731e-14 	-3.70528e-14 	1.20882e-13 	1.11859e-14 	1.69468e-13 	1.67554e-10 	4.53157e-10 	-2.74167e-10 	1.2266e-09 	-7.41349e-10 	4.48988e-10
0.03      0.03    0.03    0.03    0.03    2.25 	0.125619 	0.0304285 	-0.00126737 	2.62567e-13 	-7.14731e-14 	-3.70528e-14 	1.20882e-13 	1.11859e-14 	1.69468e-13 	1.67554e-10 	4.53157e-10 	-2.74167e-10 	1.2266e-09 	-7.41349e-10 	4.48988e-10
0.03      0.03    0.03    0.03    0.03    2.34 	0.125619 	0.0304285 	-0.00126737 	2.62567e-13 	-7.14731e-14 	-3.70528e-14 	1.20882e-13 	1.11859e-14 	1.69468e-13 	1.67554e-10 	4.53157e-10 	-2.74167e-10 	1.2266e-09 	-7.41349e-10 	4.48988e-10
0.03      0.03    0.03    0.03    0.03    2.43 	0.151872 	0.0132166 	-0.00226159 	2.66208e-13 	-8.4984e-14 	-2.45355e-14 	1.40214e-13 	1.06045e-14 	1.93857e-13 	1.02128e-08 	-6.61114e-10 	-1.78227e-08 	4.35062e-11 	1.15244e-09 	3.1106e-08
0.03      0.03    0.03    0.03    0.03    2.52 	0.151872 	0.0132166 	-0.00226159 	2.66208e-13 	-8.4984e-14 	-2.45355e-14 	1.40214e-13 	1.06045e-14 	1.93857e-13 	1.02128e-08 	-6.61114e-10 	-1.78227e-08 	4.35062e-11 	1.15244e-09 	3.1106e-08
0.03      0.03    0.03    0.03    0.03    2.61 	0.161064 	0.00849106 	-0.0171496 	3.1688e-13 	-8.64486e-14 	-2.29263e-14 	1.27901e-13 	-2.47593e-14 	2.13318e-13 	4.13451e-10 	-6.46071e-10 	8.78347e-10 	1.01025e-09 	-1.37348e-09 	1.86775e-09
0.03      0.03    0.03    0.03    0.03    2.7 	0.161064 	0.00849106 	-0.0171496 	3.1688e-13 	-8.64486e-14 	-2.29263e-14 	1.27901e-13 	-2.47593e-14 	2.13318e-13 	4.13451e-10 	-6.46071e-10 	8.78347e-10 	1.01025e-09 	-1.37348e-09 	1.86775e-09
0.03      0.03    0.03    0.03    0.03    2.79 	0.161769 	-0.00305066 	0.000252025 	4.53772e-13 	-1.55961e-13 	-3.23678e-14 	1.80749e-13 	1.04165e-14 	2.03005e-13 	4.01602e-12 	-1.70024e-11 	6.48037e-11 	8.05155e-11 	-3.32804e-10 	1.49761e-09
0.03      0.03    0.03    0.03    0.03    2.88 	0.161769 	-0.00305066 	0.000252025 	4.53772e-13 	-1.55961e-13 	-3.23678e-14 	1.80749e-13 	1.04165e-14 	2.03005e-13 	4.01602e-12 	-1.70024e-11 	6.48037e-11 	8.05155e-11 	-3.32804e-10 	1.49761e-09
0.03      0.03    0.03    0.03    0.03    2.97 	0.191651 	-0.0458459 	-0.00124731 	5.19817e-13 	-2.10377e-13 	-3.10844e-14 	2.46097e-13 	1.35739e-14 	1.6247e-13 	1.52297e-09 	-2.51071e-09 	6.63971e-10 	4.13961e-09 	-1.09442e-09 	2.89538e-10
0.03      0.03    0.03    0.03    0.03    3.06 	0.191651 	-0.0458459 	-0.00124731 	5.19817e-13 	-2.10377e-13 	-3.10844e-14 	2.46097e-13 	1.35739e-14 	1.6247e-13 	1.52297e-09 	-2.51071e-09 	6.63971e-10 	4.13961e-09 	-1.09442e-09 	2.89538e-10
0.03      0.03    0.03    0.03    0.03    3.15 	0.170717 	-0.0304003 	-0.00943114 	4.56984e-13 	-1.9968e-13 	-4.27675e-14 	2.33632e-13 	-1.00156e-14 	1.55839e-13 	2.72183e-09 	-3.21549e-09 	8.64476e-09 	3.79992e-09 	-1.02188e-08 	2.74902e-08
0.03      0.03    0.03    0.03    0.03    3.24 	0.170717 	-0.0304003 	-0.00943114 	4.56984e-13 	-1.9968e-13 	-4.27675e-14 	2.33632e-13 	-1.00156e-14 	1.55839e-13 	2.72183e-09 	-3.21549e-09 	8.64476e-09 	3.79992e-09 	-1.02188e-08 	2.74902e-08
0.03      0.03    0.03    0.03    0.03    3.33 	0.14762 	-0.0112871 	0.0200041 	4.98211e-13 	-1.97075e-13 	2.8376e-14 	2.0289e-13 	-1.8507e-14 	1.94908e-13 	3.06872e-09 	2.21897e-09 	2.32862e-10 	1.60479e-09 	1.68456e-10 	1.76941e-11
0.03      0.03    0.03    0.03    0.03    3.42 	0.14762 	-0.0112871 	0.0200041 	4.98211e-13 	-1.97075e-13 	2.8376e-14 	2.0289e-13 	-1.8507e-14 	1.94908e-13 	3.06872e-09 	2.21897e-09 	2.32862e-10 	1.60479e-09 	1.68456e-10 	1.76941e-11
0.03      0.03    0.03    0.03    0.03    3.51 	0.14762 	-0.0112871 	0.0200041 	4.98211e-13 	-1.97075e-13 	2.8376e-14 	2.0289e-13 	-1.8507e-14 	1.94908e-13 	3.06872e-09 	2.21897e-09 	2.32862e-10 	1.60479e-09 	1.68456e-10 	1.76941e-11
0.03      0.03    0.03    0.03    0.03    3.6 	0.153346 	0.0200659 	-0.0269965 	3.88609e-13 	-1.05269e-13 	-3.59781e-15 	1.33597e-13 	-3.15953e-15 	1.76833e-13 	6.3833e-10 	7.14223e-10 	-7.1332e-10 	7.99351e-10 	-7.97921e-10 	7.97344e-10
0.03      0.03    0.03    0.03    0.03    3.69 	0.153346 	0.0200659 	-0.0269965 	3.88609e-13 	-1.05269e-13 	-3.59781e-15 	1.33597e-13 	-3.15953e-15 	1.76833e-13 	6.3833e-10 	7.14223e-10 	-7.1332e-10 	7.99351e-10 	-7.97921e-10 	7.97344e-10
0.03      0.03    0.03    0.03    0.03    3.78 	0.162535 	0.0186178 	-0.00021409 	3.84549e-13 	-1.05474e-13 	3.73099e-14 	1.55891e-13 	1.42364e-14 	1.51383e-13 	3.31745e-10 	-5.59151e-10 	1.73933e-09 	9.44723e-10 	-2.93625e-09 	9.13492e-09
0.03      0.03    0.03    0.03    0.03    3.87 	0.162535 	0.0186178 	-0.00021409 	3.84549e-13 	-1.05474e-13 	3.73099e-14 	1.55891e-13 	1.42364e-14 	1.51383e-13 	3.31745e-10 	-5.59151e-10 	1.73933e-09 	9.44723e-10 	-2.93625e-09 	9.13492e-09
0.03      0.03    0.03    0.03    0.03    3.96 	0.155489 	0.0302389 	-0.0111462 	3.41835e-13 	-8.10321e-14 	3.67626e-14 	1.54864e-13 	2.16973e-14 	1.52127e-13 	2.72985e-09 	4.71087e-09 	9.73914e-10 	8.13623e-09 	1.67908e-09 	3.47986e-10
0.03      0.03    0.03    0.03    0.03    4.05 	0.155489 	0.0302389 	-0.0111462 	3.41835e-13 	-8.10321e-14 	3.67626e-14 	1.54864e-13 	2.16973e-14 	1.52127e-13 	2.72985e-09 	4.71087e-09 	9.73914e-10 	8.13623e-09 	1.67908e-09 	3.47986e-10
0.03      0.03    0.03    0.03    0.03    4.14 	0.136849 	0.00696034 	0.00276995 	3.92615e-13 	-1.04907e-13 	8.97723e-14 	1.72304e-13 	-3.1462e-14 	1.44115e-13 	4.79426e-09 	1.79503e-09 	7.82332e-09 	6.7561e-10 	2.93048e-09 	1.27667e-08
0.03      0.03    0.03    0.03    0.03    4.23 	0.136849 	0.00696034 	0.00276995 	3.92615e-13 	-1.04907e-13 	8.97723e-14 	1.72304e-13 	-3.1462e-14 	1.44115e-13 	4.79426e-09 	1.79503e-09 	7.82332e-09 	6.7561e-10 	2.93048e-09 	1.27667e-08
0.03      0.03    0.03    0.03    0.03    4.32 	0.152751 	0.00694851 	0.0176279 	5.38093e-13 	-1.82081e-13 	9.97386e-14 	2.24262e-13 	-2.20641e-14 	1.76805e-13 	7.85158e-10 	1.14457e-09 	-1.68857e-09 	1.6687e-09 	-2.46133e-09 	3.63783e-09
0.03      0.03    0.03    0.03    0.03    4.41 	0.152751 	0.00694851 	0.0176279 	5.38093e-13 	-1.82081e-13 	9.97386e-14 	2.24262e-13 	-2.20641e-14 	1.76805e-13 	7.85158e-10 	1.14457e-09 	-1.68857e-09 	1.6687e-09 	-2.46133e-09 	3.63783e-09
0.03      0.03    0.03    0.03    0.03    4.5 	0.152751 	0.00694851 	0.0176279 	5.38093e-13 	-1.82081e-13 	9.97386e-14 	2.24262e-13 	-2.20641e-14 	1.76805e-13 	7.85158e-10 	1.14457e-09 	-1.68857e-09 	1.6687e-09 	-2.46133e-09 	3.63783e-09
0.1      0.1    0.1    0.1    0.1    0 	0.179071 	-0.0103634 	0.0339704 	4.49504e-13 	-1.25684e-13 	7.68593e-14 	1.69805e-13 	-5.53329e-15 	1.61822e-13 	7.63166e-09 	-2.66854e-08 	-3.05667e-08 	9.45718e-08 	1.06934e-07 	1.22434e-07
0.1      0.1    0.1    0.1    0.1    0.09 	0.179071 	-0.0103634 	0.0339704 	4.49504e-13 	-1.25684e-13 	7.68593e-14 	1.69805e-13 	-5.53329e-15 	1.61822e-13 	7.63166e-09 	-2.66854e-08 	-3.05667e-08 	9.45718e-08 	1.06934e-07 	1.22434e-07
0.1      0.1    0.1    0.1    0.1    0.18 	0.179071 	-0.0103634 	0.0339704 	4.49504e-13 	-1.25684e-13 	7.68593e-14 	1.69805e-13 	-5.53329e-15 	1.61822e-13 	7.63166e-09 	-2.66854e-08 	-3.05667e-08 	9.45718e-08 	1.06934e-07 	1.22434e-07
0.1      0.1    0.1    0.1    0.1    0.27 	0.139836 	-0.0161841 	0.039337 	4.04664e-13 	-1.1447e-13 	4.46038e-14 	1.43501e-13 	9.92863e-15 	1.91114e-13 	7.1251e-09 	3.90297e-09 	-1.56282e-09 	2.22146e-09 	-7.72656e-10 	4.33513e-10
0.1      0.1    0.1    0.1    0.1    0.36 	0.139836 	-0.0161841 	0.039337 	4.04664e-13 	-1.1447e-13 	4.46038e-14 	1.43501e-13 	9.92863e-15 	1.91114e-13 	7.1251e-09 	3.90297e-09 	-1.56282e-09 	2.22146e-09 	-7.72656e-10 	4.33513e-10
0.1      0.1    0.1    0.1    0.1    0.45 	0.16292 	-0.00818289 	0.0111716 	4.35415e-13 	-1.16225e-13 	1.07154e-14 	1.49929e-13 	-5.13829e-16 	1.63864e-13 	5.93354e-09 	1.56799e-08 	-9.82061e-09 	4.17864e-08 	-2.63979e-08 	1.68234e-08
0.1      0.1    0.1    0.1    0.1    0.54 	0.16292 	-0.00818289 	0.0111716 	4.35415e-13 	-1.16225e-13 	1.07154e-14 	1.49929e-13 	-5.13829e-16 	1.63864e-13 	5.93354e-09 	1.56799e-08 	-9.82061e-09 	4.17864e-08 	-2.63979e-08 	1.68234e-08
0.1      0.1    0.1    0.1    0.1    0.63 	0.14075 	-0.0215263 	0.0342122 	3.54505e-13 	-1.25614e-13 	2.82507e-14 	1.68122e-13 	8.61858e-15 	1.23503e-13 	2.20479e-08 	-1.695e-09 	-1.05276e-08 	1.72744e-10 	8.20517e-10 	5.03037e-09
0.1      0.1    0.1    0.1    0.1    0.72 	0.14075 	-0.0215263 	0.0342122 	3.54505e-13 	-1.25614e-13 	2.82507e-14 	1.68122e-13 	8.61858e-15 	1.23503e-13 	2.20479e-08 	-1.695e-09 	-1.05276e-08 	1.72744e-10 	8.20517e-10 	5.03037e-09
0.1      0.1    0.1    0.1    0.1    0.81 	0.139012 	0.00310491 	0.0419155 	2.65238e-13 	-8.65328e-14 	3.67891e-15 	1.41456e-13 	1.7965e-14 	1.4643e-13 	2.63773e-09 	-5.0616e-09 	9.59259e-09 	9.75531e-09 	-1.85565e-08 	3.5409e-08
0.1      0.1    0.1    0.1    0.1    0.9 	0.139012 	0.00310491 	0.0419155 	2.65238e-13 	-8.65328e-14 	3.67891e-15 	1.41456e-13 	1.7965e-14 	1.4643e-13 	2.63773e-09 	-5.0616e-09 	9.59259e-09 	9.75531e-09 	-1.85565e-08 	3.5409e-08
0.1      0.1    0.1    0.1    0.1    0.99 	0.108701 	0.013105 	0.00535953 	2.39712e-13 	-7.54429e-14 	-6.54565e-16 	1.26785e-13 	1.79303e-14 	1.62327e-13 	1.7208e-07 	-7.80598e-08 	-4.69533e-08 	3.5411e-08 	2.13002e-08 	1.28127e-08
0.1      0.1    0.1    0.1    0.1    1.08 	0.108701 	0.013105 	0.00535953 	2.39712e-13 	-7.54429e-14 	-6.54565e-16 	1.26785e-13 	1.79303e-14 	1.62327e-13 	1.7208e-07 	-7.80598e-08 	-4.69533e-08 	3.5411e-08 	2.13002e-08 	1.28127e-08
0.1      0.1    0.1    0.1    0.1    1.17 	0.108701 	0.013105 	0.00535953 	2.39712e-13 	-7.54429e-14 	-6.54565e-16 	1.26785e-13 	1.79303e-14 	1.62327e-13 	1.7208e-07 	-7.80598e-08 	-4.69533e-08 	3.5411e-08 	2.13002e-08 	1.28127e-08
0.1      0.1    0.1    0.1    0.1    1.26 	0.162419 	0.0338199 	-0.0184323 	2.75156e-13 	-9.90181e-14 	-1.71474e-14 	1.74788e-13 	1.11262e-14 	1.21676e-13 	2.54001e-09 	1.9774e-08 	-4.0155e-09 	1.53997e-07 	-3.12113e-08 	6.40808e-09
0.1      0.1    0.1    0.1    0.1    1.35 	0.162419 	0.0338199 	-0.0184323 	2.75156e-13 	-9.90181e-14 	-1.71474e-14 	1.74788e-13 	1.11262e-14 	1.21676e-13 	2.54001e-09 	1.9774e-08 	-4.0155e-09 	1.53997e-07 	-3.12113e-08 	6.40808e-09
0.1      0.1    0.1    0.1    0.1    1.44 	0.161897 	0.00697016 	0.0210777 	3.28582e-13 	-1.22868e-13 	-7.29658e-15 	1.48401e-13 	1.45326e-14 	1.35286e-13 	4.79972e-08 	2.86346e-08 	1.05749e-08 	1.71283e-08 	6.31049e-09 	2.32996e-09
0.1      0.1    0.1    0.1    0.1    1.53 	0.161897 	0.00697016 	0.0210777 	3.28582e-13 	-1.22868e-13 	-7.29658e-15 	1.48401e-13 	1.45326e-14 	1.35286e-13 	4.79972e-08 	2.86346e-08 	1.05749e-08 	1.71283e-08 	6.31049e-09 	2.32996e-09
0.1      0.1    0.1    0.1    0.1    1.62 	0.135146 	0.0111457 	-0.00993558 	2.99784e-13 	-1.18419e-13 	-5.37425e-15 	1.37454e-13 	-2.6298e-15 	1.4283e-13 	3.61128e-09 	-2.68183e-09 	4.51758e-09 	2.29809e-09 	-3.44584e-09 	5.67861e-09
0.1      0.1    0.1    0.1    0.1    1.71 	0.135146 	0.0111457 	-0.00993558 	2.99784e-13 	-1.18419e-13 	-5.37425e-15 	1.37454e-13 	-2.6298e-15 	1.4283e-13 	3.61128e-09 	-2.68183e-09 	4.51758e-09 	2.29809e-09 	-3.44584e-09 	5.67861e-09
0.1      0.1    0.1    0.1    0.1    1.8 	0.117948 	0.0175871 	-0.00407725 	3.38246e-13 	-1.28763e-13 	-1.39486e-14 	1.42239e-13 	-3.37834e-15 	1.1225e-13 	1.36142e-08 	9.10761e-09 	-2.66731e-08 	6.31773e-09 	-1.82523e-08 	5.30017e-08
0.1      0.1    0.1    0.1    0.1    1.89 	0.117948 	0.0175871 	-0.00407725 	3.38246e-13 	-1.28763e-13 	-1.39486e-14 	1.42239e-13 	-3.37834e-15 	1.1225e-13 	1.36142e-08 	9.10761e-09 	-2.66731e-08 	6.31773e-09 	-1.82523e-08 	5.30017e-08
0.1      0.1    0.1    0.1    0.1    1.98 	0.146368 	0.0122218 	0.00882318 	2.94396e-13 	-1.1308e-13 	-3.64725e-14 	1.46109e-13 	1.08124e-14 	1.22116e-13 	6.49316e-08 	-1.10247e-07 	-1.82477e-08 	1.87192e-07 	3.10067e-08 	5.30904e-09
0.1      0.1    0.1    0.1    0.1    2.07 	0.146368 	0.0122218 	0.00882318 	2.94396e-13 	-1.1308e-13 	-3.64725e-14 	1.46109e-13 	1.08124e-14 	1.22116e-13 	6.49316e-08 	-1.10247e-07 	-1.82477e-08 	1.87192e-07 	3.10067e-08 	5.30904e-09
0.1      0.1    0.1    0.1    0.1    2.16 	0.125739 	0.0306786 	-0.00153253 	2.64128e-13 	-7.20125e-14 	-3.68556e-14 	1.20657e-13 	1.02857e-14 	1.6914e-13 	2.28947e-09 	5.13313e-09 	-4.83047e-09 	1.1612e-08 	-1.07918e-08 	1.02146e-08
0.1      0.1    0.1    0.1    0.1    2.25 	0.125739 	0.0306786 	-0.00153253 	2.64128e-13 	-7.20125e-14 	-3.68556e-14 	1.20657e-13 	1.02857e-14 	1.6914e-13 	2.28947e-09 	5.13313e-09 	-4.83047e-09 	1.1612e-08 	-1.07918e-08 	1.02146e-08
0.1      0.1    0.1    0.1    0.1    2.34 	0.125739 	0.0306786 	-0.00153253 	2.64128e-13 	-7.20125e-14 	-3.68556e-14 	1.20657e-13 	1.02857e-14 	1.6914e-13 	2.28947e-09 	5.13313e-09 	-4.83047e-09 	1.1612e-08 	-1.07918e-08 	1.02146e-08
0.1      0.1    0.1    0.1    0.1    2.43 	0.151139 	0.0133022 	-0.00096228 	2.66116e-13 	-8.52062e-14 	-2.40942e-14 	1.40265e-13 	1.04989e-14 	1.93621e-13 	9.77232e-08 	-1.03565e-08 	-1.71583e-07 	1.10955e-09 	1.81958e-08 	3.0129e-07
0.1      0.1    0.1    0.1    0.1    2.52 	0.151139 	0.0133022 	-0.00096228 	2.66116e-13 	-8.52062e-14 	-2.40942e-14 	1.40265e-13 	1.04989e-14 	1.93621e-13 	9.77232e-08 	-1.03565e-08 	-1.71583e-07 	1.10955e-09 	1.81958e-08 	3.0129e-07
0.1      0.1    0.1    0.1    0.1    2.61 	0.16114 	0.00820165 	-0.0168284 	3.15999e-13 	-8.65243e-14 	-2.28482e-14 	1.2814e-13 	-2.46001e-14 	2.13363e-13 	1.72226e-09 	-4.60651e-09 	5.50804e-09 	1.32966e-08 	-1.56214e-08 	1.84268e-08
0.1      0.1    0.1    0.1    0.1    2.7 	0.16114 	0.00820165 	-0.0168284 	3.15999e-13 	-8.65243e-14 	-2.28482e-14 	1.2814e-13 	-2.46001e-14 	2.13363e-13 	1.72226e-09 	-4.60651e-09 	5.50804e-09 	1.32966e-08 	-1.56214e-08 	1.84268e-08
0.1      0.1    0.1    0.1    0.1    2.79 	0.161809 	-0.0030526 	0.000632436 	4.53076e-13 	-1.55997e-13 	-3.32624e-14 	1.81015e-13 	1.11214e-14 	2.02292e-13 	1.77552e-10 	-4.77174e-11 	1.93863e-09 	5.29731e-11 	-7.24018e-10 	2.29638e-08
0.1      0.1    0.1    0.1    0.1    2.88 	0.161809 	-0.0030526 	0.000632436 	4.53076e-13 	-1.55997e-13 	-3.32624e-14 	1.81015e-13 	1.11214e-14 	2.02292e-13 	1.77552e-10 	-4.77174e-11 	1.93863e-09 	5.29731e-11 	-7.24018e-10 	2.29638e-08
0.1      0.1    0.1    0.1    0.1    2.97 	0.191285 	-0.0451494 	-0.00135211 	5.14921e-13 	-2.07634e-13 	-3.12215e-14 	2.44147e-13 	1.37865e-14 	1.62058e-13 	2.13985e-08 	-3.9607e-08 	6.85913e-09 	7.33813e-08 	-1.26492e-08 	2.22936e-09
0.1      0.1    0.1    0.1    0.1    3.06 	0.191285 	-0.0451494 	-0.00135211 	5.14921e-13 	-2.07634e-13 	-3.12215e-14 	2.44147e-13 	1.37865e-14 	1.62058e-13 	2.13985e-08 	-3.9607e-08 	6.85913e-09 	7.33813e-08 	-1.26492e-08 	2.22936e-09
0.1      0.1    0.1    0.1    0.1    3.15 	0.170443 	-0.0300531 	-0.0107841 	4.56898e-13 	-1.99626e-13 	-4.33239e-14 	2.34023e-13 	-9.65476e-15 	1.5574e-13 	1.62625e-08 	-2.03087e-08 	7.07886e-08 	2.5368e-08 	-8.85491e-08 	3.12286e-07
0.1      0.1    0.1    0.1    0.1    3.24 	0.170443 	-0.0300531 	-0.0107841 	4.56898e-13 	-1.99626e-13 	-4.33239e-14 	2.34023e-13 	-9.65476e-15 	1.5574e-13 	1.62625e-08 	-2.03087e-08 	7.07886e-08 	2.5368e-08 	-8.85491e-08 	3.12286e-07
0.1      0.1    0.1    0.1    0.1    3.33 	0.147339 	-0.0115729 	0.0199482 	4.99774e-13 	-1.97426e-13 	2.73986e-14 	2.02921e-13 	-1.86189e-14 	1.94735e-13 	1.80112e-08 	1.62932e-08 	2.65991e-09 	1.48867e-08 	2.47171e-09 	4.22113e-10
0.1      0.1    0.1    0.1    0.1    3.42 	0.147339 	-0.0115729 	0.0199482 	4.99774e-13 	-1.97426e-13 	2.73986e-14 	2.02921e-13 	-1.86189e-14 	1.94735e-13 	1.80112e-08 	1.62932e-08 	2.65991e-09 	1.48867e-08 	2.47171e-09 	4.22113e-10
0.1      0.1    0.1    0.1    0.1    3.51 	0.147339 	-0.0115729 	0.0199482 	4.99774e-13 	-1.97426e-13 	2.73986e-14 	2.02921e-13 	-1.86189e-14 	1.94735e-13 	1.80112e-08 	1.62932e-08 	2.65991e-09 	1.48867e-08 	2.47171e-09 	4.22113e-10
0.1      0.1    0.1    0.1    0.1    3.6 	0.153165 	0.0198672 	-0.026736 	3.89824e-13 	-1.06183e-13 	-2.03819e-15 	1.3389e-13 	-3.76021e-15 	1.76649e-13 	6.07853e-09 	6.56791e-09 	-8.13174e-09 	7.09879e-09 	-8.79022e-09 	1.09259e-08
0.1      0.1    0.1    0.1    0.1    3.69 	0.153165 	0.0198672 	-0.026736 	3.89824e-13 	-1.06183e-13 	-2.03819e-15 	1.3389e-13 	-3.76021e-15 	1.76649e-13 	6.07853e-09 	6.56791e-09 	-8.13174e-09 	7.09879e-09 	-8.79022e-09 	1.09259e-08
0.1      0.1    0.1    0.1    0.1    3.78 	0.162678 	0.0184802 	0.000695517 	3.84648e-13 	-1.05875e-13 	3.84447e-14 	1.56279e-13 	1.34787e-14 	1.50676e-13 	3.43606e-09 	-4.01707e-09 	2.12053e-08 	4.8644e-09 	-2.46403e-08 	1.31048e-07
0.1      0.1    0.1    0.1    0.1    3.87 	0.162678 	0.0184802 	0.000695517 	3.84648e-13 	-1.05875e-13 	3.84447e-14 	1.56279e-13 	1.34787e-14 	1.50676e-13 	3.43606e-09 	-4.01707e-09 	2.12053e-08 	4.8644e-09 	-2.46403e-08 	1.31048e-07
0.1      0.1    0.1    0.1    0.1    3.96 	0.155971 	0.0307908 	-0.0109556 	3.4204e-13 	-8.16113e-14 	3.71671e-14 	1.54784e-13 	2.17376e-14 	1.52444e-13 	3.75566e-08 	4.75103e-08 	1.46866e-08 	6.07697e-08 	1.85498e-08 	5.74491e-09
0.1      0.1    0.1    0.1    0.1    4.05 	0.155971 	0.0307908 	-0.0109556 	3.4204e-13 	-8.16113e-14 	3.71671e-14 	1.54784e-13 	2.17376e-14 	1.52444e-13 	3.75566e-08 	4.75103e-08 	1.46866e-08 	6.07697e-08 	1.85498e-08 	5.74491e-09
0.1      0.1    0.1    0.1    0.1    4.14 	0.137407 	0.00711342 	0.00359362 	3.94364e-13 	-1.05598e-13 	9.05266e-14 	1.72834e-13 	-3.18628e-14 	1.44092e-13 	5.33915e-08 	1.54012e-08 	8.0793e-08 	4.46198e-09 	2.33405e-08 	1.22342e-07
0.1      0.1    0.1    0.1    0.1    4.23 	0.137407 	0.00711342 	0.00359362 	3.94364e-13 	-1.05598e-13 	9.05266e-14 	1.72834e-13 	-3.18628e-14 	1.44092e-13 	5.33915e-08 	1.54012e-08 	8.0793e-08 	4.46198e-09 	2.33405e-08 	1.22342e-07
0.1      0.1    0.1    0.1    0.1    4.32 	0.152468 	0.00659073 	0.0180003 	5.36265e-13 	-1.82491e-13 	9.94684e-14 	2.24198e-13 	-2.15498e-14 	1.7665e-13 	1.25073e-08 	1.63831e-08 	-1.83884e-08 	2.1494e-08 	-2.42014e-08 	2.7438e-08
0.1      0.1    0.1    0.1    0.1    4.41 	0.152468 	0.00659073 	0.0180003 	5.36265e-13 	-1.82491e-13 	9.94684e-14 	2.24198e-13 	-2.15498e-14 	1.7665e-13 	1.25073e-08 	1.63831e-08 	-1.83884e-08 	2.1494e-08 	-2.42014e-08 	2.7438e-08
0.1      0.1    0.1    0.1    0.1    4.5 	0.152468 	0.00659073 	0.0180003 	5.36265e-13 	-1.82491e-13 	9.94684e-14 	2.24198e-13 	-2.15498e-14 	1.7665e-13 	1.25073e-08 	1.63831e-08 	-1.83884e-08 	2.1494e-08 	-2.42014e-08 	2.7438e-08
0.2      0.2    0.2    0.2    0.2    0 	0.17941 	-0.0110429 	0.0324932 	4.45254e-13 	-1.25413e-13 	7.31823e-14 	1.70166e-13 	-4.42908e-15 	1.60339e-13 	3.58499e-08 	-9.20939e-08 	-1.48098e-07 	2.42258e-07 	3.79351e-07 	6.12199e-07
0.2      0.2    0.2    0.2    0.2    0.09 	0.17941 	-0.0110429 	0.0324932 	4.45254e-13 	-1.25413e-13 	7.31823e-14 	1.70166e-13 	-4.42908e-15 	1.60339e-13 	3.58499e-08 	-9.20939e-08 	-1.48098e-07 	2.42258e-07 	3.79351e-07 	6.12199e-07
0.2      0.2    0.2    0.2    0.2    0.18 	0.17941 	-0.0110429 	0.0324932 	4.45254e-13 	-1.25413e-13 	7.31823e-14 	1.70166e-13 	-4.42908e-15 	1.60339e-13 	3.58499e-08 	-9.20939e-08 	-1.48098e-07 	2.42258e-07 	3.79351e-07 	6.12199e-07
0.2      0.2    0.2    0.2    0.2    0.27 	0.140178 	-0.0159578 	0.0394156 	4.06882e-13 	-1.13655e-13 	4.23888e-14 	1.42712e-13 	1.08015e-14 	1.91338e-13 	3.33181e-08 	2.16951e-08 	2.18046e-09 	1.42135e-08 	1.57371e-09 	6.29384e-10
0.2      0.2    0.2    0.2    0.2    0.36 	0.140178 	-0.0159578 	0.0394156 	4.06882e-13 	-1.13655e-13 	4.23888e-14 	1.42712e-13 	1.08015e-14 	1.91338e-13 	3.33181e-08 	2.16951e-08 	2.18046e-09 	1.42135e-08 	1.57371e-09 	6.29384e-10
0.2      0.2    0.2    0.2    0.2    0.45 	0.163331 	-0.00727419 	0.0107098 	4.33335e-13 	-1.14973e-13 	9.33387e-15 	1.49803e-13 	1.84028e-16 	1.63488e-13 	4.22498e-08 	9.78331e-08 	-5.31038e-08 	2.27117e-07 	-1.23682e-07 	6.76367e-08
0.2      0.2    0.2    0.2    0.2    0.54 	0.163331 	-0.00727419 	0.0107098 	4.33335e-13 	-1.14973e-13 	9.33387e-15 	1.49803e-13 	1.84028e-16 	1.63488e-13 	4.22498e-08 	9.78331e-08 	-5.31038e-08 	2.27117e-07 	-1.23682e-07 	6.76367e-08
0.2      0.2    0.2    0.2    0.2    0.63 	0.141229 	-0.0216589 	0.0338973 	3.54806e-13 	-1.24513e-13 	2.75744e-14 	1.67614e-13 	9.53248e-15 	1.23667e-13 	8.26553e-08 	-1.57e-08 	-4.63905e-08 	3.22833e-09 	9.01355e-09 	2.62229e-08
0.2      0.2    0.2    0.2    0.2    0.72 	0.141229 	-0.0216589 	0.0338973 	3.54806e-13 	-1.24513e-13 	2.75744e-14 	1.67614e-13 	9.53248e-15 	1.23667e-13 	8.26553e-08 	-1.57e-08 	-4.63905e-08 	3.22833e-09 	9.01355e-09 	2.62229e-08
0.2      0.2    0.2    0.2    0.2    0.81 	0.138924 	0.00336089 	0.0412082 	2.64894e-13 	-8.57243e-14 	2.71116e-15 	1.40577e-13 	1.77479e-14 	1.46523e-13 	5.46023e-09 	-1.25092e-08 	2.83154e-08 	2.90177e-08 	-6.64119e-08 	1.53497e-07
0.2      0.2    0.2    0.2    0.2    0.9 	0.138924 	0.00336089 	0.0412082 	2.64894e-13 	-8.57243e-14 	2.71116e-15 	1.40577e-13 	1.77479e-14 	1.46523e-13 	5.46023e-09 	-1.25092e-08 	2.83154e-08 	2.90177e-08 	-6.64119e-08 	1.53497e-07
0.2      0.2    0.2    0.2    0.2    0.99 	0.10735 	0.0137424 	0.00576799 	2.39526e-13 	-7.47561e-14 	-5.80135e-17 	1.25599e-13 	1.72012e-14 	1.63409e-13 	6.43955e-07 	-2.97913e-07 	-1.84868e-07 	1.37839e-07 	8.55497e-08 	5.31112e-08
0.2      0.2    0.2    0.2    0.2    1.08 	0.10735 	0.0137424 	0.00576799 	2.39526e-13 	-7.47561e-14 	-5.80135e-17 	1.25599e-13 	1.72012e-14 	1.63409e-13 	6.43955e-07 	-2.97913e-07 	-1.84868e-07 	1.37839e-07 	8.55497e-08 	5.31112e-08
0.2      0.2    0.2    0.2    0.2    1.17 	0.10735 	0.0137424 	0.00576799 	2.39526e-13 	-7.47561e-14 	-5.80135e-17 	1.25599e-13 	1.72012e-14 	1.63409e-13 	6.43955e-07 	-2.97913e-07 	-1.84868e-07 	1.37839e-07 	8.55497e-08 	5.31112e-08
0.2      0.2    0.2    0.2    0.2    1.26 	0.162574 	0.0347433 	-0.0187252 	2.75946e-13 	-1.00223e-13 	-1.69311e-14 	1.74323e-13 	1.07505e-14 	1.22352e-13 	8.79011e-09 	6.09669e-08 	-1.58035e-08 	4.24964e-07 	-1.09264e-07 	2.85171e-08
0.2      0.2    0.2    0.2    0.2    1.35 	0.162574 	0.0347433 	-0.0187252 	2.75946e-13 	-1.00223e-13 	-1.69311e-14 	1.74323e-13 	1.07505e-14 	1.22352e-13 	8.79011e-09 	6.09669e-08 	-1.58035e-08 	4.24964e-07 	-1.09264e-07 	2.85171e-08
0.2      0.2    0.2    0.2    0.2    1.44 	0.162457 	0.00734081 	0.0211783 	3.2866e-13 	-1.22666e-13 	-8.38564e-15 	1.48576e-13 	1.50521e-14 	1.34945e-13 	1.37095e-07 	8.78047e-08 	2.84214e-08 	5.63178e-08 	1.81832e-08 	5.90858e-09
0.2      0.2    0.2    0.2    0.2    1.53 	0.162457 	0.00734081 	0.0211783 	3.2866e-13 	-1.22666e-13 	-8.38564e-15 	1.48576e-13 	1.50521e-14 	1.34945e-13 	1.37095e-07 	8.78047e-08 	2.84214e-08 	5.63178e-08 	1.81832e-08 	5.90858e-09
0.2      0.2    0.2    0.2    0.2    1.62 	0.134839 	0.0110687 	-0.0102532 	2.9984e-13 	-1.19167e-13 	-4.89652e-15 	1.38092e-13 	-3.01488e-15 	1.42478e-13 	2.34575e-08 	-1.81521e-09 	2.56993e-08 	1.58247e-09 	-2.31064e-09 	2.82295e-08
0.2      0.2    0.2    0.2    0.2    1.71 	0.134839 	0.0110687 	-0.0102532 	2.9984e-13 	-1.19167e-13 	-4.89652e-15 	1.38092e-13 	-3.01488e-15 	1.42478e-13 	2.34575e-08 	-1.81521e-09 	2.56993e-08 	1.58247e-09 	-2.31064e-09 	2.82295e-08
0.2      0.2    0.2    0.2    0.2    1.8 	0.117708 	0.0172052 	-0.00325436 	3.38215e-13 	-1.29113e-13 	-1.3724e-14 	1.42435e-13 	-3.32246e-15 	1.12182e-13 	3.2282e-08 	3.40353e-08 	-8.36171e-08 	3.7853e-08 	-9.1348e-08 	2.21761e-07
0.2      0.2    0.2    0.2    0.2    1.89 	0.117708 	0.0172052 	-0.00325436 	3.38215e-13 	-1.29113e-13 	-1.3724e-14 	1.42435e-13 	-3.32246e-15 	1.12182e-13 	3.2282e-08 	3.40353e-08 	-8.36171e-08 	3.7853e-08 	-9.1348e-08 	2.21761e-07
0.2      0.2    0.2    0.2    0.2    1.98 	0.147187 	0.0108639 	0.00879951 	2.95854e-13 	-1.14162e-13 	-3.66884e-14 	1.45167e-13 	1.03933e-14 	1.229e-13 	2.37972e-07 	-3.98838e-07 	-3.36243e-08 	6.68475e-07 	5.65313e-08 	5.88386e-09
0.2      0.2    0.2    0.2    0.2    2.07 	0.147187 	0.0108639 	0.00879951 	2.95854e-13 	-1.14162e-13 	-3.66884e-14 	1.45167e-13 	1.03933e-14 	1.229e-13 	2.37972e-07 	-3.98838e-07 	-3.36243e-08 	6.68475e-07 	5.65313e-08 	5.88386e-09
0.2      0.2    0.2    0.2    0.2    2.16 	0.125966 	0.0309174 	-0.00200684 	2.66483e-13 	-7.28793e-14 	-3.65924e-14 	1.20368e-13 	9.00067e-15 	1.68661e-13 	1.31456e-08 	1.98296e-08 	-2.79689e-08 	3.11076e-08 	-4.22024e-08 	5.95246e-08
0.2      0.2    0.2    0.2    0.2    2.25 	0.125966 	0.0309174 	-0.00200684 	2.66483e-13 	-7.28793e-14 	-3.65924e-14 	1.20368e-13 	9.00067e-15 	1.68661e-13 	1.31456e-08 	1.98296e-08 	-2.79689e-08 	3.11076e-08 	-4.22024e-08 	5.95246e-08
0.2      0.2    0.2    0.2    0.2    2.34 	0.125966 	0.0309174 	-0.00200684 	2.66483e-13 	-7.28793e-14 	-3.65924e-14 	1.20368e-13 	9.00067e-15 	1.68661e-13 	1.31456e-08 	1.98296e-08 	-2.79689e-08 	3.11076e-08 	-4.22024e-08 	5.95246e-08
0.2      0.2    0.2    0.2    0.2    2.43 	0.150266 	0.0133947 	0.000752542 	2.66052e-13 	-8.55373e-14 	-2.35069e-14 	1.40332e-13 	1.03582e-14 	1.9324e-13 	3.13584e-07 	-3.52048e-08 	-5.79422e-07 	3.9641e-09 	6.50526e-08 	1.07156e-06
0.2      0.2    0.2    0.2    0.2    2.52 	0.150266 	0.0133947 	0.000752542 	2.66052e-13 	-8.55373e-14 	-2.35069e-14 	1.40332e-13 	1.03582e-14 	1.9324e-13 	3.13584e-07 	-3.52048e-08 	-5.79422e-07 	3.9641e-09 	6.50526e-08 	1.07156e-06
0.2      0.2    0.2    0.2    0.2    2.61 	0.161104 	0.00769569 	-0.0164094 	3.14722e-13 	-8.65956e-14 	-2.27622e-14 	1.28462e-13 	-2.43682e-14 	2.13455e-13 	1.34663e-09 	-6.05955e-09 	6.47725e-09 	6.97919e-08 	-6.68175e-08 	6.45278e-08
0.2      0.2    0.2    0.2    0.2    2.7 	0.161104 	0.00769569 	-0.0164094 	3.14722e-13 	-8.65956e-14 	-2.27622e-14 	1.28462e-13 	-2.43682e-14 	2.13455e-13 	1.34663e-09 	-6.05955e-09 	6.47725e-09 	6.97919e-08 	-6.68175e-08 	6.45278e-08
0.2      0.2    0.2    0.2    0.2    2.79 	0.161946 	-0.00309758 	0.0011982 	4.51948e-13 	-1.5602e-13 	-3.45026e-14 	1.81395e-13 	1.20747e-14 	2.01287e-13 	3.19997e-09 	-8.10378e-10 	1.75731e-08 	2.35206e-10 	-4.42837e-09 	1.01966e-07
0.2      0.2    0.2    0.2    0.2    2.88 	0.161946 	-0.00309758 	0.0011982 	4.51948e-13 	-1.5602e-13 	-3.45026e-14 	1.81395e-13 	1.20747e-14 	2.01287e-13 	3.19997e-09 	-8.10378e-10 	1.75731e-08 	2.35206e-10 	-4.42837e-09 	1.01966e-07
0.2      0.2    0.2    0.2    0.2    2.97 	0.190666 	-0.0439013 	-0.00143033 	5.07859e-13 	-2.03674e-13 	-3.13844e-14 	2.41342e-13 	1.40443e-14 	1.61472e-13 	1.06724e-07 	-2.09327e-07 	2.18472e-08 	4.10793e-07 	-4.26146e-08 	4.74728e-09
0.2      0.2    0.2    0.2    0.2    3.06 	0.190666 	-0.0439013 	-0.00143033 	5.07859e-13 	-2.03674e-13 	-3.13844e-14 	2.41342e-13 	1.40443e-14 	1.61472e-13 	1.06724e-07 	-2.09327e-07 	2.18472e-08 	4.10793e-07 	-4.26146e-08 	4.74728e-09
0.2      0.2    0.2    0.2    0.2    3.15 	0.170161 	-0.0297292 	-0.0126393 	4.56745e-13 	-1.99511e-13 	-4.39416e-14 	2.34548e-13 	-9.17974e-15 	1.55595e-13 	3.96499e-08 	-4.84383e-08 	2.16536e-07 	5.92091e-08 	-2.64051e-07 	1.19993e-06
0.2      0.2    0.2    0.2    0.2    3.24 	0.170161 	-0.0297292 	-0.0126393 	4.56745e-13 	-1.99511e-13 	-4.39416e-14 	2.34548e-13 	-9.17974e-15 	1.55595e-13 	3.96499e-08 	-4.84383e-08 	2.16536e-07 	5.92091e-08 	-2.64051e-07 	1.19993e-06
0.2      0.2    0.2    0.2    0.2    3.33 	0.147208 	-0.0119658 	0.0197775 	5.02281e-13 	-1.97971e-13 	2.59487e-14 	2.03008e-13 	-1.87538e-14 	1.94445e-13 	2.86712e-08 	3.74676e-08 	1.04605e-08 	5.31453e-08 	1.59539e-08 	5.06498e-09
0.2      0.2    0.2    0.2    0.2    3.42 	0.147208 	-0.0119658 	0.0197775 	5.02281e-13 	-1.97971e-13 	2.59487e-14 	2.03008e-13 	-1.87538e-14 	1.94445e-13 	2.86712e-08 	3.74676e-08 	1.04605e-08 	5.31453e-08 	1.59539e-08 	5.06498e-09
0.2      0.2    0.2    0.2    0.2    3.51 	0.147208 	-0.0119658 	0.0197775 	5.02281e-13 	-1.97971e-13 	2.59487e-14 	2.03008e-13 	-1.87538e-14 	1.94445e-13 	2.86712e-08 	3.74676e-08 	1.04605e-08 	5.31453e-08 	1.59539e-08 	5.06498e-09
0.2      0.2    0.2    0.2    0.2    3.6 	0.152987 	0.0195633 	-0.026307 	3.91756e-13 	-1.07593e-13 	2.18281e-16 	1.34384e-13 	-4.61765e-15 	1.76381e-13 	1.64411e-08 	2.14449e-08 	-2.90055e-08 	2.83804e-08 	-3.85308e-08 	5.23973e-08
0.2      0.2    0.2    0.2    0.2    3.69 	0.152987 	0.0195633 	-0.026307 	3.91756e-13 	-1.07593e-13 	2.18281e-16 	1.34384e-13 	-4.61765e-15 	1.76381e-13 	1.64411e-08 	2.14449e-08 	-2.90055e-08 	2.83804e-08 	-3.85308e-08 	5.23973e-08
0.2      0.2    0.2    0.2    0.2    3.78 	0.162933 	0.0184456 	0.00217943 	3.84753e-13 	-1.0646e-13 	4.00262e-14 	1.56817e-13 	1.23818e-14 	1.49704e-13 	1.73376e-08 	-8.93345e-09 	1.05217e-07 	5.87582e-09 	-5.45774e-08 	6.38922e-07
0.2      0.2    0.2    0.2    0.2    3.87 	0.162933 	0.0184456 	0.00217943 	3.84753e-13 	-1.0646e-13 	4.00262e-14 	1.56817e-13 	1.23818e-14 	1.49704e-13 	1.73376e-08 	-8.93345e-09 	1.05217e-07 	5.87582e-09 	-5.45774e-08 	6.38922e-07
0.2      0.2    0.2    0.2    0.2    3.96 	0.156698 	0.0313086 	-0.0106721 	3.4226e-13 	-8.25025e-14 	3.7723e-14 	1.54684e-13 	2.17978e-14 	1.5289e-13 	1.65772e-07 	1.56436e-07 	6.49988e-08 	1.51244e-07 	6.13316e-08 	2.5487e-08
0.2      0.2    0.2    0.2    0.2    4.05 	0.156698 	0.0313086 	-0.0106721 	3.4226e-13 	-8.25025e-14 	3.7723e-14 	1.54684e-13 	2.17978e-14 	1.5289e-13 	1.65772e-07 	1.56436e-07 	6.49988e-08 	1.51244e-07 	6.13316e-08 	2.5487e-08
0.2      0.2    0.2    0.2    0.2    4.14 	0.138181 	0.00737179 	0.00462319 	3.96816e-13 	-1.06576e-13 	9.15291e-14 	1.73589e-13 	-3.23951e-14 	1.44061e-13 	2.06118e-07 	6.25223e-08 	2.90993e-07 	1.90139e-08 	8.81702e-08 	4.11323e-07
0.2      0.2    0.2    0.2    0.2    4.23 	0.138181 	0.00737179 	0.00462319 	3.96816e-13 	-1.06576e-13 	9.15291e-14 	1.73589e-13 	-3.23951e-14 	1.44061e-13 	2.06118e-07 	6.25223e-08 	2.90993e-07 	1.90139e-08 	8.81702e-08 	4.11323e-07
0.2      0.2    0.2    0.2    0.2    4.32 	0.151994 	0.00611787 	0.0183836 	5.33502e-13 	-1.82986e-13 	9.90535e-14 	2.23996e-13 	-2.08075e-14 	1.76465e-13 	6.32727e-08 	7.12759e-08 	-6.7059e-08 	8.07072e-08 	-7.64269e-08 	7.30093e-08
0.2      0.2    0.2    0.2    0.2    4.41 	0.151994 	0.00611787 	0.0183836 	5.33502e-13 	-1.82986e-13 	9.90535e-14 	2.23996e-13 	-2.08075e-14 	1.76465e-13 	6.32727e-08 	7.12759e-08 	-6.7059e-08 	8.07072e-08 	-7.64269e-08 	7.30093e-08
0.2      0.2    0.2    0.2    0.2    4.5 	0.151994 	0.00611787 	0.0183836 	5.33502e-13 	-1.82986e-13 	9.90535e-14 	2.23996e-13 	-2.08075e-14 	1.76465e-13 	6.32727e-08 	7.12759e-08 	-6.7059e-08 	8.07072e-08 	-7.64269e-08 	7.30093e-08
0.3      0.3    0.3    0.3    0.3    0 	0.17969 	-0.0115647 	0.0308132 	4.40764e-13 	-1.25073e-13 	6.94817e-14 	1.70497e-13 	-3.28721e-15 	1.58921e-13 	7.69752e-08 	-1.724e-07 	-3.52701e-07 	3.93782e-07 	7.83438e-07 	1.62715e-06
0.3      0.3    0.3    0.3    0.3    0.09 	0.17969 	-0.0115647 	0.0308132 	4.40764e-13 	-1.25073e-13 	6.94817e-14 	1.70497e-13 	-3.28721e-15 	1.58921e-13 	7.69752e-08 	-1.724e-07 	-3.52701e-07 	3.93782e-07 	7.83438e-07 	1.62715e-06
0.3      0.3    0.3    0.3    0.3    0.18 	0.17969 	-0.0115647 	0.0308132 	4.40764e-13 	-1.25073e-13 	6.94817e-14 	1.70497e-13 	-3.28721e-15 	1.58921e-13 	7.69752e-08 	-1.724e-07 	-3.52701e-07 	3.93782e-07 	7.83438e-07 	1.62715e-06
0.3      0.3    0.3    0.3    0.3    0.27 	0.140583 	-0.0157488 	0.0395064 	4.09182e-13 	-1.12905e-13 	4.00323e-14 	1.41992e-13 	1.16462e-14 	1.91517e-13 	8.99218e-08 	5.50511e-08 	1.4738e-08 	3.38417e-08 	9.00168e-09 	3.03083e-09
0.3      0.3    0.3    0.3    0.3    0.36 	0.140583 	-0.0157488 	0.0395064 	4.09182e-13 	-1.12905e-13 	4.00323e-14 	1.41992e-13 	1.16462e-14 	1.91517e-13 	8.99218e-08 	5.50511e-08 	1.4738e-08 	3.38417e-08 	9.00168e-09 	3.03083e-09
0.3      0.3    0.3    0.3    0.3    0.45 	0.163733 	-0.00629106 	0.0101888 	4.31192e-13 	-1.13813e-13 	7.99175e-15 	1.49747e-13 	8.48875e-16 	1.63079e-13 	1.1037e-07 	2.55875e-07 	-1.35355e-07 	5.93684e-07 	-3.14335e-07 	1.66666e-07
0.3      0.3    0.3    0.3    0.3    0.54 	0.163733 	-0.00629106 	0.0101888 	4.31192e-13 	-1.13813e-13 	7.99175e-15 	1.49747e-13 	8.48875e-16 	1.63079e-13 	1.1037e-07 	2.55875e-07 	-1.35355e-07 	5.93684e-07 	-3.14335e-07 	1.66666e-07
0.3      0.3    0.3    0.3    0.3    0.63 	0.141669 	-0.0217825 	0.0335112 	3.55038e-13 	-1.23352e-13 	2.68951e-14 	1.67061e-13 	1.04313e-14 	1.23842e-13 	1.71368e-07 	-4.06145e-08 	-1.13096e-07 	9.97273e-09 	2.73354e-08 	7.57311e-08
0.3      0.3    0.3    0.3    0.3    0.72 	0.141669 	-0.0217825 	0.0335112 	3.55038e-13 	-1.23352e-13 	2.68951e-14 	1.67061e-13 	1.04313e-14 	1.23842e-13 	1.71368e-07 	-4.06145e-08 	-1.13096e-07 	9.97273e-09 	2.73354e-08 	7.57311e-08
0.3      0.3    0.3    0.3    0.3    0.81 	0.138866 	0.00357277 	0.0404245 	2.64558e-13 	-8.49268e-14 	1.72143e-15 	1.39721e-13 	1.75369e-14 	1.466e-13 	7.62348e-09 	-1.97682e-08 	5.20611e-08 	5.21986e-08 	-1.39899e-07 	3.81525e-07
0.3      0.3    0.3    0.3    0.3    0.9 	0.138866 	0.00357277 	0.0404245 	2.64558e-13 	-8.49268e-14 	1.72143e-15 	1.39721e-13 	1.75369e-14 	1.466e-13 	7.62348e-09 	-1.97682e-08 	5.20611e-08 	5.21986e-08 	-1.39899e-07 	3.81525e-07
0.3      0.3    0.3    0.3    0.3    0.99 	0.106047 	0.0143808 	0.00620468 	2.39442e-13 	-7.41144e-14 	5.38812e-16 	1.2446e-13 	1.64651e-14 	1.64434e-13 	1.38222e-06 	-6.5181e-07 	-4.18149e-07 	3.07443e-07 	1.97307e-07 	1.26709e-07
0.3      0.3    0.3    0.3    0.3    1.08 	0.106047 	0.0143808 	0.00620468 	2.39442e-13 	-7.41144e-14 	5.38812e-16 	1.2446e-13 	1.64651e-14 	1.64434e-13 	1.38222e-06 	-6.5181e-07 	-4.18149e-07 	3.07443e-07 	1.97307e-07 	1.26709e-07
0.3      0.3    0.3    0.3    0.3    1.17 	0.106047 	0.0143808 	0.00620468 	2.39442e-13 	-7.41144e-14 	5.38812e-16 	1.2446e-13 	1.64651e-14 	1.64434e-13 	1.38222e-06 	-6.5181e-07 	-4.18149e-07 	3.07443e-07 	1.97307e-07 	1.26709e-07
0.3      0.3    0.3    0.3    0.3    1.26 	0.162724 	0.0353772 	-0.0189698 	2.76684e-13 	-1.01488e-13 	-1.66766e-14 	1.7384e-13 	1.03688e-14 	1.23058e-13 	1.88253e-08 	1.12511e-07 	-3.33561e-08 	6.82854e-07 	-1.99455e-07 	5.91905e-08
0.3      0.3    0.3    0.3    0.3    1.35 	0.162724 	0.0353772 	-0.0189698 	2.76684e-13 	-1.01488e-13 	-1.66766e-14 	1.7384e-13 	1.03688e-14 	1.23058e-13 	1.88253e-08 	1.12511e-07 	-3.33561e-08 	6.82854e-07 	-1.99455e-07 	5.91905e-08
0.3      0.3    0.3    0.3    0.3    1.44 	0.162975 	0.0076425 	0.021214 	3.287e-13 	-1.22503e-13 	-9.51591e-15 	1.48798e-13 	1.55704e-14 	1.34614e-13 	2.59579e-07 	1.64612e-07 	4.45772e-08 	1.0447e-07 	2.8323e-08 	7.90543e-09
0.3      0.3    0.3    0.3    0.3    1.53 	0.162975 	0.0076425 	0.021214 	3.287e-13 	-1.22503e-13 	-9.51591e-15 	1.48798e-13 	1.55704e-14 	1.34614e-13 	2.59579e-07 	1.64612e-07 	4.45772e-08 	1.0447e-07 	2.8323e-08 	7.90543e-09
0.3      0.3    0.3    0.3    0.3    1.62 	0.134499 	0.0108867 	-0.0106011 	2.99892e-13 	-1.19907e-13 	-4.35537e-15 	1.38752e-13 	-3.43429e-15 	1.42105e-13 	6.59276e-08 	1.35032e-08 	6.9687e-08 	5.57567e-09 	1.38188e-08 	7.3742e-08
0.3      0.3    0.3    0.3    0.3    1.71 	0.134499 	0.0108867 	-0.0106011 	2.99892e-13 	-1.19907e-13 	-4.35537e-15 	1.38752e-13 	-3.43429e-15 	1.42105e-13 	6.59276e-08 	1.35032e-08 	6.9687e-08 	5.57567e-09 	1.38188e-08 	7.3742e-08
0.3      0.3    0.3    0.3    0.3    1.8 	0.11753 	0.016776 	-0.00244542 	3.38206e-13 	-1.29461e-13 	-1.35918e-14 	1.42634e-13 	-3.23422e-15 	1.12138e-13 	5.06087e-08 	7.05801e-08 	-1.56722e-07 	1.04635e-07 	-2.27921e-07 	4.99461e-07
0.3      0.3    0.3    0.3    0.3    1.89 	0.11753 	0.016776 	-0.00244542 	3.38206e-13 	-1.29461e-13 	-1.35918e-14 	1.42634e-13 	-3.23422e-15 	1.12138e-13 	5.06087e-08 	7.05801e-08 	-1.56722e-07 	1.04635e-07 	-2.27921e-07 	4.99461e-07
0.3      0.3    0.3    0.3    0.3    1.98 	0.147987 	0.00953371 	0.00883307 	2.97366e-13 	-1.15246e-13 	-3.69799e-14 	1.44234e-13 	1.00002e-14 	1.23746e-13 	5.12986e-07 	-8.54742e-07 	-3.31391e-08 	1.42422e-06 	5.55005e-08 	4.34643e-09
0.3      0.3    0.3    0.3    0.3    2.07 	0.147987 	0.00953371 	0.00883307 	2.97366e-13 	-1.15246e-13 	-3.69799e-14 	1.44234e-13 	1.00002e-14 	1.23746e-13 	5.12986e-07 	-8.54742e-07 	-3.31391e-08 	1.42422e-06 	5.55005e-08 	4.34643e-09
0.3      0.3    0.3    0.3    0.3    2.16 	0.126256 	0.0310324 	-0.00253834 	2.68992e-13 	-7.38559e-14 	-3.63577e-14 	1.20121e-13 	7.72171e-15 	1.6818e-13 	3.95094e-08 	3.98697e-08 	-8.00151e-08 	4.44629e-08 	-8.15573e-08 	1.62261e-07
0.3      0.3    0.3    0.3    0.3    2.25 	0.126256 	0.0310324 	-0.00253834 	2.68992e-13 	-7.38559e-14 	-3.63577e-14 	1.20121e-13 	7.72171e-15 	1.6818e-13 	3.95094e-08 	3.98697e-08 	-8.00151e-08 	4.44629e-08 	-8.15573e-08 	1.62261e-07
0.3      0.3    0.3    0.3    0.3    2.34 	0.126256 	0.0310324 	-0.00253834 	2.68992e-13 	-7.38559e-14 	-3.63577e-14 	1.20121e-13 	7.72171e-15 	1.6818e-13 	3.95094e-08 	3.98697e-08 	-8.00151e-08 	4.44629e-08 	-8.15573e-08 	1.62261e-07
0.3      0.3    0.3    0.3    0.3    2.43 	0.149527 	0.01341 	0.00240642 	2.66072e-13 	-8.58846e-14 	-2.29694e-14 	1.40393e-13 	1.02289e-14 	1.92807e-13 	5.88787e-07 	-5.47461e-08 	-1.15229e-06 	5.2853e-09 	1.06224e-07 	2.26045e-06
0.3      0.3    0.3    0.3    0.3    2.52 	0.149527 	0.01341 	0.00240642 	2.66072e-13 	-8.58846e-14 	-2.29694e-14 	1.40393e-13 	1.02289e-14 	1.92807e-13 	5.88787e-07 	-5.47461e-08 	-1.15229e-06 	5.2853e-09 	1.06224e-07 	2.26045e-06
0.3      0.3    0.3    0.3    0.3    2.61 	0.16099 	0.0071325 	-0.0159883 	3.13414e-13 	-8.66205e-14 	-2.2707e-14 	1.28756e-13 	-2.41303e-14 	2.13569e-13 	2.11861e-09 	8.31194e-09 	-5.76815e-09 	1.8671e-07 	-1.59963e-07 	1.38101e-07
0.3      0.3    0.3    0.3    0.3    2.7 	0.16099 	0.0071325 	-0.0159883 	3.13414e-13 	-8.66205e-14 	-2.2707e-14 	1.28756e-13 	-2.41303e-14 	2.13569e-13 	2.11861e-09 	8.31194e-09 	-5.76815e-09 	1.8671e-07 	-1.59963e-07 	1.38101e-07
0.3      0.3    0.3    0.3    0.3    2.79 	0.162124 	-0.00320232 	0.00174511 	4.50651e-13 	-1.56006e-13 	-3.56972e-14 	1.81763e-13 	1.29597e-14 	2.00288e-13 	1.28505e-08 	-5.25818e-09 	5.34401e-08 	2.25624e-09 	-2.11946e-08 	2.31126e-07
0.3      0.3    0.3    0.3    0.3    2.88 	0.162124 	-0.00320232 	0.00174511 	4.50651e-13 	-1.56006e-13 	-3.56972e-14 	1.81763e-13 	1.29597e-14 	2.00288e-13 	1.28505e-08 	-5.25818e-09 	5.34401e-08 	2.25624e-09 	-2.11946e-08 	2.31126e-07
0.3      0.3    0.3    0.3    0.3    2.97 	0.189947 	-0.0424463 	-0.00146285 	5.00754e-13 	-1.99683e-13 	-3.15097e-14 	2.3853e-13 	1.42511e-14 	1.6089e-13 	2.88398e-07 	-5.75699e-07 	3.84771e-08 	1.14947e-06 	-7.63991e-08 	5.86476e-09
0.3      0.3    0.3    0.3    0.3    3.06 	0.189947 	-0.0424463 	-0.00146285 	5.00754e-13 	-1.99683e-13 	-3.15097e-14 	2.3853e-13 	1.42511e-14 	1.6089e-13 	2.88398e-07 	-5.75699e-07 	3.84771e-08 	1.14947e-06 	-7.63991e-08 	5.86476e-09
0.3      0.3    0.3    0.3    0.3    3.15 	0.169895 	-0.0294533 	-0.0143968 	4.56565e-13 	-1.99355e-13 	-4.4357e-14 	2.35025e-13 	-8.74963e-15 	1.55446e-13 	7.11356e-08 	-8.27575e-08 	4.25556e-07 	9.64606e-08 	-4.93423e-07 	2.56905e-06
0.3      0.3    0.3    0.3    0.3    3.24 	0.169895 	-0.0294533 	-0.0143968 	4.56565e-13 	-1.99355e-13 	-4.4357e-14 	2.35025e-13 	-8.74963e-15 	1.55446e-13 	7.11356e-08 	-8.27575e-08 	4.25556e-07 	9.64606e-08 	-4.93423e-07 	2.56905e-06
0.3      0.3    0.3    0.3    0.3    3.33 	0.147272 	-0.0124016 	0.0195061 	5.05108e-13 	-1.98571e-13 	2.44427e-14 	2.03152e-13 	-1.8864e-14 	1.94111e-13 	2.49774e-08 	4.59943e-08 	1.65836e-08 	1.24315e-07 	5.27527e-08 	2.34686e-08
0.3      0.3    0.3    0.3    0.3    3.42 	0.147272 	-0.0124016 	0.0195061 	5.05108e-13 	-1.98571e-13 	2.44427e-14 	2.03152e-13 	-1.8864e-14 	1.94111e-13 	2.49774e-08 	4.59943e-08 	1.65836e-08 	1.24315e-07 	5.27527e-08 	2.34686e-08
0.3      0.3    0.3    0.3    0.3    3.51 	0.147272 	-0.0124016 	0.0195061 	5.05108e-13 	-1.98571e-13 	2.44427e-14 	2.03152e-13 	-1.8864e-14 	1.94111e-13 	2.49774e-08 	4.59943e-08 	1.65836e-08 	1.24315e-07 	5.27527e-08 	2.34686e-08
0.3      0.3    0.3    0.3    0.3    3.6 	0.152873 	0.0191841 	-0.0257949 	3.93903e-13 	-1.0912e-13 	2.50602e-15 	1.34957e-13 	-5.47713e-15 	1.76098e-13 	2.56725e-08 	4.29641e-08 	-5.87499e-08 	7.55582e-08 	-1.03508e-07 	1.41861e-07
0.3      0.3    0.3    0.3    0.3    3.69 	0.152873 	0.0191841 	-0.0257949 	3.93903e-13 	-1.0912e-13 	2.50602e-15 	1.34957e-13 	-5.47713e-15 	1.76098e-13 	2.56725e-08 	4.29641e-08 	-5.87499e-08 	7.55582e-08 	-1.03508e-07 	1.41861e-07
0.3      0.3    0.3    0.3    0.3    3.78 	0.163248 	0.0184517 	0.0037616 	3.84823e-13 	-1.07071e-13 	4.15555e-14 	1.57343e-13 	1.12729e-14 	1.4878e-13 	5.00691e-08 	-1.1547e-08 	2.83278e-07 	4.81394e-09 	-6.75979e-08 	1.60638e-06
0.3      0.3    0.3    0.3    0.3    3.87 	0.163248 	0.0184517 	0.0037616 	3.84823e-13 	-1.07071e-13 	4.15555e-14 	1.57343e-13 	1.12729e-14 	1.4878e-13 	5.00691e-08 	-1.1547e-08 	2.83278e-07 	4.81394e-09 	-6.75979e-08 	1.60638e-06
0.3      0.3    0.3    0.3    0.3    3.96 	0.157429 	0.0316151 	-0.0103863 	3.42401e-13 	-8.34694e-14 	3.82549e-14 	1.54605e-13 	2.18616e-14 	1.53333e-13 	3.86921e-07 	2.87269e-07 	1.51164e-07 	2.22956e-07 	1.12269e-07 	5.90584e-08
0.3      0.3    0.3    0.3    0.3    4.05 	0.157429 	0.0316151 	-0.0103863 	3.42401e-13 	-8.34694e-14 	3.82549e-14 	1.54605e-13 	2.18616e-14 	1.53333e-13 	3.86921e-07 	2.87269e-07 	1.51164e-07 	2.22956e-07 	1.12269e-07 	5.90584e-08
0.3      0.3    0.3    0.3    0.3    4.14 	0.138945 	0.00767894 	0.00555878 	3.99197e-13 	-1.07545e-13 	9.2443e-14 	1.74341e-13 	-3.28825e-14 	1.44032e-13 	4.5235e-07 	1.52437e-07 	6.08046e-07 	5.16737e-08 	2.04308e-07 	8.18714e-07
0.3      0.3    0.3    0.3    0.3    4.23 	0.138945 	0.00767894 	0.00555878 	3.99197e-13 	-1.07545e-13 	9.2443e-14 	1.74341e-13 	-3.28825e-14 	1.44032e-13 	4.5235e-07 	1.52437e-07 	6.08046e-07 	5.16737e-08 	2.04308e-07 	8.18714e-07
0.3      0.3    0.3    0.3    0.3    4.32 	0.151461 	0.00566455 	0.0186778 	5.30574e-13 	-1.83378e-13 	9.86041e-14 	2.23664e-13 	-2.00586e-14 	1.76318e-13 	1.66749e-07 	1.67861e-07 	-1.3975e-07 	1.70188e-07 	-1.42991e-07 	1.21591e-07
0.3      0.3    0.3    0.3    0.3    4.41 	0.151461 	0.00566455 	0.0186778 	5.30574e-13 	-1.83378e-13 	9.86041e-14 	2.23664e-13 	-2.00586e-14 	1.76318e-13 	1.66749e-07 	1.67861e-07 	-1.3975e-07 	1.70188e-07 	-1.42991e-07 	1.21591e-07
0.3      0.3    0.3    0.3    0.3    4.5 	0.151461 	0.00566455 	0.0186778 	5.30574e-13 	-1.83378e-13 	9.86041e-14 	2.23664e-13 	-2.00586e-14 	1.76318e-13 	1.66749e-07 	1.67861e-07 	-1.3975e-07 	1.70188e-07 	-1.42991e-07 	1.21591e-07
