0.01      0.01    0.01    0.01    0.01    0 	0.0162968 	0.0216525 	-0.00981103 	3.87478e-13 	-7.10151e-14 	2.27078e-14 	2.03681e-13 	5.00673e-14 	3.49133e-13 	7.76798e-11 	8.56607e-11 	5.33473e-10 	9.44615e-11 	5.88282e-10 	3.66367e-09
0.01      0.01    0.01    0.01    0.01    0.09 	0.0162968 	0.0216525 	-0.00981103 	3.87478e-13 	-7.10151e-14 	2.27078e-14 	2.03681e-13 	5.00673e-14 	3.49133e-13 	7.76798e-11 	8.56607e-11 	5.33473e-10 	9.44615e-11 	5.88282e-10 	3.66367e-09
0.01      0.01    0.01    0.01    0.01    0.18 	0.0162968 	0.0216525 	-0.00981103 	3.87478e-13 	-7.10151e-14 	2.27078e-14 	2.03681e-13 	5.00673e-14 	3.49133e-13 	7.76798e-11 	8.56607e-11 	5.33473e-10 	9.44615e-11 	5.88282e-10 	3.66367e-09
0.01      0.01    0.01    0.01    0.01    0.27 	-0.0214042 	0.0228033 	0.0693285 	4.77782e-13 	-3.85623e-14 	-1.07829e-13 	1.97364e-13 	-7.11079e-14 	4.56543e-13 	8.94903e-10 	-4.29355e-10 	-4.26267e-10 	2.05995e-10 	2.04514e-10 	2.03043e-10
0.01      0.01    0.01    0.01    0.01    0.36 	-0.0214042 	0.0228033 	0.0693285 	4.77782e-13 	-3.85623e-14 	-1.07829e-13 	1.97364e-13 	-7.11079e-14 	4.56543e-13 	8.94903e-10 	-4.29355e-10 	-4.26267e-10 	2.05995e-10 	2.04514e-10 	2.03043e-10
0.01      0.01    0.01    0.01    0.01    0.45 	0.0219114 	-0.00430273 	0.00175991 	8.92052e-13 	-1.39624e-13 	2.87969e-14 	2.33511e-13 	-6.10684e-14 	6.46639e-13 	1.79131e-10 	1.80831e-10 	4.77977e-10 	1.82546e-10 	4.82512e-10 	1.27539e-09
0.01      0.01    0.01    0.01    0.01    0.54 	0.0219114 	-0.00430273 	0.00175991 	8.92052e-13 	-1.39624e-13 	2.87969e-14 	2.33511e-13 	-6.10684e-14 	6.46639e-13 	1.79131e-10 	1.80831e-10 	4.77977e-10 	1.82546e-10 	4.82512e-10 	1.27539e-09
0.01      0.01    0.01    0.01    0.01    0.63 	-0.0117206 	-0.00804227 	-0.030592 	1.3919e-12 	-4.77711e-13 	4.1822e-13 	4.47246e-13 	-1.84638e-13 	6.88186e-13 	6.49393e-12 	5.03753e-11 	3.55167e-11 	3.90776e-10 	2.75514e-10 	1.94249e-10
0.01      0.01    0.01    0.01    0.01    0.72 	-0.0117206 	-0.00804227 	-0.030592 	1.3919e-12 	-4.77711e-13 	4.1822e-13 	4.47246e-13 	-1.84638e-13 	6.88186e-13 	6.49393e-12 	5.03753e-11 	3.55167e-11 	3.90776e-10 	2.75514e-10 	1.94249e-10
0.01      0.01    0.01    0.01    0.01    0.81 	-0.0136364 	-0.00303218 	-0.0231947 	6.41888e-13 	-1.25482e-13 	1.07128e-13 	2.78664e-13 	-4.99959e-14 	2.36855e-13 	9.03747e-12 	1.78299e-11 	-4.05201e-11 	3.51762e-11 	-7.99413e-11 	1.81675e-10
0.01      0.01    0.01    0.01    0.01    0.9 	-0.0136364 	-0.00303218 	-0.0231947 	6.41888e-13 	-1.25482e-13 	1.07128e-13 	2.78664e-13 	-4.99959e-14 	2.36855e-13 	9.03747e-12 	1.78299e-11 	-4.05201e-11 	3.51762e-11 	-7.99413e-11 	1.81675e-10
0.01      0.01    0.01    0.01    0.01    0.99 	0.0466846 	0.0109592 	0.0235715 	6.35465e-13 	-3.54234e-14 	-5.20749e-14 	2.27851e-13 	-7.82988e-14 	2.69684e-13 	6.65886e-12 	5.20568e-11 	3.17005e-11 	4.06963e-10 	2.47824e-10 	1.50915e-10
0.01      0.01    0.01    0.01    0.01    1.08 	0.0466846 	0.0109592 	0.0235715 	6.35465e-13 	-3.54234e-14 	-5.20749e-14 	2.27851e-13 	-7.82988e-14 	2.69684e-13 	6.65886e-12 	5.20568e-11 	3.17005e-11 	4.06963e-10 	2.47824e-10 	1.50915e-10
0.01      0.01    0.01    0.01    0.01    1.17 	0.0466846 	0.0109592 	0.0235715 	6.35465e-13 	-3.54234e-14 	-5.20749e-14 	2.27851e-13 	-7.82988e-14 	2.69684e-13 	6.65886e-12 	5.20568e-11 	3.17005e-11 	4.06963e-10 	2.47824e-10 	1.50915e-10
0.01      0.01    0.01    0.01    0.01    1.26 	0.0289499 	0.0140062 	0.00560941 	6.84332e-13 	-1.87805e-13 	2.66601e-13 	3.5467e-13 	-2.37763e-13 	7.40322e-13 	1.16736e-10 	2.12396e-10 	-4.05368e-10 	3.86444e-10 	-7.37547e-10 	1.40765e-09
0.01      0.01    0.01    0.01    0.01    1.35 	0.0289499 	0.0140062 	0.00560941 	6.84332e-13 	-1.87805e-13 	2.66601e-13 	3.5467e-13 	-2.37763e-13 	7.40322e-13 	1.16736e-10 	2.12396e-10 	-4.05368e-10 	3.86444e-10 	-7.37547e-10 	1.40765e-09
0.01      0.01    0.01    0.01    0.01    1.44 	0.0141366 	-0.0223371 	-0.0205393 	6.38331e-13 	-1.44621e-13 	-6.14023e-14 	2.80034e-13 	1.14129e-13 	5.42165e-13 	2.86248e-11 	6.4481e-12 	-4.29828e-11 	1.45252e-12 	-9.68244e-12 	6.45429e-11
0.01      0.01    0.01    0.01    0.01    1.53 	0.0141366 	-0.0223371 	-0.0205393 	6.38331e-13 	-1.44621e-13 	-6.14023e-14 	2.80034e-13 	1.14129e-13 	5.42165e-13 	2.86248e-11 	6.4481e-12 	-4.29828e-11 	1.45252e-12 	-9.68244e-12 	6.45429e-11
0.01      0.01    0.01    0.01    0.01    1.62 	0.00939573 	-0.00831306 	0.0223222 	4.50999e-13 	-5.32631e-14 	-1.89828e-13 	1.567e-13 	7.37327e-14 	5.57452e-13 	3.94319e-12 	8.46568e-11 	1.31637e-11 	1.81751e-09 	2.82614e-10 	4.39451e-11
0.01      0.01    0.01    0.01    0.01    1.71 	0.00939573 	-0.00831306 	0.0223222 	4.50999e-13 	-5.32631e-14 	-1.89828e-13 	1.567e-13 	7.37327e-14 	5.57452e-13 	3.94319e-12 	8.46568e-11 	1.31637e-11 	1.81751e-09 	2.82614e-10 	4.39451e-11
0.01      0.01    0.01    0.01    0.01    1.8 	-0.00410866 	0.0364191 	-0.00109817 	4.37568e-13 	-1.49153e-14 	-1.58873e-13 	1.7739e-13 	-1.36552e-14 	7.45985e-13 	1.16257e-11 	1.51459e-11 	-8.19148e-11 	1.9732e-11 	-1.06718e-10 	5.77172e-10
0.01      0.01    0.01    0.01    0.01    1.89 	-0.00410866 	0.0364191 	-0.00109817 	4.37568e-13 	-1.49153e-14 	-1.58873e-13 	1.7739e-13 	-1.36552e-14 	7.45985e-13 	1.16257e-11 	1.51459e-11 	-8.19148e-11 	1.9732e-11 	-1.06718e-10 	5.77172e-10
0.01      0.01    0.01    0.01    0.01    1.98 	0.00720776 	0.0206712 	-0.0151245 	4.26818e-13 	-5.77071e-14 	-1.25976e-13 	1.94232e-13 	5.33561e-14 	3.50333e-13 	2.57703e-10 	1.24871e-10 	-8.85613e-12 	6.05067e-11 	-4.29127e-12 	3.04347e-13
0.01      0.01    0.01    0.01    0.01    2.07 	0.00720776 	0.0206712 	-0.0151245 	4.26818e-13 	-5.77071e-14 	-1.25976e-13 	1.94232e-13 	5.33561e-14 	3.50333e-13 	2.57703e-10 	1.24871e-10 	-8.85613e-12 	6.05067e-11 	-4.29127e-12 	3.04347e-13
0.01      0.01    0.01    0.01    0.01    2.16 	-0.00582017 	-0.0149741 	-0.0295253 	3.19492e-13 	-3.90974e-14 	1.3077e-14 	2.86282e-13 	-1.43173e-13 	3.0324e-13 	4.32236e-12 	6.81564e-11 	-1.90633e-11 	1.07471e-09 	-3.00596e-10 	8.40763e-11
0.01      0.01    0.01    0.01    0.01    2.25 	-0.00582017 	-0.0149741 	-0.0295253 	3.19492e-13 	-3.90974e-14 	1.3077e-14 	2.86282e-13 	-1.43173e-13 	3.0324e-13 	4.32236e-12 	6.81564e-11 	-1.90633e-11 	1.07471e-09 	-3.00596e-10 	8.40763e-11
0.01      0.01    0.01    0.01    0.01    2.34 	-0.00582017 	-0.0149741 	-0.0295253 	3.19492e-13 	-3.90974e-14 	1.3077e-14 	2.86282e-13 	-1.43173e-13 	3.0324e-13 	4.32236e-12 	6.81564e-11 	-1.90633e-11 	1.07471e-09 	-3.00596e-10 	8.40763e-11
0.01      0.01    0.01    0.01    0.01    2.43 	-0.0346976 	-0.00991881 	0.0236986 	4.66213e-13 	-6.4301e-15 	5.25566e-15 	4.23968e-13 	-2.14311e-13 	5.1385e-13 	7.72893e-11 	-2.81686e-10 	-2.52636e-10 	1.02662e-09 	9.20746e-10 	8.2579e-10
0.01      0.01    0.01    0.01    0.01    2.52 	-0.0346976 	-0.00991881 	0.0236986 	4.66213e-13 	-6.4301e-15 	5.25566e-15 	4.23968e-13 	-2.14311e-13 	5.1385e-13 	7.72893e-11 	-2.81686e-10 	-2.52636e-10 	1.02662e-09 	9.20746e-10 	8.2579e-10
0.01      0.01    0.01    0.01    0.01    2.61 	0.0363394 	-0.0287569 	-0.054462 	1.32066e-12 	-4.32668e-13 	7.55243e-14 	5.77329e-13 	-1.62826e-14 	6.0331e-13 	4.35348e-09 	2.18378e-09 	5.74218e-09 	1.09542e-09 	2.88037e-09 	7.57385e-09
0.01      0.01    0.01    0.01    0.01    2.7 	0.0363394 	-0.0287569 	-0.054462 	1.32066e-12 	-4.32668e-13 	7.55243e-14 	5.77329e-13 	-1.62826e-14 	6.0331e-13 	4.35348e-09 	2.18378e-09 	5.74218e-09 	1.09542e-09 	2.88037e-09 	7.57385e-09
0.01      0.01    0.01    0.01    0.01    2.79 	0.036918 	-0.00380472 	0.0311745 	4.09264e-12 	-1.0255e-12 	1.22707e-12 	5.53376e-13 	-3.40623e-13 	5.94493e-13 	2.19105e-09 	4.30404e-10 	3.04696e-09 	8.45474e-11 	5.98536e-10 	4.23722e-09
0.01      0.01    0.01    0.01    0.01    2.88 	0.036918 	-0.00380472 	0.0311745 	4.09264e-12 	-1.0255e-12 	1.22707e-12 	5.53376e-13 	-3.40623e-13 	5.94493e-13 	2.19105e-09 	4.30404e-10 	3.04696e-09 	8.45474e-11 	5.98536e-10 	4.23722e-09
0.01      0.01    0.01    0.01    0.01    2.97 	-0.0131069 	0.0107403 	0.00458475 	1.07637e-12 	-2.97436e-13 	3.62698e-13 	2.75267e-13 	-9.87236e-14 	5.74024e-13 	3.97967e-10 	8.39524e-11 	-1.44396e-10 	1.771e-11 	-3.04608e-11 	5.23917e-11
0.01      0.01    0.01    0.01    0.01    3.06 	-0.0131069 	0.0107403 	0.00458475 	1.07637e-12 	-2.97436e-13 	3.62698e-13 	2.75267e-13 	-9.87236e-14 	5.74024e-13 	3.97967e-10 	8.39524e-11 	-1.44396e-10 	1.771e-11 	-3.04608e-11 	5.23917e-11
0.01      0.01    0.01    0.01    0.01    3.15 	-0.0155982 	0.00562265 	-0.0293171 	5.05349e-13 	-8.58253e-14 	-1.38145e-13 	3.3564e-13 	-1.23574e-13 	6.27759e-13 	1.67531e-09 	6.70081e-10 	7.38185e-10 	2.68015e-10 	2.95255e-10 	3.25263e-10
0.01      0.01    0.01    0.01    0.01    3.24 	-0.0155982 	0.00562265 	-0.0293171 	5.05349e-13 	-8.58253e-14 	-1.38145e-13 	3.3564e-13 	-1.23574e-13 	6.27759e-13 	1.67531e-09 	6.70081e-10 	7.38185e-10 	2.68015e-10 	2.95255e-10 	3.25263e-10
0.01      0.01    0.01    0.01    0.01    3.33 	0.0501303 	-0.0010176 	-0.0446799 	1.03373e-12 	-2.24478e-13 	-2.92262e-13 	2.95031e-13 	1.28174e-13 	5.35331e-13 	2.42165e-10 	3.27374e-10 	2.07064e-10 	4.42566e-10 	2.79923e-10 	1.77051e-10
0.01      0.01    0.01    0.01    0.01    3.42 	0.0501303 	-0.0010176 	-0.0446799 	1.03373e-12 	-2.24478e-13 	-2.92262e-13 	2.95031e-13 	1.28174e-13 	5.35331e-13 	2.42165e-10 	3.27374e-10 	2.07064e-10 	4.42566e-10 	2.79923e-10 	1.77051e-10
0.01      0.01    0.01    0.01    0.01    3.51 	0.0501303 	-0.0010176 	-0.0446799 	1.03373e-12 	-2.24478e-13 	-2.92262e-13 	2.95031e-13 	1.28174e-13 	5.35331e-13 	2.42165e-10 	3.27374e-10 	2.07064e-10 	4.42566e-10 	2.79923e-10 	1.77051e-10
0.01      0.01    0.01    0.01    0.01    3.6 	-0.0420043 	0.0097383 	-0.0197266 	8.09901e-13 	-1.1306e-13 	-1.20535e-13 	2.02472e-13 	7.64953e-14 	3.24224e-13 	2.44767e-10 	-6.56547e-10 	3.73073e-10 	1.76108e-09 	-1.0007e-09 	5.68635e-10
0.01      0.01    0.01    0.01    0.01    3.69 	-0.0420043 	0.0097383 	-0.0197266 	8.09901e-13 	-1.1306e-13 	-1.20535e-13 	2.02472e-13 	7.64953e-14 	3.24224e-13 	2.44767e-10 	-6.56547e-10 	3.73073e-10 	1.76108e-09 	-1.0007e-09 	5.68635e-10
0.01      0.01    0.01    0.01    0.01    3.78 	0.115727 	-0.00961894 	-0.0437851 	7.88361e-13 	-8.54254e-14 	8.09946e-14 	2.13369e-13 	7.45034e-14 	2.06038e-13 	2.68346e-09 	-1.98691e-11 	2.32476e-10 	1.47117e-13 	-1.72132e-12 	2.01401e-11
0.01      0.01    0.01    0.01    0.01    3.87 	0.115727 	-0.00961894 	-0.0437851 	7.88361e-13 	-8.54254e-14 	8.09946e-14 	2.13369e-13 	7.45034e-14 	2.06038e-13 	2.68346e-09 	-1.98691e-11 	2.32476e-10 	1.47117e-13 	-1.72132e-12 	2.01401e-11
0.01      0.01    0.01    0.01    0.01    3.96 	0.0807867 	-0.0127079 	0.040765 	9.84189e-13 	-8.21113e-14 	1.23311e-13 	2.03222e-13 	2.55237e-15 	2.34685e-13 	2.71644e-09 	2.57827e-09 	-5.36365e-11 	2.44712e-09 	-5.09083e-11 	1.05906e-12
0.01      0.01    0.01    0.01    0.01    4.05 	0.0807867 	-0.0127079 	0.040765 	9.84189e-13 	-8.21113e-14 	1.23311e-13 	2.03222e-13 	2.55237e-15 	2.34685e-13 	2.71644e-09 	2.57827e-09 	-5.36365e-11 	2.44712e-09 	-5.09083e-11 	1.05906e-12
0.01      0.01    0.01    0.01    0.01    4.14 	-0.00554902 	0.0150536 	0.0436569 	5.42351e-13 	-2.55008e-14 	2.61008e-14 	1.25643e-13 	5.15632e-15 	2.76493e-13 	3.39962e-09 	-2.20946e-10 	-1.4437e-09 	1.43596e-11 	9.38277e-11 	6.13086e-10
0.01      0.01    0.01    0.01    0.01    4.23 	-0.00554902 	0.0150536 	0.0436569 	5.42351e-13 	-2.55008e-14 	2.61008e-14 	1.25643e-13 	5.15632e-15 	2.76493e-13 	3.39962e-09 	-2.20946e-10 	-1.4437e-09 	1.43596e-11 	9.38277e-11 	6.13086e-10
0.01      0.01    0.01    0.01    0.01    4.32 	0.0451066 	-0.00246686 	0.00574853 	8.7301e-13 	-9.80367e-14 	-4.08776e-14 	2.51778e-13 	-6.17624e-14 	5.89339e-13 	4.52499e-10 	6.2229e-10 	-5.3862e-12 	8.5579e-10 	-7.40725e-12 	6.41131e-14
0.01      0.01    0.01    0.01    0.01    4.41 	0.0451066 	-0.00246686 	0.00574853 	8.7301e-13 	-9.80367e-14 	-4.08776e-14 	2.51778e-13 	-6.17624e-14 	5.89339e-13 	4.52499e-10 	6.2229e-10 	-5.3862e-12 	8.5579e-10 	-7.40725e-12 	6.41131e-14
0.01      0.01    0.01    0.01    0.01    4.5 	0.0451066 	-0.00246686 	0.00574853 	8.7301e-13 	-9.80367e-14 	-4.08776e-14 	2.51778e-13 	-6.17624e-14 	5.89339e-13 	4.52499e-10 	6.2229e-10 	-5.3862e-12 	8.5579e-10 	-7.40725e-12 	6.41131e-14
0.02      0.02    0.02    0.02    0.02    0 	0.0163342 	0.0217041 	-0.00956102 	3.877e-13 	-7.10954e-14 	2.2703e-14 	2.03687e-13 	5.02378e-14 	3.49268e-13 	4.2263e-10 	5.4605e-10 	2.84627e-09 	7.08207e-10 	3.67613e-09 	1.91694e-08
0.02      0.02    0.02    0.02    0.02    0.09 	0.0163342 	0.0217041 	-0.00956102 	3.877e-13 	-7.10954e-14 	2.2703e-14 	2.03687e-13 	5.02378e-14 	3.49268e-13 	4.2263e-10 	5.4605e-10 	2.84627e-09 	7.08207e-10 	3.67613e-09 	1.91694e-08
0.02      0.02    0.02    0.02    0.02    0.18 	0.0163342 	0.0217041 	-0.00956102 	3.877e-13 	-7.10954e-14 	2.2703e-14 	2.03687e-13 	5.02378e-14 	3.49268e-13 	4.2263e-10 	5.4605e-10 	2.84627e-09 	7.08207e-10 	3.67613e-09 	1.91694e-08
0.02      0.02    0.02    0.02    0.02    0.27 	-0.0212885 	0.0227466 	0.0692746 	4.77555e-13 	-3.8313e-14 	-1.07905e-13 	1.97209e-13 	-7.14049e-14 	4.5702e-13 	4.29096e-09 	-2.08554e-09 	-2.01296e-09 	1.01371e-09 	9.7832e-10 	9.44343e-10
0.02      0.02    0.02    0.02    0.02    0.36 	-0.0212885 	0.0227466 	0.0692746 	4.77555e-13 	-3.8313e-14 	-1.07905e-13 	1.97209e-13 	-7.14049e-14 	4.5702e-13 	4.29096e-09 	-2.08554e-09 	-2.01296e-09 	1.01371e-09 	9.7832e-10 	9.44343e-10
0.02      0.02    0.02    0.02    0.02    0.45 	0.0219683 	-0.00424955 	0.00190906 	8.91705e-13 	-1.39503e-13 	2.87634e-14 	2.33477e-13 	-6.102e-14 	6.4679e-13 	9.74908e-10 	9.37381e-10 	2.57072e-09 	9.02137e-10 	2.47208e-09 	6.77883e-09
0.02      0.02    0.02    0.02    0.02    0.54 	0.0219683 	-0.00424955 	0.00190906 	8.91705e-13 	-1.39503e-13 	2.87634e-14 	2.33477e-13 	-6.102e-14 	6.4679e-13 	9.74908e-10 	9.37381e-10 	2.57072e-09 	9.02137e-10 	2.47208e-09 	6.77883e-09
0.02      0.02    0.02    0.02    0.02    0.63 	-0.0117349 	-0.00812788 	-0.0306537 	1.39168e-12 	-4.77402e-13 	4.17851e-13 	4.46733e-13 	-1.8425e-13 	6.87547e-13 	5.45265e-11 	3.44846e-10 	2.46614e-10 	2.18802e-09 	1.56437e-09 	1.11856e-09
0.02      0.02    0.02    0.02    0.02    0.72 	-0.0117349 	-0.00812788 	-0.0306537 	1.39168e-12 	-4.77402e-13 	4.17851e-13 	4.46733e-13 	-1.8425e-13 	6.87547e-13 	5.45265e-11 	3.44846e-10 	2.46614e-10 	2.18802e-09 	1.56437e-09 	1.11856e-09
0.02      0.02    0.02    0.02    0.02    0.81 	-0.0136476 	-0.00304732 	-0.0231383 	6.41871e-13 	-1.25506e-13 	1.07158e-13 	2.78685e-13 	-5.00338e-14 	2.36825e-13 	4.23158e-11 	6.53655e-11 	-2.02196e-10 	1.01962e-10 	-3.11303e-10 	9.69001e-10
0.02      0.02    0.02    0.02    0.02    0.9 	-0.0136476 	-0.00304732 	-0.0231383 	6.41871e-13 	-1.25506e-13 	1.07158e-13 	2.78685e-13 	-5.00338e-14 	2.36825e-13 	4.23158e-11 	6.53655e-11 	-2.02196e-10 	1.01962e-10 	-3.11303e-10 	9.69001e-10
0.02      0.02    0.02    0.02    0.02    0.99 	0.0466934 	0.0110408 	0.023622 	6.3576e-13 	-3.54584e-14 	-5.21911e-14 	2.2782e-13 	-7.81548e-14 	2.69626e-13 	2.6847e-11 	2.35307e-10 	1.45493e-10 	2.067e-09 	1.27795e-09 	7.90241e-10
0.02      0.02    0.02    0.02    0.02    1.08 	0.0466934 	0.0110408 	0.023622 	6.3576e-13 	-3.54584e-14 	-5.21911e-14 	2.2782e-13 	-7.81548e-14 	2.69626e-13 	2.6847e-11 	2.35307e-10 	1.45493e-10 	2.067e-09 	1.27795e-09 	7.90241e-10
0.02      0.02    0.02    0.02    0.02    1.17 	0.0466934 	0.0110408 	0.023622 	6.3576e-13 	-3.54584e-14 	-5.21911e-14 	2.2782e-13 	-7.81548e-14 	2.69626e-13 	2.6847e-11 	2.35307e-10 	1.45493e-10 	2.067e-09 	1.27795e-09 	7.90241e-10
0.02      0.02    0.02    0.02    0.02    1.26 	0.0289931 	0.0140788 	0.00545798 	6.84568e-13 	-1.87737e-13 	2.66751e-13 	3.54574e-13 	-2.3774e-13 	7.40906e-13 	5.88107e-10 	1.01302e-09 	-2.04892e-09 	1.74573e-09 	-3.52889e-09 	7.13894e-09
0.02      0.02    0.02    0.02    0.02    1.35 	0.0289931 	0.0140788 	0.00545798 	6.84568e-13 	-1.87737e-13 	2.66751e-13 	3.54574e-13 	-2.3774e-13 	7.40906e-13 	5.88107e-10 	1.01302e-09 	-2.04892e-09 	1.74573e-09 	-3.52889e-09 	7.13894e-09
0.02      0.02    0.02    0.02    0.02    1.44 	0.014113 	-0.022332 	-0.0205059 	6.38045e-13 	-1.44463e-13 	-6.10344e-14 	2.79816e-13 	1.13815e-13 	5.41729e-13 	1.65727e-10 	-1.27614e-11 	-2.37355e-10 	3.71364e-12 	1.82646e-11 	3.40092e-10
0.02      0.02    0.02    0.02    0.02    1.53 	0.014113 	-0.022332 	-0.0205059 	6.38045e-13 	-1.44463e-13 	-6.10344e-14 	2.79816e-13 	1.13815e-13 	5.41729e-13 	1.65727e-10 	-1.27614e-11 	-2.37355e-10 	3.71364e-12 	1.82646e-11 	3.40092e-10
0.02      0.02    0.02    0.02    0.02    1.62 	0.00938748 	-0.00847837 	0.0222922 	4.50882e-13 	-5.31688e-14 	-1.89981e-13 	1.56588e-13 	7.36596e-14 	5.57048e-13 	2.11188e-11 	4.30326e-10 	7.41608e-11 	8.77169e-09 	1.51128e-09 	2.61022e-10
0.02      0.02    0.02    0.02    0.02    1.71 	0.00938748 	-0.00847837 	0.0222922 	4.50882e-13 	-5.31688e-14 	-1.89981e-13 	1.56588e-13 	7.36596e-14 	5.57048e-13 	2.11188e-11 	4.30326e-10 	7.41608e-11 	8.77169e-09 	1.51128e-09 	2.61022e-10
0.02      0.02    0.02    0.02    0.02    1.8 	-0.004126 	0.0363958 	-0.00100566 	4.37579e-13 	-1.5011e-14 	-1.58801e-13 	1.77389e-13 	-1.35754e-14 	7.45965e-13 	8.14721e-11 	1.08473e-10 	-4.71466e-10 	1.44501e-10 	-6.26745e-10 	2.74572e-09
0.02      0.02    0.02    0.02    0.02    1.89 	-0.004126 	0.0363958 	-0.00100566 	4.37579e-13 	-1.5011e-14 	-1.58801e-13 	1.77389e-13 	-1.35754e-14 	7.45965e-13 	8.14721e-11 	1.08473e-10 	-4.71466e-10 	1.44501e-10 	-6.26745e-10 	2.74572e-09
0.02      0.02    0.02    0.02    0.02    1.98 	0.00727483 	0.0207059 	-0.0151265 	4.26723e-13 	-5.77967e-14 	-1.25948e-13 	1.9421e-13 	5.33515e-14 	3.50341e-13 	1.37174e-09 	6.95449e-10 	-4.21656e-11 	3.52711e-10 	-2.13852e-11 	1.30453e-12
0.02      0.02    0.02    0.02    0.02    2.07 	0.00727483 	0.0207059 	-0.0151265 	4.26723e-13 	-5.77967e-14 	-1.25948e-13 	1.9421e-13 	5.33515e-14 	3.50341e-13 	1.37174e-09 	6.95449e-10 	-4.21656e-11 	3.52711e-10 	-2.13852e-11 	1.30453e-12
0.02      0.02    0.02    0.02    0.02    2.16 	-0.00582377 	-0.0151016 	-0.0294928 	3.19715e-13 	-3.92786e-14 	1.32132e-14 	2.86568e-13 	-1.43333e-13 	3.0348e-13 	8.19846e-12 	2.01635e-10 	-5.28886e-11 	5.19812e-09 	-1.35706e-09 	3.54548e-10
0.02      0.02    0.02    0.02    0.02    2.25 	-0.00582377 	-0.0151016 	-0.0294928 	3.19715e-13 	-3.92786e-14 	1.32132e-14 	2.86568e-13 	-1.43333e-13 	3.0348e-13 	8.19846e-12 	2.01635e-10 	-5.28886e-11 	5.19812e-09 	-1.35706e-09 	3.54548e-10
0.02      0.02    0.02    0.02    0.02    2.34 	-0.00582377 	-0.0151016 	-0.0294928 	3.19715e-13 	-3.92786e-14 	1.32132e-14 	2.86568e-13 	-1.43333e-13 	3.0348e-13 	8.19846e-12 	2.01635e-10 	-5.28886e-11 	5.19812e-09 	-1.35706e-09 	3.54548e-10
0.02      0.02    0.02    0.02    0.02    2.43 	-0.0347321 	-0.00980257 	0.0238093 	4.66423e-13 	-6.19529e-15 	5.0185e-15 	4.24122e-13 	-2.14741e-13 	5.14834e-13 	3.72508e-10 	-1.29918e-09 	-1.20965e-09 	4.54128e-09 	4.22422e-09 	3.93111e-09
0.02      0.02    0.02    0.02    0.02    2.52 	-0.0347321 	-0.00980257 	0.0238093 	4.66423e-13 	-6.19529e-15 	5.0185e-15 	4.24122e-13 	-2.14741e-13 	5.14834e-13 	3.72508e-10 	-1.29918e-09 	-1.20965e-09 	4.54128e-09 	4.22422e-09 	3.93111e-09
0.02      0.02    0.02    0.02    0.02    2.61 	0.0365958 	-0.0286227 	-0.0541071 	1.32114e-12 	-4.32682e-13 	7.62584e-14 	5.76964e-13 	-1.71673e-14 	6.03518e-13 	2.08633e-08 	1.07913e-08 	2.85003e-08 	5.58224e-09 	1.47432e-08 	3.89385e-08
0.02      0.02    0.02    0.02    0.02    2.7 	0.0365958 	-0.0286227 	-0.0541071 	1.32114e-12 	-4.32682e-13 	7.62584e-14 	5.76964e-13 	-1.71673e-14 	6.03518e-13 	2.08633e-08 	1.07913e-08 	2.85003e-08 	5.58224e-09 	1.47432e-08 	3.89385e-08
0.02      0.02    0.02    0.02    0.02    2.79 	0.0367273 	-0.00382864 	0.0309034 	4.0921e-12 	-1.02513e-12 	1.22471e-12 	5.52849e-13 	-3.39972e-13 	5.93424e-13 	1.13079e-08 	1.69963e-09 	1.59646e-08 	2.62117e-10 	2.39714e-09 	2.25398e-08
0.02      0.02    0.02    0.02    0.02    2.88 	0.0367273 	-0.00382864 	0.0309034 	4.0921e-12 	-1.02513e-12 	1.22471e-12 	5.52849e-13 	-3.39972e-13 	5.93424e-13 	1.13079e-08 	1.69963e-09 	1.59646e-08 	2.62117e-10 	2.39714e-09 	2.25398e-08
0.02      0.02    0.02    0.02    0.02    2.97 	-0.0130444 	0.0107516 	0.0045624 	1.07692e-12 	-2.97691e-13 	3.62672e-13 	2.75359e-13 	-9.87734e-14 	5.74141e-13 	1.46874e-09 	2.86342e-10 	-5.2749e-10 	5.6108e-11 	-1.02838e-10 	1.89449e-10
0.02      0.02    0.02    0.02    0.02    3.06 	-0.0130444 	0.0107516 	0.0045624 	1.07692e-12 	-2.97691e-13 	3.62672e-13 	2.75359e-13 	-9.87734e-14 	5.74141e-13 	1.46874e-09 	2.86342e-10 	-5.2749e-10 	5.6108e-11 	-1.02838e-10 	1.89449e-10
0.02      0.02    0.02    0.02    0.02    3.15 	-0.0154462 	0.00569065 	-0.0292378 	5.05705e-13 	-8.58382e-14 	-1.38525e-13 	3.35563e-13 	-1.23406e-13 	6.27906e-13 	7.62554e-09 	3.29005e-09 	3.77235e-09 	1.42078e-09 	1.62964e-09 	1.86953e-09
0.02      0.02    0.02    0.02    0.02    3.24 	-0.0154462 	0.00569065 	-0.0292378 	5.05705e-13 	-8.58382e-14 	-1.38525e-13 	3.35563e-13 	-1.23406e-13 	6.27906e-13 	7.62554e-09 	3.29005e-09 	3.77235e-09 	1.42078e-09 	1.62964e-09 	1.86953e-09
0.02      0.02    0.02    0.02    0.02    3.33 	0.0500663 	-0.00109326 	-0.0447439 	1.0332e-12 	-2.24236e-13 	-2.91994e-13 	2.94669e-13 	1.27937e-13 	5.34781e-13 	1.26325e-09 	1.56671e-09 	1.20788e-09 	1.947e-09 	1.49563e-09 	1.15664e-09
0.02      0.02    0.02    0.02    0.02    3.42 	0.0500663 	-0.00109326 	-0.0447439 	1.0332e-12 	-2.24236e-13 	-2.91994e-13 	2.94669e-13 	1.27937e-13 	5.34781e-13 	1.26325e-09 	1.56671e-09 	1.20788e-09 	1.947e-09 	1.49563e-09 	1.15664e-09
0.02      0.02    0.02    0.02    0.02    3.51 	0.0500663 	-0.00109326 	-0.0447439 	1.0332e-12 	-2.24236e-13 	-2.91994e-13 	2.94669e-13 	1.27937e-13 	5.34781e-13 	1.26325e-09 	1.56671e-09 	1.20788e-09 	1.947e-09 	1.49563e-09 	1.15664e-09
0.02      0.02    0.02    0.02    0.02    3.6 	-0.0419416 	0.00957632 	-0.0196354 	8.09202e-13 	-1.12881e-13 	-1.20604e-13 	2.02311e-13 	7.63381e-14 	3.23831e-13 	1.22609e-09 	-3.21453e-09 	1.81638e-09 	8.43151e-09 	-4.76467e-09 	2.69258e-09
0.02      0.02    0.02    0.02    0.02    3.69 	-0.0419416 	0.00957632 	-0.0196354 	8.09202e-13 	-1.12881e-13 	-1.20604e-13 	2.02311e-13 	7.63381e-14 	3.23831e-13 	1.22609e-09 	-3.21453e-09 	1.81638e-09 	8.43151e-09 	-4.76467e-09 	2.69258e-09
0.02      0.02    0.02    0.02    0.02    3.78 	0.115511 	-0.00961883 	-0.0438114 	7.85694e-13 	-8.55648e-14 	8.06802e-14 	2.13241e-13 	7.4642e-14 	2.05638e-13 	1.41946e-08 	-6.32438e-11 	1.579e-09 	1.14825e-12 	-6.40751e-12 	1.76861e-10
0.02      0.02    0.02    0.02    0.02    3.87 	0.115511 	-0.00961883 	-0.0438114 	7.85694e-13 	-8.55648e-14 	8.06802e-14 	2.13241e-13 	7.4642e-14 	2.05638e-13 	1.41946e-08 	-6.32438e-11 	1.579e-09 	1.14825e-12 	-6.40751e-12 	1.76861e-10
0.02      0.02    0.02    0.02    0.02    3.96 	0.0810076 	-0.0125224 	0.0407658 	9.83918e-13 	-8.1913e-14 	1.23121e-13 	2.03156e-13 	2.62741e-15 	2.34538e-13 	1.47212e-08 	1.28854e-08 	-4.07674e-11 	1.12963e-08 	-3.78519e-11 	5.53033e-13
0.02      0.02    0.02    0.02    0.02    4.05 	0.0810076 	-0.0125224 	0.0407658 	9.83918e-13 	-8.1913e-14 	1.23121e-13 	2.03156e-13 	2.62741e-15 	2.34538e-13 	1.47212e-08 	1.28854e-08 	-4.07674e-11 	1.12963e-08 	-3.78519e-11 	5.53033e-13
0.02      0.02    0.02    0.02    0.02    4.14 	-0.0053129 	0.015035 	0.0435525 	5.42447e-13 	-2.54238e-14 	2.619e-14 	1.25626e-13 	5.06496e-15 	2.7645e-13 	1.73243e-08 	-1.28023e-09 	-7.56793e-09 	9.50084e-11 	5.5955e-10 	3.30629e-09
0.02      0.02    0.02    0.02    0.02    4.23 	-0.0053129 	0.015035 	0.0435525 	5.42447e-13 	-2.54238e-14 	2.619e-14 	1.25626e-13 	5.06496e-15 	2.7645e-13 	1.73243e-08 	-1.28023e-09 	-7.56793e-09 	9.50084e-11 	5.5955e-10 	3.30629e-09
0.02      0.02    0.02    0.02    0.02    4.32 	0.0450219 	-0.00258176 	0.0057553 	8.73001e-13 	-9.80781e-14 	-4.0919e-14 	2.51739e-13 	-6.16087e-14 	5.89142e-13 	2.26109e-09 	3.08077e-09 	-1.26818e-10 	4.19767e-09 	-1.72522e-10 	8.24284e-12
0.02      0.02    0.02    0.02    0.02    4.41 	0.0450219 	-0.00258176 	0.0057553 	8.73001e-13 	-9.80781e-14 	-4.0919e-14 	2.51739e-13 	-6.16087e-14 	5.89142e-13 	2.26109e-09 	3.08077e-09 	-1.26818e-10 	4.19767e-09 	-1.72522e-10 	8.24284e-12
0.02      0.02    0.02    0.02    0.02    4.5 	0.0450219 	-0.00258176 	0.0057553 	8.73001e-13 	-9.80781e-14 	-4.0919e-14 	2.51739e-13 	-6.16087e-14 	5.89142e-13 	2.26109e-09 	3.08077e-09 	-1.26818e-10 	4.19767e-09 	-1.72522e-10 	8.24284e-12
0.03      0.03    0.03    0.03    0.03    0 	0.0163734 	0.0217675 	-0.00931701 	3.87919e-13 	-7.11768e-14 	2.26989e-14 	2.03684e-13 	5.04071e-14 	3.49398e-13 	1.03656e-09 	1.48844e-09 	6.78527e-09 	2.14802e-09 	9.72951e-09 	4.44367e-08
0.03      0.03    0.03    0.03    0.03    0.09 	0.0163734 	0.0217675 	-0.00931701 	3.87919e-13 	-7.11768e-14 	2.26989e-14 	2.03684e-13 	5.04071e-14 	3.49398e-13 	1.03656e-09 	1.48844e-09 	6.78527e-09 	2.14802e-09 	9.72951e-09 	4.44367e-08
0.03      0.03    0.03    0.03    0.03    0.18 	0.0163734 	0.0217675 	-0.00931701 	3.87919e-13 	-7.11768e-14 	2.26989e-14 	2.03684e-13 	5.04071e-14 	3.49398e-13 	1.03656e-09 	1.48844e-09 	6.78527e-09 	2.14802e-09 	9.72951e-09 	4.44367e-08
0.03      0.03    0.03    0.03    0.03    0.27 	-0.021183 	0.022697 	0.0692254 	4.77328e-13 	-3.80664e-14 	-1.07983e-13 	1.97045e-13 	-7.17013e-14 	4.57493e-13 	9.25047e-09 	-4.46473e-09 	-4.32353e-09 	2.15512e-09 	2.08673e-09 	2.02079e-09
0.03      0.03    0.03    0.03    0.03    0.36 	-0.021183 	0.022697 	0.0692254 	4.77328e-13 	-3.80664e-14 	-1.07983e-13 	1.97045e-13 	-7.17013e-14 	4.57493e-13 	9.25047e-09 	-4.46473e-09 	-4.32353e-09 	2.15512e-09 	2.08673e-09 	2.02079e-09
0.03      0.03    0.03    0.03    0.03    0.45 	0.0220228 	-0.00420476 	0.00205555 	8.91361e-13 	-1.39385e-13 	2.87314e-14 	2.33429e-13 	-6.0973e-14 	6.46937e-13 	2.2545e-09 	2.03752e-09 	5.97378e-09 	1.84535e-09 	5.39806e-09 	1.58293e-08
0.03      0.03    0.03    0.03    0.03    0.54 	0.0220228 	-0.00420476 	0.00205555 	8.91361e-13 	-1.39385e-13 	2.87314e-14 	2.33429e-13 	-6.0973e-14 	6.46937e-13 	2.2545e-09 	2.03752e-09 	5.97378e-09 	1.84535e-09 	5.39806e-09 	1.58293e-08
0.03      0.03    0.03    0.03    0.03    0.63 	-0.0117468 	-0.00821095 	-0.0307154 	1.39144e-12 	-4.77075e-13 	4.17467e-13 	4.46235e-13 	-1.83858e-13 	6.86918e-13 	1.21092e-10 	7.86973e-10 	5.7192e-10 	5.12186e-09 	3.72278e-09 	2.70623e-09
0.03      0.03    0.03    0.03    0.03    0.72 	-0.0117468 	-0.00821095 	-0.0307154 	1.39144e-12 	-4.77075e-13 	4.17467e-13 	4.46235e-13 	-1.83858e-13 	6.86918e-13 	1.21092e-10 	7.86973e-10 	5.7192e-10 	5.12186e-09 	3.72278e-09 	2.70623e-09
0.03      0.03    0.03    0.03    0.03    0.81 	-0.0136534 	-0.00305116 	-0.0230859 	6.41853e-13 	-1.25531e-13 	1.07188e-13 	2.78703e-13 	-5.00728e-14 	2.3679e-13 	6.59054e-11 	8.92177e-11 	-3.73924e-10 	1.23712e-10 	-4.94809e-10 	2.17366e-09
0.03      0.03    0.03    0.03    0.03    0.9 	-0.0136534 	-0.00305116 	-0.0230859 	6.41853e-13 	-1.25531e-13 	1.07188e-13 	2.78703e-13 	-5.00728e-14 	2.3679e-13 	6.59054e-11 	8.92177e-11 	-3.73924e-10 	1.23712e-10 	-4.94809e-10 	2.17366e-09
0.03      0.03    0.03    0.03    0.03    0.99 	0.0467027 	0.0111178 	0.0236648 	6.36058e-13 	-3.54964e-14 	-5.23075e-14 	2.27785e-13 	-7.80106e-14 	2.69565e-13 	6.12431e-11 	5.33714e-10 	3.17816e-10 	4.6558e-09 	2.77326e-09 	1.65323e-09
0.03      0.03    0.03    0.03    0.03    1.08 	0.0467027 	0.0111178 	0.0236648 	6.36058e-13 	-3.54964e-14 	-5.23075e-14 	2.27785e-13 	-7.80106e-14 	2.69565e-13 	6.12431e-11 	5.33714e-10 	3.17816e-10 	4.6558e-09 	2.77326e-09 	1.65323e-09
0.03      0.03    0.03    0.03    0.03    1.17 	0.0467027 	0.0111178 	0.0236648 	6.36058e-13 	-3.54964e-14 	-5.23075e-14 	2.27785e-13 	-7.80106e-14 	2.69565e-13 	6.12431e-11 	5.33714e-10 	3.17816e-10 	4.6558e-09 	2.77326e-09 	1.65323e-09
0.03      0.03    0.03    0.03    0.03    1.26 	0.0290314 	0.0141396 	0.00531293 	6.84805e-13 	-1.87672e-13 	2.66903e-13 	3.54478e-13 	-2.37717e-13 	7.41486e-13 	1.25435e-09 	2.09626e-09 	-4.50511e-09 	3.50543e-09 	-7.52493e-09 	1.6189e-08
0.03      0.03    0.03    0.03    0.03    1.35 	0.0290314 	0.0141396 	0.00531293 	6.84805e-13 	-1.87672e-13 	2.66903e-13 	3.54478e-13 	-2.37717e-13 	7.41486e-13 	1.25435e-09 	2.09626e-09 	-4.50511e-09 	3.50543e-09 	-7.52493e-09 	1.6189e-08
0.03      0.03    0.03    0.03    0.03    1.44 	0.0140929 	-0.0223132 	-0.0204686 	6.3776e-13 	-1.44308e-13 	-6.06687e-14 	2.79597e-13 	1.13504e-13 	5.41295e-13 	3.54958e-10 	-1.36225e-10 	-5.55803e-10 	7.21099e-11 	2.21639e-10 	8.74327e-10
0.03      0.03    0.03    0.03    0.03    1.53 	0.0140929 	-0.0223132 	-0.0204686 	6.3776e-13 	-1.44308e-13 	-6.06687e-14 	2.79597e-13 	1.13504e-13 	5.41295e-13 	3.54958e-10 	-1.36225e-10 	-5.55803e-10 	7.21099e-11 	2.21639e-10 	8.74327e-10
0.03      0.03    0.03    0.03    0.03    1.62 	0.00938245 	-0.00861416 	0.0222598 	4.5076e-13 	-5.30741e-14 	-1.90131e-13 	1.56474e-13 	7.35857e-14 	5.56643e-13 	3.69809e-11 	8.07209e-10 	1.56028e-10 	1.76949e-08 	3.43917e-09 	6.74017e-10
0.03      0.03    0.03    0.03    0.03    1.71 	0.00938245 	-0.00861416 	0.0222598 	4.5076e-13 	-5.30741e-14 	-1.90131e-13 	1.56474e-13 	7.35857e-14 	5.56643e-13 	3.69809e-11 	8.07209e-10 	1.56028e-10 	1.76949e-08 	3.43917e-09 	6.74017e-10
0.03      0.03    0.03    0.03    0.03    1.8 	-0.00414657 	0.0363657 	-0.000917744 	4.37588e-13 	-1.51067e-14 	-1.58732e-13 	1.77382e-13 	-1.34968e-14 	7.45948e-13 	2.37601e-10 	3.31611e-10 	-1.1973e-09 	4.63184e-10 	-1.66667e-09 	6.08912e-09
0.03      0.03    0.03    0.03    0.03    1.89 	-0.00414657 	0.0363657 	-0.000917744 	4.37588e-13 	-1.51067e-14 	-1.58732e-13 	1.77382e-13 	-1.34968e-14 	7.45948e-13 	2.37601e-10 	3.31611e-10 	-1.1973e-09 	4.63184e-10 	-1.66667e-09 	6.08912e-09
0.03      0.03    0.03    0.03    0.03    1.98 	0.00733811 	0.0207404 	-0.015129 	4.26629e-13 	-5.78874e-14 	-1.25921e-13 	1.94187e-13 	5.33483e-14 	3.50349e-13 	3.11352e-09 	1.62658e-09 	-1.06542e-10 	8.50206e-10 	-5.57508e-11 	3.67278e-12
0.03      0.03    0.03    0.03    0.03    2.07 	0.00733811 	0.0207404 	-0.015129 	4.26629e-13 	-5.78874e-14 	-1.25921e-13 	1.94187e-13 	5.33483e-14 	3.50349e-13 	3.11352e-09 	1.62658e-09 	-1.06542e-10 	8.50206e-10 	-5.57508e-11 	3.67278e-12
0.03      0.03    0.03    0.03    0.03    2.16 	-0.00583112 	-0.0152159 	-0.0294551 	3.19939e-13 	-3.94622e-14 	1.33492e-14 	2.86848e-13 	-1.43491e-13 	3.03714e-13 	2.31358e-11 	4.99125e-10 	-1.42585e-10 	1.10928e-08 	-3.14031e-09 	8.92426e-10
0.03      0.03    0.03    0.03    0.03    2.25 	-0.00583112 	-0.0152159 	-0.0294551 	3.19939e-13 	-3.94622e-14 	1.33492e-14 	2.86848e-13 	-1.43491e-13 	3.03714e-13 	2.31358e-11 	4.99125e-10 	-1.42585e-10 	1.10928e-08 	-3.14031e-09 	8.92426e-10
0.03      0.03    0.03    0.03    0.03    2.34 	-0.00583112 	-0.0152159 	-0.0294551 	3.19939e-13 	-3.94622e-14 	1.33492e-14 	2.86848e-13 	-1.43491e-13 	3.03714e-13 	2.31358e-11 	4.99125e-10 	-1.42585e-10 	1.10928e-08 	-3.14031e-09 	8.92426e-10
0.03      0.03    0.03    0.03    0.03    2.43 	-0.0347738 	-0.00971225 	0.0239126 	4.66628e-13 	-5.96111e-15 	4.78249e-15 	4.24275e-13 	-2.15173e-13 	5.15812e-13 	1.01049e-09 	-2.93749e-09 	-2.93942e-09 	8.68598e-09 	8.62928e-09 	8.59922e-09
0.03      0.03    0.03    0.03    0.03    2.52 	-0.0347738 	-0.00971225 	0.0239126 	4.66628e-13 	-5.96111e-15 	4.78249e-15 	4.24275e-13 	-2.15173e-13 	5.15812e-13 	1.01049e-09 	-2.93749e-09 	-2.93942e-09 	8.68598e-09 	8.62928e-09 	8.59922e-09
0.03      0.03    0.03    0.03    0.03    2.61 	0.0368637 	-0.0284952 	-0.0537604 	1.32161e-12 	-4.32699e-13 	7.69965e-14 	5.76589e-13 	-1.80463e-14 	6.03717e-13 	4.99001e-08 	2.51319e-08 	6.69377e-08 	1.26641e-08 	3.37241e-08 	8.98132e-08
0.03      0.03    0.03    0.03    0.03    2.7 	0.0368637 	-0.0284952 	-0.0537604 	1.32161e-12 	-4.32699e-13 	7.69965e-14 	5.76589e-13 	-1.80463e-14 	6.03717e-13 	4.99001e-08 	2.51319e-08 	6.69377e-08 	1.26641e-08 	3.37241e-08 	8.98132e-08
0.03      0.03    0.03    0.03    0.03    2.79 	0.0365645 	-0.00383411 	0.0306667 	4.0914e-12 	-1.02467e-12 	1.22227e-12 	5.52387e-13 	-3.39299e-13 	5.92438e-13 	2.37359e-08 	2.51209e-09 	3.38757e-08 	2.94206e-10 	3.57513e-09 	4.83509e-08
0.03      0.03    0.03    0.03    0.03    2.88 	0.0365645 	-0.00383411 	0.0306667 	4.0914e-12 	-1.02467e-12 	1.22227e-12 	5.52387e-13 	-3.39299e-13 	5.92438e-13 	2.37359e-08 	2.51209e-09 	3.38757e-08 	2.94206e-10 	3.57513e-09 	4.83509e-08
0.03      0.03    0.03    0.03    0.03    2.97 	-0.0130017 	0.0107604 	0.00454848 	1.07744e-12 	-2.9793e-13 	3.62629e-13 	2.75459e-13 	-9.88199e-14 	5.74255e-13 	2.47572e-09 	4.76137e-10 	-8.68861e-10 	9.1804e-11 	-1.67112e-10 	3.0506e-10
0.03      0.03    0.03    0.03    0.03    3.06 	-0.0130017 	0.0107604 	0.00454848 	1.07744e-12 	-2.9793e-13 	3.62629e-13 	2.75459e-13 	-9.88199e-14 	5.74255e-13 	2.47572e-09 	4.76137e-10 	-8.68861e-10 	9.1804e-11 	-1.67112e-10 	3.0506e-10
0.03      0.03    0.03    0.03    0.03    3.15 	-0.0153174 	0.00576109 	-0.0291801 	5.06053e-13 	-8.5852e-14 	-1.38908e-13 	3.35478e-13 	-1.23238e-13 	6.2805e-13 	1.54258e-08 	7.2602e-09 	7.50573e-09 	3.43112e-09 	3.53014e-09 	3.65608e-09
0.03      0.03    0.03    0.03    0.03    3.24 	-0.0153174 	0.00576109 	-0.0291801 	5.06053e-13 	-8.5852e-14 	-1.38908e-13 	3.35478e-13 	-1.23238e-13 	6.2805e-13 	1.54258e-08 	7.2602e-09 	7.50573e-09 	3.43112e-09 	3.53014e-09 	3.65608e-09
0.03      0.03    0.03    0.03    0.03    3.33 	0.0500082 	-0.00114937 	-0.0448086 	1.03267e-12 	-2.23998e-13 	-2.91724e-13 	2.94316e-13 	1.277e-13 	5.34235e-13 	2.77233e-09 	3.15354e-09 	2.82155e-09 	3.60588e-09 	3.19893e-09 	2.87791e-09
0.03      0.03    0.03    0.03    0.03    3.42 	0.0500082 	-0.00114937 	-0.0448086 	1.03267e-12 	-2.23998e-13 	-2.91724e-13 	2.94316e-13 	1.277e-13 	5.34235e-13 	2.77233e-09 	3.15354e-09 	2.82155e-09 	3.60588e-09 	3.19893e-09 	2.87791e-09
0.03      0.03    0.03    0.03    0.03    3.51 	0.0500082 	-0.00114937 	-0.0448086 	1.03267e-12 	-2.23998e-13 	-2.91724e-13 	2.94316e-13 	1.277e-13 	5.34235e-13 	2.77233e-09 	3.15354e-09 	2.82155e-09 	3.60588e-09 	3.19893e-09 	2.87791e-09
0.03      0.03    0.03    0.03    0.03    3.6 	-0.0418746 	0.0094308 	-0.0195549 	8.08508e-13 	-1.12704e-13 	-1.20673e-13 	2.02144e-13 	7.61816e-14 	3.23435e-13 	3.0095e-09 	-7.34436e-09 	4.11689e-09 	1.79713e-08 	-1.0077e-08 	5.65069e-09
0.03      0.03    0.03    0.03    0.03    3.69 	-0.0418746 	0.0094308 	-0.0195549 	8.08508e-13 	-1.12704e-13 	-1.20673e-13 	2.02144e-13 	7.61816e-14 	3.23435e-13 	3.0095e-09 	-7.34436e-09 	4.11689e-09 	1.79713e-08 	-1.0077e-08 	5.65069e-09
0.03      0.03    0.03    0.03    0.03    3.78 	0.115308 	-0.00963722 	-0.0438409 	7.83049e-13 	-8.57042e-14 	8.03691e-14 	2.13115e-13 	7.47791e-14 	2.05241e-13 	3.21228e-08 	9.55834e-10 	4.01745e-09 	4.8904e-11 	1.27499e-10 	5.06158e-10
0.03      0.03    0.03    0.03    0.03    3.87 	0.115308 	-0.00963722 	-0.0438409 	7.83049e-13 	-8.57042e-14 	8.03691e-14 	2.13115e-13 	7.47791e-14 	2.05241e-13 	3.21228e-08 	9.55834e-10 	4.01745e-09 	4.8904e-11 	1.27499e-10 	5.06158e-10
0.03      0.03    0.03    0.03    0.03    3.96 	0.0812306 	-0.0123704 	0.0407604 	9.83643e-13 	-8.17158e-14 	1.2293e-13 	2.03095e-13 	2.70169e-15 	2.34397e-13 	3.52929e-08 	2.80813e-08 	-3.36201e-10 	2.24551e-08 	-2.59179e-10 	4.55336e-12
0.03      0.03    0.03    0.03    0.03    4.05 	0.0812306 	-0.0123704 	0.0407604 	9.83643e-13 	-8.17158e-14 	1.2293e-13 	2.03095e-13 	2.70169e-15 	2.34397e-13 	3.52929e-08 	2.80813e-08 	-3.36201e-10 	2.24551e-08 	-2.59179e-10 	4.55336e-12
0.03      0.03    0.03    0.03    0.03    4.14 	-0.00508566 	0.0150001 	0.0434562 	5.42539e-13 	-2.5348e-14 	2.62786e-14 	1.25609e-13 	4.97505e-15 	2.76406e-13 	3.94373e-08 	-4.05583e-09 	-1.70962e-08 	4.34014e-10 	1.75595e-09 	7.41193e-09
0.03      0.03    0.03    0.03    0.03    4.23 	-0.00508566 	0.0150001 	0.0434562 	5.42539e-13 	-2.5348e-14 	2.62786e-14 	1.25609e-13 	4.97505e-15 	2.76406e-13 	3.94373e-08 	-4.05583e-09 	-1.70962e-08 	4.34014e-10 	1.75595e-09 	7.41193e-09
0.03      0.03    0.03    0.03    0.03    4.32 	0.0449512 	-0.0026795 	0.00577235 	8.72993e-13 	-9.81212e-14 	-4.09619e-14 	2.51688e-13 	-6.14571e-14 	5.88939e-13 	4.65828e-09 	6.36567e-09 	-5.54027e-10 	8.69904e-09 	-7.57857e-10 	7.71734e-11
0.03      0.03    0.03    0.03    0.03    4.41 	0.0449512 	-0.0026795 	0.00577235 	8.72993e-13 	-9.81212e-14 	-4.09619e-14 	2.51688e-13 	-6.14571e-14 	5.88939e-13 	4.65828e-09 	6.36567e-09 	-5.54027e-10 	8.69904e-09 	-7.57857e-10 	7.71734e-11
0.03      0.03    0.03    0.03    0.03    4.5 	0.0449512 	-0.0026795 	0.00577235 	8.72993e-13 	-9.81212e-14 	-4.09619e-14 	2.51688e-13 	-6.14571e-14 	5.88939e-13 	4.65828e-09 	6.36567e-09 	-5.54027e-10 	8.69904e-09 	-7.57857e-10 	7.71734e-11
0.1      0.1    0.1    0.1    0.1    0 	0.0166807 	0.0222734 	-0.00782297 	3.89479e-13 	-7.17527e-14 	2.2677e-14 	2.03626e-13 	5.1569e-14 	3.50313e-13 	1.52037e-08 	2.48508e-08 	7.86966e-08 	4.06384e-08 	1.28533e-07 	4.09316e-07
0.1      0.1    0.1    0.1    0.1    0.09 	0.0166807 	0.0222734 	-0.00782297 	3.89479e-13 	-7.17527e-14 	2.2677e-14 	2.03626e-13 	5.1569e-14 	3.50313e-13 	1.52037e-08 	2.48508e-08 	7.86966e-08 	4.06384e-08 	1.28533e-07 	4.09316e-07
0.1      0.1    0.1    0.1    0.1    0.18 	0.0166807 	0.0222734 	-0.00782297 	3.89479e-13 	-7.17527e-14 	2.2677e-14 	2.03626e-13 	5.1569e-14 	3.50313e-13 	1.52037e-08 	2.48508e-08 	7.86966e-08 	4.06384e-08 	1.28533e-07 	4.09316e-07
0.1      0.1    0.1    0.1    0.1    0.27 	-0.0206414 	0.0225482 	0.0689551 	4.75773e-13 	-3.63661e-14 	-1.08555e-13 	1.95898e-13 	-7.37493e-14 	4.60859e-13 	6.12005e-08 	-2.10985e-08 	-2.987e-08 	7.51083e-09 	1.02607e-08 	1.45843e-08
0.1      0.1    0.1    0.1    0.1    0.36 	-0.0206414 	0.0225482 	0.0689551 	4.75773e-13 	-3.63661e-14 	-1.08555e-13 	1.95898e-13 	-7.37493e-14 	4.60859e-13 	6.12005e-08 	-2.10985e-08 	-2.987e-08 	7.51083e-09 	1.02607e-08 	1.45843e-08
0.1      0.1    0.1    0.1    0.1    0.45 	0.0222897 	-0.0040166 	0.00296229 	8.88918e-13 	-1.38536e-13 	2.85223e-14 	2.33015e-13 	-6.06417e-14 	6.47921e-13 	1.51744e-08 	1.15621e-08 	4.7661e-08 	8.84728e-09 	3.61508e-08 	1.50466e-07
0.1      0.1    0.1    0.1    0.1    0.54 	0.0222897 	-0.0040166 	0.00296229 	8.88918e-13 	-1.38536e-13 	2.85223e-14 	2.33015e-13 	-6.06417e-14 	6.47921e-13 	1.51744e-08 	1.15621e-08 	4.7661e-08 	8.84728e-09 	3.61508e-08 	1.50466e-07
0.1      0.1    0.1    0.1    0.1    0.63 	-0.0118243 	-0.00867315 	-0.0310844 	1.38955e-12 	-4.74668e-13 	4.14679e-13 	4.42823e-13 	-1.81091e-13 	6.82584e-13 	1.06398e-09 	6.67955e-09 	5.1908e-09 	4.20759e-08 	3.26534e-08 	2.53583e-08
0.1      0.1    0.1    0.1    0.1    0.72 	-0.0118243 	-0.00867315 	-0.0310844 	1.38955e-12 	-4.74668e-13 	4.14679e-13 	4.42823e-13 	-1.81091e-13 	6.82584e-13 	1.06398e-09 	6.67955e-09 	5.1908e-09 	4.20759e-08 	3.26534e-08 	2.53583e-08
0.1      0.1    0.1    0.1    0.1    0.81 	-0.0136329 	-0.00289079 	-0.0228038 	6.4171e-13 	-1.25711e-13 	1.07397e-13 	2.78833e-13 	-5.03579e-14 	2.36542e-13 	6.25015e-11 	2.32751e-10 	5.90929e-11 	2.59848e-09 	5.47879e-09 	1.60467e-08
0.1      0.1    0.1    0.1    0.1    0.9 	-0.0136329 	-0.00289079 	-0.0228038 	6.4171e-13 	-1.25711e-13 	1.07397e-13 	2.78833e-13 	-5.03579e-14 	2.36542e-13 	6.25015e-11 	2.32751e-10 	5.90929e-11 	2.59848e-09 	5.47879e-09 	1.60467e-08
0.1      0.1    0.1    0.1    0.1    0.99 	0.0467596 	0.0115427 	0.023839 	6.38209e-13 	-3.58269e-14 	-5.31248e-14 	2.27539e-13 	-7.69662e-14 	2.69167e-13 	6.04217e-10 	4.6409e-09 	2.13656e-09 	3.56747e-08 	1.64637e-08 	7.68545e-09
0.1      0.1    0.1    0.1    0.1    1.08 	0.0467596 	0.0115427 	0.023839 	6.38209e-13 	-3.58269e-14 	-5.31248e-14 	2.27539e-13 	-7.69662e-14 	2.69167e-13 	6.04217e-10 	4.6409e-09 	2.13656e-09 	3.56747e-08 	1.64637e-08 	7.68545e-09
0.1      0.1    0.1    0.1    0.1    1.17 	0.0467596 	0.0115427 	0.023839 	6.38209e-13 	-3.58269e-14 	-5.31248e-14 	2.27539e-13 	-7.69662e-14 	2.69167e-13 	6.04217e-10 	4.6409e-09 	2.13656e-09 	3.56747e-08 	1.64637e-08 	7.68545e-09
0.1      0.1    0.1    0.1    0.1    1.26 	0.0291829 	0.0144017 	0.00448682 	6.86478e-13 	-1.87242e-13 	2.67959e-13 	3.53819e-13 	-2.3753e-13 	7.45518e-13 	5.95475e-09 	9.89865e-09 	-2.78427e-08 	1.64758e-08 	-4.64436e-08 	1.32164e-07
0.1      0.1    0.1    0.1    0.1    1.35 	0.0291829 	0.0144017 	0.00448682 	6.86478e-13 	-1.87242e-13 	2.67959e-13 	3.53819e-13 	-2.3753e-13 	7.45518e-13 	5.95475e-09 	9.89865e-09 	-2.78427e-08 	1.64758e-08 	-4.64436e-08 	1.32164e-07
0.1      0.1    0.1    0.1    0.1    1.44 	0.0139885 	-0.0221003 	-0.0201442 	6.35777e-13 	-1.4322e-13 	-5.81124e-14 	2.78123e-13 	1.11345e-13 	5.38278e-13 	2.21167e-09 	-3.62869e-09 	-5.89236e-09 	6.30829e-09 	1.0022e-08 	1.60688e-08
0.1      0.1    0.1    0.1    0.1    1.53 	0.0139885 	-0.0221003 	-0.0201442 	6.35777e-13 	-1.4322e-13 	-5.81124e-14 	2.78123e-13 	1.11345e-13 	5.38278e-13 	2.21167e-09 	-3.62869e-09 	-5.89236e-09 	6.30829e-09 	1.0022e-08 	1.60688e-08
0.1      0.1    0.1    0.1    0.1    1.62 	0.00940391 	-0.00908405 	0.0219984 	4.49858e-13 	-5.23912e-14 	-1.91126e-13 	1.55692e-13 	7.30443e-14 	5.53798e-13 	5.37803e-11 	-1.73678e-10 	-2.77742e-10 	6.5652e-08 	2.54826e-08 	1.07213e-08
0.1      0.1    0.1    0.1    0.1    1.71 	0.00940391 	-0.00908405 	0.0219984 	4.49858e-13 	-5.23912e-14 	-1.91126e-13 	1.55692e-13 	7.30443e-14 	5.53798e-13 	5.37803e-11 	-1.73678e-10 	-2.77742e-10 	6.5652e-08 	2.54826e-08 	1.07213e-08
0.1      0.1    0.1    0.1    0.1    1.8 	-0.00433098 	0.0361401 	-0.00036423 	4.37669e-13 	-1.57802e-14 	-1.58264e-13 	1.77352e-13 	-1.29589e-14 	7.4583e-13 	5.09295e-09 	6.45821e-09 	-1.66846e-08 	8.20306e-09 	-2.12396e-08 	5.52915e-08
0.1      0.1    0.1    0.1    0.1    1.89 	-0.00433098 	0.0361401 	-0.00036423 	4.37669e-13 	-1.57802e-14 	-1.58264e-13 	1.77352e-13 	-1.29589e-14 	7.4583e-13 	5.09295e-09 	6.45821e-09 	-1.66846e-08 	8.20306e-09 	-2.12396e-08 	5.52915e-08
0.1      0.1    0.1    0.1    0.1    1.98 	0.00768293 	0.0209608 	-0.0151626 	4.26014e-13 	-5.85438e-14 	-1.25757e-13 	1.94059e-13 	5.33451e-14 	3.50443e-13 	2.36325e-08 	1.44013e-08 	-1.77173e-09 	8.79684e-09 	-1.09222e-09 	1.41288e-10
0.1      0.1    0.1    0.1    0.1    2.07 	0.00768293 	0.0209608 	-0.0151626 	4.26014e-13 	-5.85438e-14 	-1.25757e-13 	1.94059e-13 	5.33451e-14 	3.50443e-13 	2.36325e-08 	1.44013e-08 	-1.77173e-09 	8.79684e-09 	-1.09222e-09 	1.41288e-10
0.1      0.1    0.1    0.1    0.1    2.16 	-0.00597953 	-0.0157753 	-0.0290206 	3.21599e-13 	-4.08313e-14 	1.43133e-14 	2.8879e-13 	-1.44539e-13 	3.053e-13 	2.69221e-09 	1.27517e-08 	-8.31233e-09 	6.7823e-08 	-4.06278e-08 	2.58793e-08
0.1      0.1    0.1    0.1    0.1    2.25 	-0.00597953 	-0.0157753 	-0.0290206 	3.21599e-13 	-4.08313e-14 	1.43133e-14 	2.8879e-13 	-1.44539e-13 	3.053e-13 	2.69221e-09 	1.27517e-08 	-8.31233e-09 	6.7823e-08 	-4.06278e-08 	2.58793e-08
0.1      0.1    0.1    0.1    0.1    2.34 	-0.00597953 	-0.0157753 	-0.0290206 	3.21599e-13 	-4.08313e-14 	1.43133e-14 	2.8879e-13 	-1.44539e-13 	3.053e-13 	2.69221e-09 	1.27517e-08 	-8.31233e-09 	6.7823e-08 	-4.06278e-08 	2.58793e-08
0.1      0.1    0.1    0.1    0.1    2.43 	-0.0352256 	-0.00939513 	0.0246039 	4.68052e-13 	-4.30022e-15 	3.12359e-15 	4.25407e-13 	-2.18227e-13 	5.22646e-13 	2.86662e-08 	-2.74009e-08 	-4.84795e-08 	2.96401e-08 	4.85528e-08 	8.34085e-08
0.1      0.1    0.1    0.1    0.1    2.52 	-0.0352256 	-0.00939513 	0.0246039 	4.68052e-13 	-4.30022e-15 	3.12359e-15 	4.25407e-13 	-2.18227e-13 	5.22646e-13 	2.86662e-08 	-2.74009e-08 	-4.84795e-08 	2.96401e-08 	4.85528e-08 	8.34085e-08
0.1      0.1    0.1    0.1    0.1    2.61 	0.0388979 	-0.0278475 	-0.0515403 	1.3243e-12 	-4.32572e-13 	8.22588e-14 	5.73809e-13 	-2.41437e-14 	6.05035e-13 	6.73424e-07 	2.40524e-07 	7.6957e-07 	8.71697e-08 	2.76552e-07 	8.81702e-07
0.1      0.1    0.1    0.1    0.1    2.7 	0.0388979 	-0.0278475 	-0.0515403 	1.3243e-12 	-4.32572e-13 	8.22588e-14 	5.73809e-13 	-2.41437e-14 	6.05035e-13 	6.73424e-07 	2.40524e-07 	7.6957e-07 	8.71697e-08 	2.76552e-07 	8.81702e-07
0.1      0.1    0.1    0.1    0.1    2.79 	0.0359381 	-0.00378294 	0.0296043 	4.08643e-12 	-1.02095e-12 	1.20524e-12 	5.48923e-13 	-3.34536e-13 	5.85683e-13 	1.04858e-07 	-1.83214e-09 	1.65419e-07 	2.87957e-10 	-3.30657e-09 	2.61709e-07
0.1      0.1    0.1    0.1    0.1    2.88 	0.0359381 	-0.00378294 	0.0296043 	4.08643e-12 	-1.02095e-12 	1.20524e-12 	5.48923e-13 	-3.34536e-13 	5.85683e-13 	1.04858e-07 	-1.83214e-09 	1.65419e-07 	2.87957e-10 	-3.30657e-09 	2.61709e-07
0.1      0.1    0.1    0.1    0.1    2.97 	-0.0128589 	0.0106387 	0.00449633 	1.08076e-12 	-2.99457e-13 	3.62168e-13 	2.76081e-13 	-9.91381e-14 	5.74958e-13 	6.5096e-09 	-1.82486e-09 	-2.2695e-09 	1.36376e-09 	6.62803e-10 	7.92471e-10
0.1      0.1    0.1    0.1    0.1    3.06 	-0.0128589 	0.0106387 	0.00449633 	1.08076e-12 	-2.99457e-13 	3.62168e-13 	2.76081e-13 	-9.91381e-14 	5.74958e-13 	6.5096e-09 	-1.82486e-09 	-2.2695e-09 	1.36376e-09 	6.62803e-10 	7.92471e-10
0.1      0.1    0.1    0.1    0.1    3.15 	-0.0146647 	0.00619837 	-0.0291886 	5.08434e-13 	-8.59403e-14 	-1.41619e-13 	3.34808e-13 	-1.22003e-13 	6.28986e-13 	8.95672e-08 	5.61616e-08 	1.43989e-08 	3.54119e-08 	8.49325e-09 	4.35233e-09
0.1      0.1    0.1    0.1    0.1    3.24 	-0.0146647 	0.00619837 	-0.0291886 	5.08434e-13 	-8.59403e-14 	-1.41619e-13 	3.34808e-13 	-1.22003e-13 	6.28986e-13 	8.95672e-08 	5.61616e-08 	1.43989e-08 	3.54119e-08 	8.49325e-09 	4.35233e-09
0.1      0.1    0.1    0.1    0.1    3.33 	0.0496902 	-0.001267 	-0.0451886 	1.0289e-12 	-2.22415e-13 	-2.89819e-13 	2.91951e-13 	1.26068e-13 	5.30414e-13 	1.99118e-08 	1.15626e-08 	2.32666e-08 	7.50699e-09 	1.33905e-08 	2.72157e-08
0.1      0.1    0.1    0.1    0.1    3.42 	0.0496902 	-0.001267 	-0.0451886 	1.0289e-12 	-2.22415e-13 	-2.89819e-13 	2.91951e-13 	1.26068e-13 	5.30414e-13 	1.99118e-08 	1.15626e-08 	2.32666e-08 	7.50699e-09 	1.33905e-08 	2.72157e-08
0.1      0.1    0.1    0.1    0.1    3.51 	0.0496902 	-0.001267 	-0.0451886 	1.0289e-12 	-2.22415e-13 	-2.89819e-13 	2.91951e-13 	1.26068e-13 	5.30414e-13 	1.99118e-08 	1.15626e-08 	2.32666e-08 	7.50699e-09 	1.33905e-08 	2.72157e-08
0.1      0.1    0.1    0.1    0.1    3.6 	-0.041312 	0.00867135 	-0.0191448 	8.03682e-13 	-1.11447e-13 	-1.21114e-13 	2.00966e-13 	7.5071e-14 	3.20665e-13 	4.90389e-08 	-7.5468e-08 	4.12457e-08 	1.1866e-07 	-6.49613e-08 	3.55685e-08
0.1      0.1    0.1    0.1    0.1    3.69 	-0.041312 	0.00867135 	-0.0191448 	8.03682e-13 	-1.11447e-13 	-1.21114e-13 	2.00966e-13 	7.5071e-14 	3.20665e-13 	4.90389e-08 	-7.5468e-08 	4.12457e-08 	1.1866e-07 	-6.49613e-08 	3.55685e-08
0.1      0.1    0.1    0.1    0.1    3.78 	0.11407 	-0.0100142 	-0.0440462 	7.64798e-13 	-8.66689e-14 	7.8236e-14 	2.1229e-13 	7.571e-14 	2.02516e-13 	2.80016e-07 	6.6078e-08 	4.47646e-08 	1.68986e-08 	1.07073e-08 	7.17689e-09
0.1      0.1    0.1    0.1    0.1    3.87 	0.11407 	-0.0100142 	-0.0440462 	7.64798e-13 	-8.66689e-14 	7.8236e-14 	2.1229e-13 	7.571e-14 	2.02516e-13 	2.80016e-07 	6.6078e-08 	4.47646e-08 	1.68986e-08 	1.07073e-08 	7.17689e-09
0.1      0.1    0.1    0.1    0.1    3.96 	0.0826628 	-0.0116032 	0.0405591 	9.81622e-13 	-8.03573e-14 	1.21548e-13 	2.02724e-13 	3.21057e-15 	2.3344e-13 	3.66419e-07 	2.12748e-07 	-3.7951e-08 	1.24489e-07 	-2.14239e-08 	4.43329e-09
0.1      0.1    0.1    0.1    0.1    4.05 	0.0826628 	-0.0116032 	0.0405591 	9.81622e-13 	-8.03573e-14 	1.21548e-13 	2.02724e-13 	3.21057e-15 	2.3344e-13 	3.66419e-07 	2.12748e-07 	-3.7951e-08 	1.24489e-07 	-2.14239e-08 	4.43329e-09
0.1      0.1    0.1    0.1    0.1    4.14 	-0.00375228 	0.0147175 	0.0429905 	5.43145e-13 	-2.48323e-14 	2.689e-14 	1.2549e-13 	4.36877e-15 	2.76099e-13 	3.37431e-07 	-6.33465e-08 	-1.2561e-07 	1.20891e-08 	2.34049e-08 	4.69257e-08
0.1      0.1    0.1    0.1    0.1    4.23 	-0.00375228 	0.0147175 	0.0429905 	5.43145e-13 	-2.48323e-14 	2.689e-14 	1.2549e-13 	4.36877e-15 	2.76099e-13 	3.37431e-07 	-6.33465e-08 	-1.2561e-07 	1.20891e-08 	2.34049e-08 	4.69257e-08
0.1      0.1    0.1    0.1    0.1    4.32 	0.044723 	-0.00311231 	0.00597026 	8.7285e-13 	-9.84081e-14 	-4.12888e-14 	2.51244e-13 	-6.03942e-14 	5.87419e-13 	1.64813e-08 	2.66356e-08 	-8.60981e-09 	4.35653e-08 	-1.45572e-08 	5.3204e-09
0.1      0.1    0.1    0.1    0.1    4.41 	0.044723 	-0.00311231 	0.00597026 	8.7285e-13 	-9.84081e-14 	-4.12888e-14 	2.51244e-13 	-6.03942e-14 	5.87419e-13 	1.64813e-08 	2.66356e-08 	-8.60981e-09 	4.35653e-08 	-1.45572e-08 	5.3204e-09
0.1      0.1    0.1    0.1    0.1    4.5 	0.044723 	-0.00311231 	0.00597026 	8.7285e-13 	-9.84081e-14 	-4.12888e-14 	2.51244e-13 	-6.03942e-14 	5.87419e-13 	1.64813e-08 	2.66356e-08 	-8.60981e-09 	4.35653e-08 	-1.45572e-08 	5.3204e-09
0.2      0.2    0.2    0.2    0.2    0 	0.0170894 	0.0229281 	-0.00601157 	3.9174e-13 	-7.25669e-14 	2.26613e-14 	2.03508e-13 	5.31615e-14 	3.51632e-13 	6.05656e-08 	9.72403e-08 	2.82466e-07 	1.56143e-07 	4.53598e-07 	1.32086e-06
0.2      0.2    0.2    0.2    0.2    0.09 	0.0170894 	0.0229281 	-0.00601157 	3.9174e-13 	-7.25669e-14 	2.26613e-14 	2.03508e-13 	5.31615e-14 	3.51632e-13 	6.05656e-08 	9.72403e-08 	2.82466e-07 	1.56143e-07 	4.53598e-07 	1.32086e-06
0.2      0.2    0.2    0.2    0.2    0.18 	0.0170894 	0.0229281 	-0.00601157 	3.9174e-13 	-7.25669e-14 	2.26613e-14 	2.03508e-13 	5.31615e-14 	3.51632e-13 	6.05656e-08 	9.72403e-08 	2.82466e-07 	1.56143e-07 	4.53598e-07 	1.32086e-06
0.2      0.2    0.2    0.2    0.2    0.27 	-0.0201047 	0.0225452 	0.0686411 	4.73686e-13 	-3.40198e-14 	-1.09438e-13 	1.9433e-13 	-7.65779e-14 	4.65807e-13 	1.50146e-07 	-2.84114e-08 	-7.89792e-08 	6.73351e-09 	1.45865e-08 	4.16445e-08
0.2      0.2    0.2    0.2    0.2    0.36 	-0.0201047 	0.0225452 	0.0686411 	4.73686e-13 	-3.40198e-14 	-1.09438e-13 	1.9433e-13 	-7.65779e-14 	4.65807e-13 	1.50146e-07 	-2.84114e-08 	-7.89792e-08 	6.73351e-09 	1.45865e-08 	4.16445e-08
0.2      0.2    0.2    0.2    0.2    0.45 	0.0225122 	-0.0038934 	0.00400217 	8.85373e-13 	-1.37275e-13 	2.82486e-14 	2.32345e-13 	-6.01664e-14 	6.49262e-13 	3.28345e-08 	2.17438e-08 	1.22743e-07 	1.45328e-08 	8.04651e-08 	4.64211e-07
0.2      0.2    0.2    0.2    0.2    0.54 	0.0225122 	-0.0038934 	0.00400217 	8.85373e-13 	-1.37275e-13 	2.82486e-14 	2.32345e-13 	-6.01664e-14 	6.49262e-13 	3.28345e-08 	2.17438e-08 	1.22743e-07 	1.45328e-08 	8.04651e-08 	4.64211e-07
0.2      0.2    0.2    0.2    0.2    0.63 	-0.0119413 	-0.00906148 	-0.0314544 	1.38658e-12 	-4.71159e-13 	4.10622e-13 	4.38006e-13 	-1.77194e-13 	6.76529e-13 	4.35058e-09 	2.03717e-08 	1.73337e-08 	9.80325e-08 	8.26921e-08 	6.99483e-08
0.2      0.2    0.2    0.2    0.2    0.72 	-0.0119413 	-0.00906148 	-0.0314544 	1.38658e-12 	-4.71159e-13 	4.10622e-13 	4.38006e-13 	-1.77194e-13 	6.76529e-13 	4.35058e-09 	2.03717e-08 	1.73337e-08 	9.80325e-08 	8.26921e-08 	6.99483e-08
0.2      0.2    0.2    0.2    0.2    0.81 	-0.0135457 	-0.00259742 	-0.0225276 	6.41451e-13 	-1.25962e-13 	1.07673e-13 	2.79032e-13 	-5.07848e-14 	2.36174e-13 	1.1946e-09 	5.0768e-09 	5.96745e-09 	2.2907e-08 	2.90009e-08 	4.02927e-08
0.2      0.2    0.2    0.2    0.2    0.9 	-0.0135457 	-0.00259742 	-0.0225276 	6.41451e-13 	-1.25962e-13 	1.07673e-13 	2.79032e-13 	-5.07848e-14 	2.36174e-13 	1.1946e-09 	5.0768e-09 	5.96745e-09 	2.2907e-08 	2.90009e-08 	4.02927e-08
0.2      0.2    0.2    0.2    0.2    0.99 	0.0468114 	0.011965 	0.0239495 	6.41386e-13 	-3.64309e-14 	-5.42825e-14 	2.27203e-13 	-7.54021e-14 	2.68661e-13 	1.54626e-09 	1.19639e-08 	4.35914e-09 	9.26067e-08 	3.37144e-08 	1.25857e-08
0.2      0.2    0.2    0.2    0.2    1.08 	0.0468114 	0.011965 	0.0239495 	6.41386e-13 	-3.64309e-14 	-5.42825e-14 	2.27203e-13 	-7.54021e-14 	2.68661e-13 	1.54626e-09 	1.19639e-08 	4.35914e-09 	9.26067e-08 	3.37144e-08 	1.25857e-08
0.2      0.2    0.2    0.2    0.2    1.17 	0.0468114 	0.011965 	0.0239495 	6.41386e-13 	-3.64309e-14 	-5.42825e-14 	2.27203e-13 	-7.54021e-14 	2.68661e-13 	1.54626e-09 	1.19639e-08 	4.35914e-09 	9.26067e-08 	3.37144e-08 	1.25857e-08
0.2      0.2    0.2    0.2    0.2    1.26 	0.0292619 	0.014646 	0.00363048 	6.8888e-13 	-1.86674e-13 	2.6944e-13 	3.5287e-13 	-2.37175e-13 	7.51139e-13 	8.688e-09 	1.72308e-08 	-5.44197e-08 	3.49272e-08 	-1.11401e-07 	3.5753e-07
0.2      0.2    0.2    0.2    0.2    1.35 	0.0292619 	0.014646 	0.00363048 	6.8888e-13 	-1.86674e-13 	2.6944e-13 	3.5287e-13 	-2.37175e-13 	7.51139e-13 	8.688e-09 	1.72308e-08 	-5.44197e-08 	3.49272e-08 	-1.11401e-07 	3.5753e-07
0.2      0.2    0.2    0.2    0.2    1.44 	0.0138459 	-0.0218784 	-0.019642 	6.32935e-13 	-1.41657e-13 	-5.44709e-14 	2.76097e-13 	1.08282e-13 	5.34018e-13 	7.27663e-09 	-1.28071e-08 	-2.35897e-08 	2.28157e-08 	4.17439e-08 	7.71264e-08
0.2      0.2    0.2    0.2    0.2    1.53 	0.0138459 	-0.0218784 	-0.019642 	6.32935e-13 	-1.41657e-13 	-5.44709e-14 	2.76097e-13 	1.08282e-13 	5.34018e-13 	7.27663e-09 	-1.28071e-08 	-2.35897e-08 	2.28157e-08 	4.17439e-08 	7.71264e-08
0.2      0.2    0.2    0.2    0.2    1.62 	0.00948303 	-0.00930205 	0.0216059 	4.4846e-13 	-5.13691e-14 	-1.92439e-13 	1.54607e-13 	7.22273e-14 	5.49728e-13 	1.07787e-09 	-6.98997e-09 	-6.84372e-09 	8.39648e-08 	5.89496e-08 	4.89466e-08
0.2      0.2    0.2    0.2    0.2    1.71 	0.00948303 	-0.00930205 	0.0216059 	4.4846e-13 	-5.13691e-14 	-1.92439e-13 	1.54607e-13 	7.22273e-14 	5.49728e-13 	1.07787e-09 	-6.98997e-09 	-6.84372e-09 	8.39648e-08 	5.89496e-08 	4.89466e-08
0.2      0.2    0.2    0.2    0.2    1.8 	-0.00463059 	0.0358842 	0.000410484 	4.37846e-13 	-1.67392e-14 	-1.57623e-13 	1.77354e-13 	-1.22062e-14 	7.45665e-13 	2.60226e-08 	2.69079e-08 	-7.27654e-08 	2.81191e-08 	-7.57253e-08 	2.0456e-07
0.2      0.2    0.2    0.2    0.2    1.89 	-0.00463059 	0.0358842 	0.000410484 	4.37846e-13 	-1.67392e-14 	-1.57623e-13 	1.77354e-13 	-1.22062e-14 	7.45665e-13 	2.60226e-08 	2.69079e-08 	-7.27654e-08 	2.81191e-08 	-7.57253e-08 	2.0456e-07
0.2      0.2    0.2    0.2    0.2    1.98 	0.00803168 	0.0211812 	-0.01527 	4.25222e-13 	-5.95257e-14 	-1.25565e-13 	1.93931e-13 	5.33818e-14 	3.50667e-13 	6.16263e-08 	3.90547e-08 	-1.03867e-08 	2.47707e-08 	-6.61251e-09 	1.97666e-09
0.2      0.2    0.2    0.2    0.2    2.07 	0.00803168 	0.0211812 	-0.01527 	4.25222e-13 	-5.95257e-14 	-1.25565e-13 	1.93931e-13 	5.33818e-14 	3.50667e-13 	6.16263e-08 	3.90547e-08 	-1.03867e-08 	2.47707e-08 	-6.61251e-09 	1.97666e-09
0.2      0.2    0.2    0.2    0.2    2.16 	-0.00626806 	-0.0162531 	-0.0281755 	3.24251e-13 	-4.30293e-14 	1.57286e-14 	2.91537e-13 	-1.45859e-13 	3.07406e-13 	2.08373e-08 	5.28302e-08 	-6.08054e-08 	1.47185e-07 	-1.55224e-07 	1.77595e-07
0.2      0.2    0.2    0.2    0.2    2.25 	-0.00626806 	-0.0162531 	-0.0281755 	3.24251e-13 	-4.30293e-14 	1.57286e-14 	2.91537e-13 	-1.45859e-13 	3.07406e-13 	2.08373e-08 	5.28302e-08 	-6.08054e-08 	1.47185e-07 	-1.55224e-07 	1.77595e-07
0.2      0.2    0.2    0.2    0.2    2.34 	-0.00626806 	-0.0162531 	-0.0281755 	3.24251e-13 	-4.30293e-14 	1.57286e-14 	2.91537e-13 	-1.45859e-13 	3.07406e-13 	2.08373e-08 	5.28302e-08 	-6.08054e-08 	1.47185e-07 	-1.55224e-07 	1.77595e-07
0.2      0.2    0.2    0.2    0.2    2.43 	-0.0360069 	-0.00917859 	0.0256231 	4.70014e-13 	-1.8529e-15 	7.15584e-16 	4.27169e-13 	-2.22652e-13 	5.324e-13 	1.68529e-07 	-8.10983e-08 	-2.37282e-07 	4.51515e-08 	1.17813e-07 	3.36254e-07
0.2      0.2    0.2    0.2    0.2    2.52 	-0.0360069 	-0.00917859 	0.0256231 	4.70014e-13 	-1.8529e-15 	7.15584e-16 	4.27169e-13 	-2.22652e-13 	5.324e-13 	1.68529e-07 	-8.10983e-08 	-2.37282e-07 	4.51515e-08 	1.17813e-07 	3.36254e-07
0.2      0.2    0.2    0.2    0.2    2.61 	0.0418572 	-0.0272268 	-0.0486858 	1.32588e-12 	-4.31495e-13 	8.98778e-14 	5.69408e-13 	-3.26617e-14 	6.06682e-13 	2.86232e-06 	7.67166e-07 	2.95187e-06 	2.10322e-07 	7.96967e-07 	3.0514e-06
0.2      0.2    0.2    0.2    0.2    2.7 	0.0418572 	-0.0272268 	-0.0486858 	1.32588e-12 	-4.31495e-13 	8.98778e-14 	5.69408e-13 	-3.26617e-14 	6.06682e-13 	2.86232e-06 	7.67166e-07 	2.95187e-06 	2.10322e-07 	7.96967e-07 	3.0514e-06
0.2      0.2    0.2    0.2    0.2    2.79 	0.0356574 	-0.00367586 	0.0287928 	4.07924e-12 	-1.0146e-12 	1.18114e-12 	5.43436e-13 	-3.27661e-13 	5.76392e-13 	1.43953e-07 	-1.50525e-08 	2.66589e-07 	2.51789e-09 	-3.08054e-08 	5.03244e-07
0.2      0.2    0.2    0.2    0.2    2.88 	0.0356574 	-0.00367586 	0.0287928 	4.07924e-12 	-1.0146e-12 	1.18114e-12 	5.43436e-13 	-3.27661e-13 	5.76392e-13 	1.43953e-07 	-1.50525e-08 	2.66589e-07 	2.51789e-09 	-3.08054e-08 	5.03244e-07
0.2      0.2    0.2    0.2    0.2    2.97 	-0.0127134 	0.0102395 	0.00441803 	1.08508e-12 	-3.01451e-13 	3.6131e-13 	2.76708e-13 	-9.95963e-14 	5.75796e-13 	1.20528e-08 	-1.6615e-08 	-5.07877e-09 	2.96456e-08 	7.46459e-09 	2.17381e-09
0.2      0.2    0.2    0.2    0.2    3.06 	-0.0127134 	0.0102395 	0.00441803 	1.08508e-12 	-3.01451e-13 	3.6131e-13 	2.76708e-13 	-9.95963e-14 	5.75796e-13 	1.20528e-08 	-1.6615e-08 	-5.07877e-09 	2.96456e-08 	7.46459e-09 	2.17381e-09
0.2      0.2    0.2    0.2    0.2    3.15 	-0.0138483 	0.00655295 	-0.0296477 	5.11727e-13 	-8.60552e-14 	-1.45559e-13 	3.33712e-13 	-1.20121e-13 	6.30168e-13 	2.63539e-07 	1.47991e-07 	-5.86984e-08 	8.39885e-08 	-3.07099e-08 	2.45141e-08
0.2      0.2    0.2    0.2    0.2    3.24 	-0.0138483 	0.00655295 	-0.0296477 	5.11727e-13 	-8.60552e-14 	-1.45559e-13 	3.33712e-13 	-1.20121e-13 	6.30168e-13 	2.63539e-07 	1.47991e-07 	-5.86984e-08 	8.39885e-08 	-3.07099e-08 	2.45141e-08
0.2      0.2    0.2    0.2    0.2    3.33 	0.0492874 	-0.00124531 	-0.0455705 	1.02341e-12 	-2.2032e-13 	-2.87142e-13 	2.88734e-13 	1.23807e-13 	5.24916e-13 	6.25832e-08 	1.31908e-08 	6.76351e-08 	5.13428e-09 	1.47847e-08 	7.33292e-08
0.2      0.2    0.2    0.2    0.2    3.42 	0.0492874 	-0.00124531 	-0.0455705 	1.02341e-12 	-2.2032e-13 	-2.87142e-13 	2.88734e-13 	1.23807e-13 	5.24916e-13 	6.25832e-08 	1.31908e-08 	6.76351e-08 	5.13428e-09 	1.47847e-08 	7.33292e-08
0.2      0.2    0.2    0.2    0.2    3.51 	0.0492874 	-0.00124531 	-0.0455705 	1.02341e-12 	-2.2032e-13 	-2.87142e-13 	2.88734e-13 	1.23807e-13 	5.24916e-13 	6.25832e-08 	1.31908e-08 	6.76351e-08 	5.13428e-09 	1.47847e-08 	7.33292e-08
0.2      0.2    0.2    0.2    0.2    3.6 	-0.0404429 	0.00789741 	-0.0187654 	7.96897e-13 	-1.09626e-13 	-1.21653e-13 	1.99326e-13 	7.34421e-14 	3.16787e-13 	2.33049e-07 	-2.63e-07 	1.36562e-07 	3.04225e-07 	-1.58704e-07 	8.28631e-08
0.2      0.2    0.2    0.2    0.2    3.69 	-0.0404429 	0.00789741 	-0.0187654 	7.96897e-13 	-1.09626e-13 	-1.21653e-13 	1.99326e-13 	7.34421e-14 	3.16787e-13 	2.33049e-07 	-2.63e-07 	1.36562e-07 	3.04225e-07 	-1.58704e-07 	8.28631e-08
0.2      0.2    0.2    0.2    0.2    3.78 	0.112286 	-0.0108009 	-0.0442364 	7.39522e-13 	-8.79631e-14 	7.53277e-14 	2.1121e-13 	7.69608e-14 	1.98815e-13 	1.05265e-06 	3.82561e-07 	1.45446e-07 	1.42883e-07 	5.21871e-08 	2.03456e-08
0.2      0.2    0.2    0.2    0.2    3.87 	0.112286 	-0.0108009 	-0.0442364 	7.39522e-13 	-8.79631e-14 	7.53277e-14 	2.1121e-13 	7.69608e-14 	1.98815e-13 	1.05265e-06 	3.82561e-07 	1.45446e-07 	1.42883e-07 	5.21871e-08 	2.03456e-08
0.2      0.2    0.2    0.2    0.2    3.96 	0.0843709 	-0.0106715 	0.0399926 	9.78389e-13 	-7.84646e-14 	1.19489e-13 	2.02264e-13 	3.90365e-15 	2.3207e-13 	1.18962e-06 	6.54663e-07 	-2.58889e-07 	3.60953e-07 	-1.41463e-07 	6.08201e-08
0.2      0.2    0.2    0.2    0.2    4.05 	0.0843709 	-0.0106715 	0.0399926 	9.78389e-13 	-7.84646e-14 	1.19489e-13 	2.02264e-13 	3.90365e-15 	2.3207e-13 	1.18962e-06 	6.54663e-07 	-2.58889e-07 	3.60953e-07 	-1.41463e-07 	6.08201e-08
0.2      0.2    0.2    0.2    0.2    4.14 	-0.00229596 	0.0143635 	0.0425835 	5.43892e-13 	-2.41169e-14 	2.77269e-14 	1.2532e-13 	3.55476e-15 	2.75662e-13 	9.6789e-07 	-2.1413e-07 	-3.14687e-07 	4.77244e-08 	6.91534e-08 	1.02987e-07
0.2      0.2    0.2    0.2    0.2    4.23 	-0.00229596 	0.0143635 	0.0425835 	5.43892e-13 	-2.41169e-14 	2.77269e-14 	1.2532e-13 	3.55476e-15 	2.75662e-13 	9.6789e-07 	-2.1413e-07 	-3.14687e-07 	4.77244e-08 	6.91534e-08 	1.02987e-07
0.2      0.2    0.2    0.2    0.2    4.32 	0.0446695 	-0.00352928 	0.00623815 	8.72456e-13 	-9.87712e-14 	-4.18545e-14 	2.50464e-13 	-5.88715e-14 	5.85017e-13 	1.76868e-08 	3.92984e-08 	-1.83455e-08 	9.67169e-08 	-4.83072e-08 	2.52075e-08
0.2      0.2    0.2    0.2    0.2    4.41 	0.0446695 	-0.00352928 	0.00623815 	8.72456e-13 	-9.87712e-14 	-4.18545e-14 	2.50464e-13 	-5.88715e-14 	5.85017e-13 	1.76868e-08 	3.92984e-08 	-1.83455e-08 	9.67169e-08 	-4.83072e-08 	2.52075e-08
0.2      0.2    0.2    0.2    0.2    4.5 	0.0446695 	-0.00352928 	0.00623815 	8.72456e-13 	-9.87712e-14 	-4.18545e-14 	2.50464e-13 	-5.88715e-14 	5.85017e-13 	1.76868e-08 	3.92984e-08 	-1.83455e-08 	9.67169e-08 	-4.83072e-08 	2.52075e-08
0.3      0.3    0.3    0.3    0.3    0 	0.0174113 	0.0235328 	-0.00438989 	3.94063e-13 	-7.33578e-14 	2.26469e-14 	2.03359e-13 	5.46581e-14 	3.52977e-13 	1.17403e-07 	1.94591e-07 	5.48194e-07 	3.22832e-07 	9.0893e-07 	2.5625e-06
0.3      0.3    0.3    0.3    0.3    0.09 	0.0174113 	0.0235328 	-0.00438989 	3.94063e-13 	-7.33578e-14 	2.26469e-14 	2.03359e-13 	5.46581e-14 	3.52977e-13 	1.17403e-07 	1.94591e-07 	5.48194e-07 	3.22832e-07 	9.0893e-07 	2.5625e-06
0.3      0.3    0.3    0.3    0.3    0.18 	0.0174113 	0.0235328 	-0.00438989 	3.94063e-13 	-7.33578e-14 	2.26469e-14 	2.03359e-13 	5.46581e-14 	3.52977e-13 	1.17403e-07 	1.94591e-07 	5.48194e-07 	3.22832e-07 	9.0893e-07 	2.5625e-06
0.3      0.3    0.3    0.3    0.3    0.27 	-0.0196273 	0.0226122 	0.0683127 	4.71758e-13 	-3.17726e-14 	-1.10396e-13 	1.92873e-13 	-7.92946e-14 	4.70903e-13 	2.57411e-07 	-2.06581e-08 	-1.46907e-07 	4.66606e-09 	1.06587e-08 	8.42926e-08
0.3      0.3    0.3    0.3    0.3    0.36 	-0.0196273 	0.0226122 	0.0683127 	4.71758e-13 	-3.17726e-14 	-1.10396e-13 	1.92873e-13 	-7.92946e-14 	4.70903e-13 	2.57411e-07 	-2.06581e-08 	-1.46907e-07 	4.66606e-09 	1.06587e-08 	8.42926e-08
0.3      0.3    0.3    0.3    0.3    0.45 	0.0226319 	-0.00378034 	0.00488721 	8.81797e-13 	-1.3598e-13 	2.79929e-14 	2.31653e-13 	-5.96975e-14 	6.5056e-13 	4.49496e-08 	2.97137e-08 	1.93782e-07 	1.97705e-08 	1.27853e-07 	8.55804e-07
0.3      0.3    0.3    0.3    0.3    0.54 	0.0226319 	-0.00378034 	0.00488721 	8.81797e-13 	-1.3598e-13 	2.79929e-14 	2.31653e-13 	-5.96975e-14 	6.5056e-13 	4.49496e-08 	2.97137e-08 	1.93782e-07 	1.97705e-08 	1.27853e-07 	8.55804e-07
0.3      0.3    0.3    0.3    0.3    0.63 	-0.0120607 	-0.00927242 	-0.0317009 	1.38336e-12 	-4.6762e-13 	4.06521e-13 	4.3326e-13 	-1.73379e-13 	6.70615e-13 	1.02258e-08 	3.59009e-08 	3.30436e-08 	1.34089e-07 	1.21094e-07 	1.09998e-07
0.3      0.3    0.3    0.3    0.3    0.72 	-0.0120607 	-0.00927242 	-0.0317009 	1.38336e-12 	-4.6762e-13 	4.06521e-13 	4.3326e-13 	-1.73379e-13 	6.70615e-13 	1.02258e-08 	3.59009e-08 	3.30436e-08 	1.34089e-07 	1.21094e-07 	1.09998e-07
0.3      0.3    0.3    0.3    0.3    0.81 	-0.0134567 	-0.00239095 	-0.022309 	6.41131e-13 	-1.26214e-13 	1.07932e-13 	2.79234e-13 	-5.1232e-14 	2.35795e-13 	4.20983e-09 	1.40847e-08 	1.54981e-08 	4.89819e-08 	5.56314e-08 	6.59463e-08
0.3      0.3    0.3    0.3    0.3    0.9 	-0.0134567 	-0.00239095 	-0.022309 	6.41131e-13 	-1.26214e-13 	1.07932e-13 	2.79234e-13 	-5.1232e-14 	2.35795e-13 	4.20983e-09 	1.40847e-08 	1.54981e-08 	4.89819e-08 	5.56314e-08 	6.59463e-08
0.3      0.3    0.3    0.3    0.3    0.99 	0.0468333 	0.0122896 	0.0240068 	6.44604e-13 	-3.71467e-14 	-5.54194e-14 	2.26862e-13 	-7.37809e-14 	2.682e-13 	2.11391e-09 	1.77746e-08 	5.5478e-09 	1.50873e-07 	4.63931e-08 	1.48348e-08
0.3      0.3    0.3    0.3    0.3    1.08 	0.0468333 	0.0122896 	0.0240068 	6.44604e-13 	-3.71467e-14 	-5.54194e-14 	2.26862e-13 	-7.37809e-14 	2.682e-13 	2.11391e-09 	1.77746e-08 	5.5478e-09 	1.50873e-07 	4.63931e-08 	1.48348e-08
0.3      0.3    0.3    0.3    0.3    1.17 	0.0468333 	0.0122896 	0.0240068 	6.44604e-13 	-3.71467e-14 	-5.54194e-14 	2.26862e-13 	-7.37809e-14 	2.682e-13 	2.11391e-09 	1.77746e-08 	5.5478e-09 	1.50873e-07 	4.63931e-08 	1.48348e-08
0.3      0.3    0.3    0.3    0.3    1.26 	0.0293018 	0.0148626 	0.00291058 	6.91278e-13 	-1.86148e-13 	2.70881e-13 	3.51884e-13 	-2.3671e-13 	7.56564e-13 	9.48099e-09 	2.25619e-08 	-7.35888e-08 	5.68056e-08 	-1.87161e-07 	6.18567e-07
0.3      0.3    0.3    0.3    0.3    1.35 	0.0293018 	0.0148626 	0.00291058 	6.91278e-13 	-1.86148e-13 	2.70881e-13 	3.51884e-13 	-2.3671e-13 	7.56564e-13 	9.48099e-09 	2.25619e-08 	-7.35888e-08 	5.68056e-08 	-1.87161e-07 	6.18567e-07
0.3      0.3    0.3    0.3    0.3    1.44 	0.0136946 	-0.0217411 	-0.0191475 	6.30061e-13 	-1.40075e-13 	-5.08346e-14 	2.74112e-13 	1.05229e-13 	5.29823e-13 	1.62648e-08 	-2.39584e-08 	-5.40422e-08 	3.6186e-08 	7.96247e-08 	1.80049e-07
0.3      0.3    0.3    0.3    0.3    1.53 	0.0136946 	-0.0217411 	-0.0191475 	6.30061e-13 	-1.40075e-13 	-5.08346e-14 	2.74112e-13 	1.05229e-13 	5.29823e-13 	1.62648e-08 	-2.39584e-08 	-5.40422e-08 	3.6186e-08 	7.96247e-08 	1.80049e-07
0.3      0.3    0.3    0.3    0.3    1.62 	0.00955715 	-0.00944818 	0.0212419 	4.46959e-13 	-5.03019e-14 	-1.93662e-13 	1.53538e-13 	7.13738e-14 	5.45662e-13 	3.33294e-09 	-1.40527e-08 	-1.86703e-08 	9.01608e-08 	9.01218e-08 	1.08806e-07
0.3      0.3    0.3    0.3    0.3    1.71 	0.00955715 	-0.00944818 	0.0212419 	4.46959e-13 	-5.03019e-14 	-1.93662e-13 	1.53538e-13 	7.13738e-14 	5.45662e-13 	3.33294e-09 	-1.40527e-08 	-1.86703e-08 	9.01608e-08 	9.01218e-08 	1.08806e-07
0.3      0.3    0.3    0.3    0.3    1.8 	-0.00493532 	0.0356796 	0.00122723 	4.38093e-13 	-1.76827e-14 	-1.57015e-13 	1.77373e-13 	-1.14613e-14 	7.45494e-13 	6.36976e-08 	5.62656e-08 	-1.72413e-07 	5.05098e-08 	-1.52936e-07 	4.67595e-07
0.3      0.3    0.3    0.3    0.3    1.89 	-0.00493532 	0.0356796 	0.00122723 	4.38093e-13 	-1.76827e-14 	-1.57015e-13 	1.77373e-13 	-1.14613e-14 	7.45494e-13 	6.36976e-08 	5.62656e-08 	-1.72413e-07 	5.05098e-08 	-1.52936e-07 	4.67595e-07
0.3      0.3    0.3    0.3    0.3    1.98 	0.00830343 	0.0213355 	-0.0154152 	4.245e-13 	-6.05498e-14 	-1.25413e-13 	1.93831e-13 	5.34596e-14 	3.50975e-13 	1.02325e-07 	6.3515e-08 	-2.72893e-08 	3.94545e-08 	-1.68514e-08 	8.18124e-09
0.3      0.3    0.3    0.3    0.3    2.07 	0.00830343 	0.0213355 	-0.0154152 	4.245e-13 	-6.05498e-14 	-1.25413e-13 	1.93831e-13 	5.34596e-14 	3.50975e-13 	1.02325e-07 	6.3515e-08 	-2.72893e-08 	3.94545e-08 	-1.68514e-08 	8.18124e-09
0.3      0.3    0.3    0.3    0.3    2.16 	-0.00653906 	-0.0165895 	-0.027283 	3.27218e-13 	-4.54946e-14 	1.71862e-14 	2.94231e-13 	-1.46966e-13 	3.09305e-13 	5.31431e-08 	1.02699e-07 	-1.60589e-07 	2.1464e-07 	-3.09615e-07 	4.85715e-07
0.3      0.3    0.3    0.3    0.3    2.25 	-0.00653906 	-0.0165895 	-0.027283 	3.27218e-13 	-4.54946e-14 	1.71862e-14 	2.94231e-13 	-1.46966e-13 	3.09305e-13 	5.31431e-08 	1.02699e-07 	-1.60589e-07 	2.1464e-07 	-3.09615e-07 	4.85715e-07
0.3      0.3    0.3    0.3    0.3    2.34 	-0.00653906 	-0.0165895 	-0.027283 	3.27218e-13 	-4.54946e-14 	1.71862e-14 	2.94231e-13 	-1.46966e-13 	3.09305e-13 	5.31431e-08 	1.02699e-07 	-1.60589e-07 	2.1464e-07 	-3.09615e-07 	4.85715e-07
0.3      0.3    0.3    0.3    0.3    2.43 	-0.0367632 	-0.00898642 	0.0266728 	4.71879e-13 	6.80486e-16 	-1.74966e-15 	4.29078e-13 	-2.27138e-13 	5.42158e-13 	4.13148e-07 	-1.49921e-07 	-5.67471e-07 	6.07176e-08 	2.08939e-07 	7.81088e-07
0.3      0.3    0.3    0.3    0.3    2.52 	-0.0367632 	-0.00898642 	0.0266728 	4.71879e-13 	6.80486e-16 	-1.74966e-15 	4.29078e-13 	-2.27138e-13 	5.42158e-13 	4.13148e-07 	-1.49921e-07 	-5.67471e-07 	6.07176e-08 	2.08939e-07 	7.81088e-07
0.3      0.3    0.3    0.3    0.3    2.61 	0.0446721 	-0.0266959 	-0.0459357 	1.32464e-12 	-4.29342e-13 	9.7446e-14 	5.64581e-13 	-4.09102e-14 	6.08064e-13 	6.35496e-06 	1.47327e-06 	6.34383e-06 	3.48437e-07 	1.47786e-06 	6.34051e-06
0.3      0.3    0.3    0.3    0.3    2.7 	0.0446721 	-0.0266959 	-0.0459357 	1.32464e-12 	-4.29342e-13 	9.7446e-14 	5.64581e-13 	-4.09102e-14 	6.08064e-13 	6.35496e-06 	1.47327e-06 	6.34383e-06 	3.48437e-07 	1.47786e-06 	6.34051e-06
0.3      0.3    0.3    0.3    0.3    2.79 	0.0355786 	-0.00355867 	0.028249 	4.07176e-12 	-1.00729e-12 	1.15736e-12 	5.37488e-13 	-3.20743e-13 	5.67484e-13 	1.41163e-07 	-2.57978e-08 	3.02204e-07 	7.40917e-09 	-6.47992e-08 	6.81426e-07
0.3      0.3    0.3    0.3    0.3    2.88 	0.0355786 	-0.00355867 	0.028249 	4.07176e-12 	-1.00729e-12 	1.15736e-12 	5.37488e-13 	-3.20743e-13 	5.67484e-13 	1.41163e-07 	-2.57978e-08 	3.02204e-07 	7.40917e-09 	-6.47992e-08 	6.81426e-07
0.3      0.3    0.3    0.3    0.3    2.97 	-0.0125637 	0.00985863 	0.00433005 	1.08912e-12 	-3.03286e-13 	3.60289e-13 	2.7716e-13 	-1.00047e-13 	5.76556e-13 	2.10717e-08 	-4.10196e-08 	-1.01755e-08 	8.85735e-08 	2.05806e-08 	4.98803e-09
0.3      0.3    0.3    0.3    0.3    3.06 	-0.0125637 	0.00985863 	0.00433005 	1.08912e-12 	-3.03286e-13 	3.60289e-13 	2.7716e-13 	-1.00047e-13 	5.76556e-13 	2.10717e-08 	-4.10196e-08 	-1.01755e-08 	8.85735e-08 	2.05806e-08 	4.98803e-09
0.3      0.3    0.3    0.3    0.3    3.15 	-0.0130135 	0.00676525 	-0.0302609 	5.14945e-13 	-8.61667e-14 	-1.49545e-13 	3.32513e-13 	-1.18159e-13 	6.31201e-13 	5.49535e-07 	2.47929e-07 	-2.41585e-07 	1.16051e-07 	-1.00711e-07 	1.26761e-07
0.3      0.3    0.3    0.3    0.3    3.24 	-0.0130135 	0.00676525 	-0.0302609 	5.14945e-13 	-8.61667e-14 	-1.49545e-13 	3.32513e-13 	-1.18159e-13 	6.31201e-13 	5.49535e-07 	2.47929e-07 	-2.41585e-07 	1.16051e-07 	-1.00711e-07 	1.26761e-07
0.3      0.3    0.3    0.3    0.3    3.33 	0.0489035 	-0.00124377 	-0.0458653 	1.0178e-12 	-2.18354e-13 	-2.84505e-13 	2.8563e-13 	1.21598e-13 	5.19343e-13 	1.28043e-07 	1.10464e-08 	1.244e-07 	3.48622e-09 	1.19421e-08 	1.21854e-07
0.3      0.3    0.3    0.3    0.3    3.42 	0.0489035 	-0.00124377 	-0.0458653 	1.0178e-12 	-2.18354e-13 	-2.84505e-13 	2.8563e-13 	1.21598e-13 	5.19343e-13 	1.28043e-07 	1.10464e-08 	1.244e-07 	3.48622e-09 	1.19421e-08 	1.21854e-07
0.3      0.3    0.3    0.3    0.3    3.51 	0.0489035 	-0.00124377 	-0.0458653 	1.0178e-12 	-2.18354e-13 	-2.84505e-13 	2.8563e-13 	1.21598e-13 	5.19343e-13 	1.28043e-07 	1.10464e-08 	1.244e-07 	3.48622e-09 	1.19421e-08 	1.21854e-07
0.3      0.3    0.3    0.3    0.3    3.6 	-0.0396352 	0.00729606 	-0.0184824 	7.90245e-13 	-1.07786e-13 	-1.22089e-13 	1.97729e-13 	7.17716e-14 	3.12993e-13 	5.2699e-07 	-5.09445e-07 	2.5603e-07 	5.03673e-07 	-2.54422e-07 	1.28665e-07
0.3      0.3    0.3    0.3    0.3    3.69 	-0.0396352 	0.00729606 	-0.0184824 	7.90245e-13 	-1.07786e-13 	-1.22089e-13 	1.97729e-13 	7.17716e-14 	3.12993e-13 	5.2699e-07 	-5.09445e-07 	2.5603e-07 	5.03673e-07 	-2.54422e-07 	1.28665e-07
0.3      0.3    0.3    0.3    0.3    3.78 	0.110327 	-0.0116688 	-0.044337 	7.15214e-13 	-8.91291e-14 	7.25857e-14 	2.10219e-13 	7.81337e-14 	1.95361e-13 	2.49861e-06 	1.01702e-06 	2.62017e-07 	4.18425e-07 	1.04697e-07 	2.89255e-08
0.3      0.3    0.3    0.3    0.3    3.87 	0.110327 	-0.0116688 	-0.044337 	7.15214e-13 	-8.91291e-14 	7.25857e-14 	2.10219e-13 	7.81337e-14 	1.95361e-13 	2.49861e-06 	1.01702e-06 	2.62017e-07 	4.18425e-07 	1.04697e-07 	2.89255e-08
0.3      0.3    0.3    0.3    0.3    3.96 	0.0858797 	-0.00984493 	0.0393044 	9.74695e-13 	-7.66082e-14 	1.17356e-13 	2.01836e-13 	4.55934e-15 	2.3067e-13 	2.28253e-06 	1.25269e-06 	-6.81254e-07 	6.87957e-07 	-3.73062e-07 	2.15178e-07
0.3      0.3    0.3    0.3    0.3    4.05 	0.0858797 	-0.00984493 	0.0393044 	9.74695e-13 	-7.66082e-14 	1.17356e-13 	2.01836e-13 	4.55934e-15 	2.3067e-13 	2.28253e-06 	1.25269e-06 	-6.81254e-07 	6.87957e-07 	-3.73062e-07 	2.15178e-07
0.3      0.3    0.3    0.3    0.3    4.14 	-0.00104729 	0.0141066 	0.0422939 	5.44523e-13 	-2.34192e-14 	2.85213e-14 	1.2515e-13 	2.78378e-15 	2.75227e-13 	1.73843e-06 	-3.89792e-07 	-5.13036e-07 	8.76655e-08 	1.14676e-07 	1.52875e-07
0.3      0.3    0.3    0.3    0.3    4.23 	-0.00104729 	0.0141066 	0.0422939 	5.44523e-13 	-2.34192e-14 	2.85213e-14 	1.2515e-13 	2.78378e-15 	2.75227e-13 	1.73843e-06 	-3.89792e-07 	-5.13036e-07 	8.76655e-08 	1.14676e-07 	1.52875e-07
0.3      0.3    0.3    0.3    0.3    4.32 	0.0446917 	-0.00391361 	0.00642652 	8.71853e-13 	-9.90872e-14 	-4.25384e-14 	2.4959e-13 	-5.73274e-14 	5.82389e-13 	1.40034e-08 	4.03671e-08 	-2.01297e-08 	1.6324e-07 	-8.68558e-08 	4.70672e-08
0.3      0.3    0.3    0.3    0.3    4.41 	0.0446917 	-0.00391361 	0.00642652 	8.71853e-13 	-9.90872e-14 	-4.25384e-14 	2.4959e-13 	-5.73274e-14 	5.82389e-13 	1.40034e-08 	4.03671e-08 	-2.01297e-08 	1.6324e-07 	-8.68558e-08 	4.70672e-08
0.3      0.3    0.3    0.3    0.3    4.5 	0.0446917 	-0.00391361 	0.00642652 	8.71853e-13 	-9.90872e-14 	-4.25384e-14 	2.4959e-13 	-5.73274e-14 	5.82389e-13 	1.40034e-08 	4.03671e-08 	-2.01297e-08 	1.6324e-07 	-8.68558e-08 	4.70672e-08
