0.01    0.01    0.01    0.01    0.01    0 	-0.00198602 	0.00284292 	-0.00658459 	4.76051e-13 	-4.34512e-14 	-8.85203e-14 	1.58567e-13 	2.69801e-13 	5.19621e-13 	1.13654e-10 	5.33672e-11 	2.73307e-10 	2.5059e-11 	1.28334e-10 	6.5723e-10
0.01    0.01    0.01    0.01    0.01    0.09 	-0.00198602 	0.00284292 	-0.00658459 	4.76051e-13 	-4.34512e-14 	-8.85203e-14 	1.58567e-13 	2.69801e-13 	5.19621e-13 	1.13654e-10 	5.33672e-11 	2.73307e-10 	2.5059e-11 	1.28334e-10 	6.5723e-10
0.01    0.01    0.01    0.01    0.01    0.18 	-0.00198602 	0.00284292 	-0.00658459 	4.76051e-13 	-4.34512e-14 	-8.85203e-14 	1.58567e-13 	2.69801e-13 	5.19621e-13 	1.13654e-10 	5.33672e-11 	2.73307e-10 	2.5059e-11 	1.28334e-10 	6.5723e-10
0.01    0.01    0.01    0.01    0.01    0.27 	-0.00214349 	-0.000211758 	-0.0602649 	1.36172e-12 	-2.86834e-13 	-9.28441e-13 	5.09763e-13 	9.66049e-13 	8.24954e-13 	1.55979e-09 	3.67098e-10 	1.11543e-10 	8.63971e-11 	2.62517e-11 	7.97656e-12
0.01    0.01    0.01    0.01    0.01    0.36 	-0.00214349 	-0.000211758 	-0.0602649 	1.36172e-12 	-2.86834e-13 	-9.28441e-13 	5.09763e-13 	9.66049e-13 	8.24954e-13 	1.55979e-09 	3.67098e-10 	1.11543e-10 	8.63971e-11 	2.62517e-11 	7.97656e-12
0.01    0.01    0.01    0.01    0.01    0.45 	0.0112496 	-0.00534933 	0.0133366 	5.1475e-12 	2.05725e-12 	7.73228e-13 	1.46155e-12 	3.81589e-13 	9.40727e-13 	2.40463e-09 	-2.67867e-10 	-1.49602e-09 	2.98395e-11 	1.66651e-10 	9.30732e-10
0.01    0.01    0.01    0.01    0.01    0.54 	0.0112496 	-0.00534933 	0.0133366 	5.1475e-12 	2.05725e-12 	7.73228e-13 	1.46155e-12 	3.81589e-13 	9.40727e-13 	2.40463e-09 	-2.67867e-10 	-1.49602e-09 	2.98395e-11 	1.66651e-10 	9.30732e-10
0.01    0.01    0.01    0.01    0.01    0.63 	-0.00375318 	0.00109019 	0.0212389 	5.98884e-13 	-2.01024e-14 	-6.04014e-14 	1.94864e-13 	-1.9061e-15 	2.85304e-13 	5.89034e-12 	1.13022e-11 	2.35242e-11 	2.16864e-11 	4.51376e-11 	9.39484e-11
0.01    0.01    0.01    0.01    0.01    0.72 	-0.00375318 	0.00109019 	0.0212389 	5.98884e-13 	-2.01024e-14 	-6.04014e-14 	1.94864e-13 	-1.9061e-15 	2.85304e-13 	5.89034e-12 	1.13022e-11 	2.35242e-11 	2.16864e-11 	4.51376e-11 	9.39484e-11
0.01    0.01    0.01    0.01    0.01    0.81 	-0.0096396 	0.000446712 	-0.00562784 	1.96598e-13 	2.76003e-14 	-2.67321e-15 	5.55452e-14 	2.81528e-14 	1.98235e-13 	2.87663e-12 	6.38233e-12 	1.39213e-11 	1.41604e-11 	3.08869e-11 	6.73713e-11
0.01    0.01    0.01    0.01    0.01    0.9 	-0.0096396 	0.000446712 	-0.00562784 	1.96598e-13 	2.76003e-14 	-2.67321e-15 	5.55452e-14 	2.81528e-14 	1.98235e-13 	2.87663e-12 	6.38233e-12 	1.39213e-11 	1.41604e-11 	3.08869e-11 	6.73713e-11
0.01    0.01    0.01    0.01    0.01    0.99 	0.00560646 	0.00110128 	0.0100357 	5.18208e-13 	-1.86665e-13 	6.88935e-13 	1.27045e-13 	-3.73041e-13 	7.59427e-13 	1.90027e-12 	-8.70144e-12 	1.32871e-11 	3.98443e-11 	-6.08424e-11 	9.29067e-11
0.01    0.01    0.01    0.01    0.01    1.08 	0.00560646 	0.00110128 	0.0100357 	5.18208e-13 	-1.86665e-13 	6.88935e-13 	1.27045e-13 	-3.73041e-13 	7.59427e-13 	1.90027e-12 	-8.70144e-12 	1.32871e-11 	3.98443e-11 	-6.08424e-11 	9.29067e-11
0.01    0.01    0.01    0.01    0.01    1.17 	0.00560646 	0.00110128 	0.0100357 	5.18208e-13 	-1.86665e-13 	6.88935e-13 	1.27045e-13 	-3.73041e-13 	7.59427e-13 	1.90027e-12 	-8.70144e-12 	1.32871e-11 	3.98443e-11 	-6.08424e-11 	9.29067e-11
0.01    0.01    0.01    0.01    0.01    1.26 	-0.0139768 	0.00248383 	-0.0101784 	2.70841e-13 	8.71862e-15 	-6.94446e-14 	4.63322e-14 	3.00369e-14 	2.62643e-13 	2.75863e-10 	1.76121e-11 	-4.60962e-10 	1.12442e-12 	-2.94294e-11 	7.70259e-10
0.01    0.01    0.01    0.01    0.01    1.35 	-0.0139768 	0.00248383 	-0.0101784 	2.70841e-13 	8.71862e-15 	-6.94446e-14 	4.63322e-14 	3.00369e-14 	2.62643e-13 	2.75863e-10 	1.76121e-11 	-4.60962e-10 	1.12442e-12 	-2.94294e-11 	7.70259e-10
0.01    0.01    0.01    0.01    0.01    1.44 	-0.0124647 	-0.000833305 	-0.040684 	5.99528e-13 	4.22398e-14 	-3.97647e-13 	1.69273e-13 	1.38474e-13 	4.98674e-13 	1.58163e-10 	-3.0723e-11 	-7.93956e-11 	5.96791e-12 	1.54225e-11 	3.98556e-11
0.01    0.01    0.01    0.01    0.01    1.53 	-0.0124647 	-0.000833305 	-0.040684 	5.99528e-13 	4.22398e-14 	-3.97647e-13 	1.69273e-13 	1.38474e-13 	4.98674e-13 	1.58163e-10 	-3.0723e-11 	-7.93956e-11 	5.96791e-12 	1.54225e-11 	3.98556e-11
0.01    0.01    0.01    0.01    0.01    1.62 	-0.00857943 	-0.000774465 	0.0554232 	3.41656e-13 	7.12094e-14 	-5.2214e-13 	2.7637e-13 	-6.24507e-13 	6.72986e-13 	7.25922e-12 	5.89766e-12 	2.17728e-12 	4.79148e-12 	1.7689e-12 	6.53038e-13
0.01    0.01    0.01    0.01    0.01    1.71 	-0.00857943 	-0.000774465 	0.0554232 	3.41656e-13 	7.12094e-14 	-5.2214e-13 	2.7637e-13 	-6.24507e-13 	6.72986e-13 	7.25922e-12 	5.89766e-12 	2.17728e-12 	4.79148e-12 	1.7689e-12 	6.53038e-13
0.01    0.01    0.01    0.01    0.01    1.8 	-0.0145607 	0.00147376 	-0.000127069 	3.17423e-13 	2.47144e-14 	-1.59976e-13 	1.00107e-13 	-1.13438e-13 	3.64432e-13 	9.55567e-12 	2.62618e-12 	-1.21327e-12 	7.21752e-13 	-3.33443e-13 	1.54048e-13
0.01    0.01    0.01    0.01    0.01    1.89 	-0.0145607 	0.00147376 	-0.000127069 	3.17423e-13 	2.47144e-14 	-1.59976e-13 	1.00107e-13 	-1.13438e-13 	3.64432e-13 	9.55567e-12 	2.62618e-12 	-1.21327e-12 	7.21752e-13 	-3.33443e-13 	1.54048e-13
0.01    0.01    0.01    0.01    0.01    1.98 	-0.0221644 	0.000681463 	0.00823132 	3.41508e-13 	-2.84905e-14 	-1.933e-14 	1.4392e-13 	7.12916e-14 	3.34559e-13 	7.94911e-12 	-2.32911e-13 	4.25869e-11 	6.82436e-15 	-1.24781e-12 	2.28156e-10
0.01    0.01    0.01    0.01    0.01    2.07 	-0.0221644 	0.000681463 	0.00823132 	3.41508e-13 	-2.84905e-14 	-1.933e-14 	1.4392e-13 	7.12916e-14 	3.34559e-13 	7.94911e-12 	-2.32911e-13 	4.25869e-11 	6.82436e-15 	-1.24781e-12 	2.28156e-10
0.01    0.01    0.01    0.01    0.01    2.16 	-0.000459639 	-0.000209355 	-0.0252094 	8.84915e-13 	3.8445e-13 	7.57626e-13 	4.46953e-13 	6.63795e-13 	7.41172e-13 	8.19167e-12 	2.11796e-11 	5.02806e-11 	5.47601e-11 	1.30001e-10 	3.08623e-10
0.01    0.01    0.01    0.01    0.01    2.25 	-0.000459639 	-0.000209355 	-0.0252094 	8.84915e-13 	3.8445e-13 	7.57626e-13 	4.46953e-13 	6.63795e-13 	7.41172e-13 	8.19167e-12 	2.11796e-11 	5.02806e-11 	5.47601e-11 	1.30001e-10 	3.08623e-10
0.01    0.01    0.01    0.01    0.01    2.34 	-0.000459639 	-0.000209355 	-0.0252094 	8.84915e-13 	3.8445e-13 	7.57626e-13 	4.46953e-13 	6.63795e-13 	7.41172e-13 	8.19167e-12 	2.11796e-11 	5.02806e-11 	5.47601e-11 	1.30001e-10 	3.08623e-10
0.01    0.01    0.01    0.01    0.01    2.43 	-0.0359377 	-0.0004933 	0.0157803 	5.6287e-13 	4.04897e-14 	-4.61198e-13 	1.83529e-13 	-8.48001e-14 	4.10019e-13 	3.74208e-10 	8.70047e-11 	-2.3912e-10 	2.02289e-11 	-5.55961e-11 	1.52798e-10
0.01    0.01    0.01    0.01    0.01    2.52 	-0.0359377 	-0.0004933 	0.0157803 	5.6287e-13 	4.04897e-14 	-4.61198e-13 	1.83529e-13 	-8.48001e-14 	4.10019e-13 	3.74208e-10 	8.70047e-11 	-2.3912e-10 	2.02289e-11 	-5.55961e-11 	1.52798e-10
0.01    0.01    0.01    0.01    0.01    2.61 	-0.00598803 	-0.000553133 	0.0281262 	3.6095e-13 	-1.11561e-13 	-1.66258e-13 	1.15928e-13 	-1.66705e-14 	2.58568e-13 	1.40905e-10 	-7.46711e-12 	-5.30602e-10 	3.95713e-13 	2.81188e-11 	1.99808e-09
0.01    0.01    0.01    0.01    0.01    2.7 	-0.00598803 	-0.000553133 	0.0281262 	3.6095e-13 	-1.11561e-13 	-1.66258e-13 	1.15928e-13 	-1.66705e-14 	2.58568e-13 	1.40905e-10 	-7.46711e-12 	-5.30602e-10 	3.95713e-13 	2.81188e-11 	1.99808e-09
0.01    0.01    0.01    0.01    0.01    2.79 	-0.030658 	0.00173586 	0.00567802 	2.66383e-13 	3.60709e-14 	-1.35953e-14 	5.26097e-14 	-3.33859e-14 	1.88711e-13 	1.79332e-09 	7.4356e-10 	2.2251e-09 	3.08301e-10 	9.22587e-10 	2.76083e-09
0.01    0.01    0.01    0.01    0.01    2.88 	-0.030658 	0.00173586 	0.00567802 	2.66383e-13 	3.60709e-14 	-1.35953e-14 	5.26097e-14 	-3.33859e-14 	1.88711e-13 	1.79332e-09 	7.4356e-10 	2.2251e-09 	3.08301e-10 	9.22587e-10 	2.76083e-09
0.01    0.01    0.01    0.01    0.01    2.97 	-0.00965341 	0.000256126 	-0.000793738 	1.63605e-13 	3.40863e-14 	-7.02039e-15 	3.06328e-14 	1.21819e-14 	1.98823e-13 	2.27856e-10 	2.98888e-10 	-6.39685e-11 	3.92065e-10 	-8.39103e-11 	1.79586e-11
0.01    0.01    0.01    0.01    0.01    3.06 	-0.00965341 	0.000256126 	-0.000793738 	1.63605e-13 	3.40863e-14 	-7.02039e-15 	3.06328e-14 	1.21819e-14 	1.98823e-13 	2.27856e-10 	2.98888e-10 	-6.39685e-11 	3.92065e-10 	-8.39103e-11 	1.79586e-11
0.01    0.01    0.01    0.01    0.01    3.15 	-0.0248592 	0.00482916 	-0.0186181 	6.37979e-13 	1.39178e-13 	-4.28286e-14 	1.9674e-13 	-9.33525e-14 	5.25808e-13 	2.77781e-10 	-1.91959e-10 	4.63364e-10 	1.32652e-10 	-3.20205e-10 	7.72933e-10
0.01    0.01    0.01    0.01    0.01    3.24 	-0.0248592 	0.00482916 	-0.0186181 	6.37979e-13 	1.39178e-13 	-4.28286e-14 	1.9674e-13 	-9.33525e-14 	5.25808e-13 	2.77781e-10 	-1.91959e-10 	4.63364e-10 	1.32652e-10 	-3.20205e-10 	7.72933e-10
0.01    0.01    0.01    0.01    0.01    3.33 	-0.0342728 	0.000952882 	-0.0295563 	2.33198e-12 	5.64715e-13 	-7.84538e-13 	3.13556e-13 	-2.00625e-13 	4.86228e-13 	1.19008e-09 	-1.9099e-10 	-2.11091e-10 	3.06508e-11 	3.38767e-11 	3.74421e-11
0.01    0.01    0.01    0.01    0.01    3.42 	-0.0342728 	0.000952882 	-0.0295563 	2.33198e-12 	5.64715e-13 	-7.84538e-13 	3.13556e-13 	-2.00625e-13 	4.86228e-13 	1.19008e-09 	-1.9099e-10 	-2.11091e-10 	3.06508e-11 	3.38767e-11 	3.74421e-11
0.01    0.01    0.01    0.01    0.01    3.51 	-0.0342728 	0.000952882 	-0.0295563 	2.33198e-12 	5.64715e-13 	-7.84538e-13 	3.13556e-13 	-2.00625e-13 	4.86228e-13 	1.19008e-09 	-1.9099e-10 	-2.11091e-10 	3.06508e-11 	3.38767e-11 	3.74421e-11
0.01    0.01    0.01    0.01    0.01    3.6 	-0.00671889 	-0.000647041 	0.0153773 	7.33644e-13 	3.93453e-13 	2.97111e-13 	3.80496e-13 	2.94889e-13 	2.8774e-13 	6.43664e-11 	8.61386e-11 	-6.54212e-11 	1.15276e-10 	-8.75503e-11 	6.64934e-11
0.01    0.01    0.01    0.01    0.01    3.69 	-0.00671889 	-0.000647041 	0.0153773 	7.33644e-13 	3.93453e-13 	2.97111e-13 	3.80496e-13 	2.94889e-13 	2.8774e-13 	6.43664e-11 	8.61386e-11 	-6.54212e-11 	1.15276e-10 	-8.75503e-11 	6.64934e-11
0.01    0.01    0.01    0.01    0.01    3.78 	0.0612222 	-0.00181792 	-0.0276505 	1.56952e-12 	-4.75567e-13 	2.70097e-15 	3.42798e-13 	6.094e-14 	4.3369e-13 	4.29274e-10 	1.91092e-11 	-3.99433e-10 	8.50651e-13 	-1.77808e-11 	3.71666e-10
0.01    0.01    0.01    0.01    0.01    3.87 	0.0612222 	-0.00181792 	-0.0276505 	1.56952e-12 	-4.75567e-13 	2.70097e-15 	3.42798e-13 	6.094e-14 	4.3369e-13 	4.29274e-10 	1.91092e-11 	-3.99433e-10 	8.50651e-13 	-1.77808e-11 	3.71666e-10
0.01    0.01    0.01    0.01    0.01    3.96 	0.0129558 	-0.00210433 	0.0473011 	1.29142e-12 	-4.59716e-13 	-5.23868e-13 	4.21174e-13 	6.80038e-13 	6.70809e-13 	3.78542e-10 	-8.67965e-11 	5.11876e-10 	1.99017e-11 	-1.17369e-10 	6.92173e-10
0.01    0.01    0.01    0.01    0.01    4.05 	0.0129558 	-0.00210433 	0.0473011 	1.29142e-12 	-4.59716e-13 	-5.23868e-13 	4.21174e-13 	6.80038e-13 	6.70809e-13 	3.78542e-10 	-8.67965e-11 	5.11876e-10 	1.99017e-11 	-1.17369e-10 	6.92173e-10
0.01    0.01    0.01    0.01    0.01    4.14 	-5.64639e-05 	0.00323069 	0.0362682 	3.12142e-13 	-3.69654e-14 	1.4538e-14 	1.46752e-13 	4.09603e-14 	5.11996e-13 	7.79373e-10 	-2.93836e-10 	-9.34103e-10 	1.10781e-10 	3.52171e-10 	1.11955e-09
0.01    0.01    0.01    0.01    0.01    4.23 	-5.64639e-05 	0.00323069 	0.0362682 	3.12142e-13 	-3.69654e-14 	1.4538e-14 	1.46752e-13 	4.09603e-14 	5.11996e-13 	7.79373e-10 	-2.93836e-10 	-9.34103e-10 	1.10781e-10 	3.52171e-10 	1.11955e-09
0.01    0.01    0.01    0.01    0.01    4.32 	-0.0248322 	-0.000860111 	0.0159293 	1.08034e-12 	2.76368e-13 	2.11139e-13 	1.29236e-13 	-7.59437e-15 	3.86182e-13 	2.98019e-10 	-7.3203e-11 	5.75474e-11 	1.7981e-11 	-1.41355e-11 	1.11124e-11
0.01    0.01    0.01    0.01    0.01    4.41 	-0.0248322 	-0.000860111 	0.0159293 	1.08034e-12 	2.76368e-13 	2.11139e-13 	1.29236e-13 	-7.59437e-15 	3.86182e-13 	2.98019e-10 	-7.3203e-11 	5.75474e-11 	1.7981e-11 	-1.41355e-11 	1.11124e-11
0.01    0.01    0.01    0.01    0.01    4.5 	-0.0248322 	-0.000860111 	0.0159293 	1.08034e-12 	2.76368e-13 	2.11139e-13 	1.29236e-13 	-7.59437e-15 	3.86182e-13 	2.98019e-10 	-7.3203e-11 	5.75474e-11 	1.7981e-11 	-1.41355e-11 	1.11124e-11
0.02    0.02    0.02    0.02    0.02    0 	-0.00194123 	0.00286383 	-0.006475 	4.75823e-13 	-4.33664e-14 	-8.87089e-14 	1.58517e-13 	2.69732e-13 	5.19781e-13 	6.13242e-10 	2.92646e-10 	1.48704e-09 	1.40388e-10 	7.08836e-10 	3.60682e-09
0.02    0.02    0.02    0.02    0.02    0.09 	-0.00194123 	0.00286383 	-0.006475 	4.75823e-13 	-4.33664e-14 	-8.87089e-14 	1.58517e-13 	2.69732e-13 	5.19781e-13 	6.13242e-10 	2.92646e-10 	1.48704e-09 	1.40388e-10 	7.08836e-10 	3.60682e-09
0.02    0.02    0.02    0.02    0.02    0.18 	-0.00194123 	0.00286383 	-0.006475 	4.75823e-13 	-4.33664e-14 	-8.87089e-14 	1.58517e-13 	2.69732e-13 	5.19781e-13 	6.13242e-10 	2.92646e-10 	1.48704e-09 	1.40388e-10 	7.08836e-10 	3.60682e-09
0.02    0.02    0.02    0.02    0.02    0.27 	-0.00200272 	-0.000213549 	-0.0602555 	1.36004e-12 	-2.84827e-13 	-9.25578e-13 	5.09381e-13 	9.65119e-13 	8.24708e-13 	6.73914e-09 	5.1831e-10 	4.56199e-10 	7.45738e-11 	3.51424e-11 	3.09129e-11
0.02    0.02    0.02    0.02    0.02    0.36 	-0.00200272 	-0.000213549 	-0.0602555 	1.36004e-12 	-2.84827e-13 	-9.25578e-13 	5.09381e-13 	9.65119e-13 	8.24708e-13 	6.73914e-09 	5.1831e-10 	4.56199e-10 	7.45738e-11 	3.51424e-11 	3.09129e-11
0.02    0.02    0.02    0.02    0.02    0.45 	0.0110529 	-0.00532687 	0.013457 	5.16627e-12 	2.06236e-12 	7.73712e-13 	1.46392e-12 	3.80723e-13 	9.42977e-13 	1.20803e-08 	-1.40047e-09 	-7.45181e-09 	1.63463e-10 	8.64731e-10 	4.59745e-09
0.02    0.02    0.02    0.02    0.02    0.54 	0.0110529 	-0.00532687 	0.013457 	5.16627e-12 	2.06236e-12 	7.73712e-13 	1.46392e-12 	3.80723e-13 	9.42977e-13 	1.20803e-08 	-1.40047e-09 	-7.45181e-09 	1.63463e-10 	8.64731e-10 	4.59745e-09
0.02    0.02    0.02    0.02    0.02    0.63 	-0.00376602 	0.00108492 	0.0211957 	5.99582e-13 	-1.91725e-14 	-5.98462e-14 	1.94961e-13 	-1.99836e-15 	2.85152e-13 	4.62051e-11 	3.82496e-11 	1.58497e-10 	3.94545e-11 	1.30259e-10 	5.46739e-10
0.02    0.02    0.02    0.02    0.02    0.72 	-0.00376602 	0.00108492 	0.0211957 	5.99582e-13 	-1.91725e-14 	-5.98462e-14 	1.94961e-13 	-1.99836e-15 	2.85152e-13 	4.62051e-11 	3.82496e-11 	1.58497e-10 	3.94545e-11 	1.30259e-10 	5.46739e-10
0.02    0.02    0.02    0.02    0.02    0.81 	-0.00963398 	0.000453732 	-0.00559352 	1.96534e-13 	2.76345e-14 	-2.598e-15 	5.54846e-14 	2.8175e-14 	1.98063e-13 	1.05392e-11 	1.78777e-11 	6.10043e-11 	3.92281e-11 	1.10127e-10 	3.61218e-10
0.02    0.02    0.02    0.02    0.02    0.9 	-0.00963398 	0.000453732 	-0.00559352 	1.96534e-13 	2.76345e-14 	-2.598e-15 	5.54846e-14 	2.8175e-14 	1.98063e-13 	1.05392e-11 	1.78777e-11 	6.10043e-11 	3.92281e-11 	1.10127e-10 	3.61218e-10
0.02    0.02    0.02    0.02    0.02    0.99 	0.00560834 	0.00110065 	0.0100775 	5.18074e-13 	-1.86403e-13 	6.88138e-13 	1.26729e-13 	-3.72238e-13 	7.58621e-13 	3.75149e-12 	-1.2463e-11 	4.11442e-11 	4.62353e-11 	-1.17516e-10 	5.29542e-10
0.02    0.02    0.02    0.02    0.02    1.08 	0.00560834 	0.00110065 	0.0100775 	5.18074e-13 	-1.86403e-13 	6.88138e-13 	1.26729e-13 	-3.72238e-13 	7.58621e-13 	3.75149e-12 	-1.2463e-11 	4.11442e-11 	4.62353e-11 	-1.17516e-10 	5.29542e-10
0.02    0.02    0.02    0.02    0.02    1.17 	0.00560834 	0.00110065 	0.0100775 	5.18074e-13 	-1.86403e-13 	6.88138e-13 	1.26729e-13 	-3.72238e-13 	7.58621e-13 	3.75149e-12 	-1.2463e-11 	4.11442e-11 	4.62353e-11 	-1.17516e-10 	5.29542e-10
0.02    0.02    0.02    0.02    0.02    1.26 	-0.0139115 	0.00248147 	-0.0102895 	2.70841e-13 	8.81494e-15 	-6.9343e-14 	4.62937e-14 	3.00387e-14 	2.62532e-13 	1.36285e-09 	-5.18753e-12 	-2.30078e-09 	9.85345e-13 	9.22616e-12 	3.88456e-09
0.02    0.02    0.02    0.02    0.02    1.35 	-0.0139115 	0.00248147 	-0.0102895 	2.70841e-13 	8.81494e-15 	-6.9343e-14 	4.62937e-14 	3.00387e-14 	2.62532e-13 	1.36285e-09 	-5.18753e-12 	-2.30078e-09 	9.85345e-13 	9.22616e-12 	3.88456e-09
0.02    0.02    0.02    0.02    0.02    1.44 	-0.0125168 	-0.000830476 	-0.0406593 	5.99949e-13 	4.28469e-14 	-3.97167e-13 	1.69488e-13 	1.37451e-13 	4.98794e-13 	8.3536e-10 	-8.70916e-11 	-4.01865e-10 	1.13043e-11 	4.1973e-11 	1.93368e-10
0.02    0.02    0.02    0.02    0.02    1.53 	-0.0125168 	-0.000830476 	-0.0406593 	5.99949e-13 	4.28469e-14 	-3.97167e-13 	1.69488e-13 	1.37451e-13 	4.98794e-13 	8.3536e-10 	-8.70916e-11 	-4.01865e-10 	1.13043e-11 	4.1973e-11 	1.93368e-10
0.02    0.02    0.02    0.02    0.02    1.62 	-0.00859038 	-0.000777938 	0.0554169 	3.41287e-13 	7.11682e-14 	-5.2149e-13 	2.76179e-13 	-6.24054e-13 	6.72695e-13 	3.83521e-11 	1.86333e-11 	1.84961e-11 	9.86986e-12 	8.5542e-12 	9.14944e-12
0.02    0.02    0.02    0.02    0.02    1.71 	-0.00859038 	-0.000777938 	0.0554169 	3.41287e-13 	7.11682e-14 	-5.2149e-13 	2.76179e-13 	-6.24054e-13 	6.72695e-13 	3.83521e-11 	1.86333e-11 	1.84961e-11 	9.86986e-12 	8.5542e-12 	9.14944e-12
0.02    0.02    0.02    0.02    0.02    1.8 	-0.0145488 	0.00147769 	-0.000131165 	3.17193e-13 	2.4705e-14 	-1.59905e-13 	1.00029e-13 	-1.13459e-13 	3.64414e-13 	4.63104e-11 	1.63178e-11 	-1.24254e-11 	6.43298e-12 	-4.19864e-12 	3.52712e-12
0.02    0.02    0.02    0.02    0.02    1.89 	-0.0145488 	0.00147769 	-0.000131165 	3.17193e-13 	2.4705e-14 	-1.59905e-13 	1.00029e-13 	-1.13459e-13 	3.64414e-13 	4.63104e-11 	1.63178e-11 	-1.24254e-11 	6.43298e-12 	-4.19864e-12 	3.52712e-12
0.02    0.02    0.02    0.02    0.02    1.98 	-0.0221526 	0.000679578 	0.00828603 	3.41303e-13 	-2.82806e-14 	-1.93619e-14 	1.43827e-13 	7.12789e-14 	3.34519e-13 	4.16207e-11 	-5.44256e-12 	2.04785e-10 	7.87714e-13 	-2.70207e-11 	1.01464e-09
0.02    0.02    0.02    0.02    0.02    2.07 	-0.0221526 	0.000679578 	0.00828603 	3.41303e-13 	-2.82806e-14 	-1.93619e-14 	1.43827e-13 	7.12789e-14 	3.34519e-13 	4.16207e-11 	-5.44256e-12 	2.04785e-10 	7.87714e-13 	-2.70207e-11 	1.01464e-09
0.02    0.02    0.02    0.02    0.02    2.16 	-0.000468863 	-0.000215609 	-0.0252785 	8.85045e-13 	3.84428e-13 	7.57566e-13 	4.46511e-13 	6.63033e-13 	7.41437e-13 	3.13545e-11 	4.57509e-11 	2.18069e-10 	7.85851e-11 	3.10551e-10 	1.52168e-09
0.02    0.02    0.02    0.02    0.02    2.25 	-0.000468863 	-0.000215609 	-0.0252785 	8.85045e-13 	3.84428e-13 	7.57566e-13 	4.46511e-13 	6.63033e-13 	7.41437e-13 	3.13545e-11 	4.57509e-11 	2.18069e-10 	7.85851e-11 	3.10551e-10 	1.52168e-09
0.02    0.02    0.02    0.02    0.02    2.34 	-0.000468863 	-0.000215609 	-0.0252785 	8.85045e-13 	3.84428e-13 	7.57566e-13 	4.46511e-13 	6.63033e-13 	7.41437e-13 	3.13545e-11 	4.57509e-11 	2.18069e-10 	7.85851e-11 	3.10551e-10 	1.52168e-09
0.02    0.02    0.02    0.02    0.02    2.43 	-0.0358652 	-0.000495985 	0.0157374 	5.63852e-13 	4.07513e-14 	-4.62152e-13 	1.83679e-13 	-8.46716e-14 	4.10265e-13 	1.74578e-09 	1.12273e-10 	-1.04893e-09 	2.15747e-11 	-6.67654e-11 	6.31039e-10
0.02    0.02    0.02    0.02    0.02    2.52 	-0.0358652 	-0.000495985 	0.0157374 	5.63852e-13 	4.07513e-14 	-4.62152e-13 	1.83679e-13 	-8.46716e-14 	4.10265e-13 	1.74578e-09 	1.12273e-10 	-1.04893e-09 	2.15747e-11 	-6.67654e-11 	6.31039e-10
0.02    0.02    0.02    0.02    0.02    2.61 	-0.00603402 	-0.000556472 	0.0283032 	3.61341e-13 	-1.11673e-13 	-1.66572e-13 	1.15999e-13 	-1.6685e-14 	2.58749e-13 	6.95617e-10 	3.22362e-11 	-2.63039e-09 	2.86072e-12 	-1.19324e-10 	9.95874e-09
0.02    0.02    0.02    0.02    0.02    2.7 	-0.00603402 	-0.000556472 	0.0283032 	3.61341e-13 	-1.11673e-13 	-1.66572e-13 	1.15999e-13 	-1.6685e-14 	2.58749e-13 	6.95617e-10 	3.22362e-11 	-2.63039e-09 	2.86072e-12 	-1.19324e-10 	9.95874e-09
0.02    0.02    0.02    0.02    0.02    2.79 	-0.0308221 	0.00171635 	0.00546386 	2.66437e-13 	3.60683e-14 	-1.36574e-14 	5.25699e-14 	-3.33796e-14 	1.88686e-13 	8.68033e-09 	1.9736e-09 	1.11536e-08 	5.39205e-10 	2.52316e-09 	1.4334e-08
0.02    0.02    0.02    0.02    0.02    2.88 	-0.0308221 	0.00171635 	0.00546386 	2.66437e-13 	3.60683e-14 	-1.36574e-14 	5.25699e-14 	-3.33796e-14 	1.88686e-13 	8.68033e-09 	1.9736e-09 	1.11536e-08 	5.39205e-10 	2.52316e-09 	1.4334e-08
0.02    0.02    0.02    0.02    0.02    2.97 	-0.00960443 	0.000276311 	-0.000801233 	1.63646e-13 	3.41145e-14 	-6.99705e-15 	3.0636e-14 	1.21349e-14 	1.9879e-13 	8.93918e-10 	7.1829e-10 	-1.83356e-10 	6.72638e-10 	-1.5878e-10 	3.90255e-11
0.02    0.02    0.02    0.02    0.02    3.06 	-0.00960443 	0.000276311 	-0.000801233 	1.63646e-13 	3.41145e-14 	-6.99705e-15 	3.0636e-14 	1.21349e-14 	1.9879e-13 	8.93918e-10 	7.1829e-10 	-1.83356e-10 	6.72638e-10 	-1.5878e-10 	3.90255e-11
0.02    0.02    0.02    0.02    0.02    3.15 	-0.0248031 	0.00481425 	-0.018509 	6.38307e-13 	1.39155e-13 	-4.28053e-14 	1.9697e-13 	-9.42856e-14 	5.27474e-13 	1.15005e-09 	-5.07801e-10 	2.08414e-09 	2.47455e-10 	-8.99481e-10 	3.79716e-09
0.02    0.02    0.02    0.02    0.02    3.24 	-0.0248031 	0.00481425 	-0.018509 	6.38307e-13 	1.39155e-13 	-4.28053e-14 	1.9697e-13 	-9.42856e-14 	5.27474e-13 	1.15005e-09 	-5.07801e-10 	2.08414e-09 	2.47455e-10 	-8.99481e-10 	3.79716e-09
0.02    0.02    0.02    0.02    0.02    3.33 	-0.0344081 	0.000957105 	-0.0295478 	2.33326e-12 	5.64607e-13 	-7.84915e-13 	3.13058e-13 	-2.00635e-13 	4.85749e-13 	5.82902e-09 	-4.65427e-10 	-5.7236e-10 	5.16712e-11 	5.22379e-11 	6.08771e-11
0.02    0.02    0.02    0.02    0.02    3.42 	-0.0344081 	0.000957105 	-0.0295478 	2.33326e-12 	5.64607e-13 	-7.84915e-13 	3.13058e-13 	-2.00635e-13 	4.85749e-13 	5.82902e-09 	-4.65427e-10 	-5.7236e-10 	5.16712e-11 	5.22379e-11 	6.08771e-11
0.02    0.02    0.02    0.02    0.02    3.51 	-0.0344081 	0.000957105 	-0.0295478 	2.33326e-12 	5.64607e-13 	-7.84915e-13 	3.13058e-13 	-2.00635e-13 	4.85749e-13 	5.82902e-09 	-4.65427e-10 	-5.7236e-10 	5.16712e-11 	5.22379e-11 	6.08771e-11
0.02    0.02    0.02    0.02    0.02    3.6 	-0.00674934 	-0.000657051 	0.0154109 	7.34682e-13 	3.93504e-13 	2.96249e-13 	3.79997e-13 	2.93819e-13 	2.87309e-13 	3.06754e-10 	2.08366e-10 	-3.28825e-10 	1.66667e-10 	-2.21037e-10 	3.52702e-10
0.02    0.02    0.02    0.02    0.02    3.69 	-0.00674934 	-0.000657051 	0.0154109 	7.34682e-13 	3.93504e-13 	2.96249e-13 	3.79997e-13 	2.93819e-13 	2.87309e-13 	3.06754e-10 	2.08366e-10 	-3.28825e-10 	1.66667e-10 	-2.21037e-10 	3.52702e-10
0.02    0.02    0.02    0.02    0.02    3.78 	0.0613 	-0.00182791 	-0.027731 	1.57705e-12 	-4.7756e-13 	4.47179e-15 	3.43528e-13 	6.00345e-14 	4.33821e-13 	1.97094e-09 	-1.39817e-10 	-1.97701e-09 	1.41152e-11 	1.42427e-10 	1.9844e-09
0.02    0.02    0.02    0.02    0.02    3.87 	0.0613 	-0.00182791 	-0.027731 	1.57705e-12 	-4.7756e-13 	4.47179e-15 	3.43528e-13 	6.00345e-14 	4.33821e-13 	1.97094e-09 	-1.39817e-10 	-1.97701e-09 	1.41152e-11 	1.42427e-10 	1.9844e-09
0.02    0.02    0.02    0.02    0.02    3.96 	0.0130419 	-0.0021148 	0.0473991 	1.29805e-12 	-4.62149e-13 	-5.26722e-13 	4.21075e-13 	6.78303e-13 	6.69233e-13 	2.16403e-09 	-3.32658e-10 	2.61411e-09 	5.31122e-11 	-4.06638e-10 	3.17022e-09
0.02    0.02    0.02    0.02    0.02    4.05 	0.0130419 	-0.0021148 	0.0473991 	1.29805e-12 	-4.62149e-13 	-5.26722e-13 	4.21075e-13 	6.78303e-13 	6.69233e-13 	2.16403e-09 	-3.32658e-10 	2.61411e-09 	5.31122e-11 	-4.06638e-10 	3.17022e-09
0.02    0.02    0.02    0.02    0.02    4.14 	5.83143e-05 	0.00322535 	0.0361424 	3.12764e-13 	-3.73203e-14 	1.42726e-14 	1.46737e-13 	4.0866e-14 	5.11357e-13 	4.06595e-09 	-6.188e-10 	-4.58385e-09 	1.28999e-10 	7.07355e-10 	5.17051e-09
0.02    0.02    0.02    0.02    0.02    4.23 	5.83143e-05 	0.00322535 	0.0361424 	3.12764e-13 	-3.73203e-14 	1.42726e-14 	1.46737e-13 	4.0866e-14 	5.11357e-13 	4.06595e-09 	-6.188e-10 	-4.58385e-09 	1.28999e-10 	7.07355e-10 	5.17051e-09
0.02    0.02    0.02    0.02    0.02    4.32 	-0.0248952 	-0.000876018 	0.0159311 	1.07877e-12 	2.76022e-13 	2.08926e-13 	1.2963e-13 	-8.27083e-15 	3.86396e-13 	1.31823e-09 	1.02747e-10 	7.15941e-11 	3.46061e-11 	-8.03087e-12 	1.121e-11
0.02    0.02    0.02    0.02    0.02    4.41 	-0.0248952 	-0.000876018 	0.0159311 	1.07877e-12 	2.76022e-13 	2.08926e-13 	1.2963e-13 	-8.27083e-15 	3.86396e-13 	1.31823e-09 	1.02747e-10 	7.15941e-11 	3.46061e-11 	-8.03087e-12 	1.121e-11
0.02    0.02    0.02    0.02    0.02    4.5 	-0.0248952 	-0.000876018 	0.0159311 	1.07877e-12 	2.76022e-13 	2.08926e-13 	1.2963e-13 	-8.27083e-15 	3.86396e-13 	1.31823e-09 	1.02747e-10 	7.15941e-11 	3.46061e-11 	-8.03087e-12 	1.121e-11
0.03    0.03    0.03    0.03    0.03    0 	-0.00190076 	0.00287537 	-0.00636872 	4.75594e-13 	-4.32805e-14 	-8.88943e-14 	1.58465e-13 	2.69662e-13 	5.1994e-13 	1.34141e-09 	5.41614e-10 	3.36277e-09 	2.22758e-10 	1.35345e-09 	8.43479e-09
0.03    0.03    0.03    0.03    0.03    0.09 	-0.00190076 	0.00287537 	-0.00636872 	4.75594e-13 	-4.32805e-14 	-8.88943e-14 	1.58465e-13 	2.69662e-13 	5.1994e-13 	1.34141e-09 	5.41614e-10 	3.36277e-09 	2.22758e-10 	1.35345e-09 	8.43479e-09
0.03    0.03    0.03    0.03    0.03    0.18 	-0.00190076 	0.00287537 	-0.00636872 	4.75594e-13 	-4.32805e-14 	-8.88943e-14 	1.58465e-13 	2.69662e-13 	5.1994e-13 	1.34141e-09 	5.41614e-10 	3.36277e-09 	2.22758e-10 	1.35345e-09 	8.43479e-09
0.03    0.03    0.03    0.03    0.03    0.27 	-0.00188313 	-0.000222222 	-0.0602462 	1.35834e-12 	-2.82826e-13 	-9.22688e-13 	5.09015e-13 	9.64156e-13 	8.24468e-13 	1.34334e-08 	1.26638e-10 	9.54041e-10 	5.54712e-11 	7.45663e-12 	6.78603e-11
0.03    0.03    0.03    0.03    0.03    0.36 	-0.00188313 	-0.000222222 	-0.0602462 	1.35834e-12 	-2.82826e-13 	-9.22688e-13 	5.09015e-13 	9.64156e-13 	8.24468e-13 	1.34334e-08 	1.26638e-10 	9.54041e-10 	5.54712e-11 	7.45663e-12 	6.78603e-11
0.03    0.03    0.03    0.03    0.03    0.45 	0.010858 	-0.00531299 	0.0135706 	5.18417e-12 	2.06688e-12 	7.74079e-13 	1.4665e-12 	3.79833e-13 	9.45577e-13 	2.80106e-08 	-2.72739e-09 	-1.68714e-08 	2.70552e-10 	1.64666e-09 	1.01652e-08
0.03    0.03    0.03    0.03    0.03    0.54 	0.010858 	-0.00531299 	0.0135706 	5.18417e-12 	2.06688e-12 	7.74079e-13 	1.4665e-12 	3.79833e-13 	9.45577e-13 	2.80106e-08 	-2.72739e-09 	-1.68714e-08 	2.70552e-10 	1.64666e-09 	1.01652e-08
0.03    0.03    0.03    0.03    0.03    0.63 	-0.00377568 	0.00108703 	0.0211504 	6.00279e-13 	-1.82484e-14 	-5.9298e-14 	1.95042e-13 	-2.09017e-15 	2.84989e-13 	9.10651e-11 	3.51537e-11 	3.51762e-10 	2.79839e-11 	1.25935e-10 	1.37032e-09
0.03    0.03    0.03    0.03    0.03    0.72 	-0.00377568 	0.00108703 	0.0211504 	6.00279e-13 	-1.82484e-14 	-5.9298e-14 	1.95042e-13 	-2.09017e-15 	2.84989e-13 	9.10651e-11 	3.51537e-11 	3.51762e-10 	2.79839e-11 	1.25935e-10 	1.37032e-09
0.03    0.03    0.03    0.03    0.03    0.81 	-0.00962329 	0.000449658 	-0.00556282 	1.96488e-13 	2.76676e-14 	-2.52298e-15 	5.54478e-14 	2.81959e-14 	1.97909e-13 	4.42337e-11 	1.63527e-11 	1.82388e-10 	2.71812e-11 	9.17513e-11 	7.84765e-10
0.03    0.03    0.03    0.03    0.03    0.9 	-0.00962329 	0.000449658 	-0.00556282 	1.96488e-13 	2.76676e-14 	-2.52298e-15 	5.54478e-14 	2.81959e-14 	1.97909e-13 	4.42337e-11 	1.63527e-11 	1.82388e-10 	2.71812e-11 	9.17513e-11 	7.84765e-10
0.03    0.03    0.03    0.03    0.03    0.99 	0.00560543 	0.00111181 	0.0101125 	5.17944e-13 	-1.86137e-13 	6.87323e-13 	1.26427e-13 	-3.71428e-13 	7.57817e-13 	2.7825e-12 	-9.72522e-12 	1.87206e-11 	4.2261e-11 	1.08809e-11 	1.1008e-09
0.03    0.03    0.03    0.03    0.03    1.08 	0.00560543 	0.00111181 	0.0101125 	5.17944e-13 	-1.86137e-13 	6.87323e-13 	1.26427e-13 	-3.71428e-13 	7.57817e-13 	2.7825e-12 	-9.72522e-12 	1.87206e-11 	4.2261e-11 	1.08809e-11 	1.1008e-09
0.03    0.03    0.03    0.03    0.03    1.17 	0.00560543 	0.00111181 	0.0101125 	5.17944e-13 	-1.86137e-13 	6.87323e-13 	1.26427e-13 	-3.71428e-13 	7.57817e-13 	2.7825e-12 	-9.72522e-12 	1.87206e-11 	4.2261e-11 	1.08809e-11 	1.1008e-09
0.03    0.03    0.03    0.03    0.03    1.26 	-0.0138525 	0.0024792 	-0.0103926 	2.70866e-13 	8.91026e-15 	-6.92375e-14 	4.62946e-14 	3.00381e-14 	2.62448e-13 	2.90373e-09 	-6.50596e-11 	-4.97723e-09 	2.55951e-12 	1.12469e-10 	8.5325e-09
0.03    0.03    0.03    0.03    0.03    1.35 	-0.0138525 	0.0024792 	-0.0103926 	2.70866e-13 	8.91026e-15 	-6.92375e-14 	4.62946e-14 	3.00381e-14 	2.62448e-13 	2.90373e-09 	-6.50596e-11 	-4.97723e-09 	2.55951e-12 	1.12469e-10 	8.5325e-09
0.03    0.03    0.03    0.03    0.03    1.44 	-0.0125644 	-0.000830457 	-0.0406338 	6.00376e-13 	4.34497e-14 	-3.96676e-13 	1.69725e-13 	1.36425e-13 	4.98923e-13 	1.83497e-09 	-9.49621e-11 	-9.14212e-10 	8.60409e-12 	4.66274e-11 	4.55829e-10
0.03    0.03    0.03    0.03    0.03    1.53 	-0.0125644 	-0.000830457 	-0.0406338 	6.00376e-13 	4.34497e-14 	-3.96676e-13 	1.69725e-13 	1.36425e-13 	4.98923e-13 	1.83497e-09 	-9.49621e-11 	-9.14212e-10 	8.60409e-12 	4.66274e-11 	4.55829e-10
0.03    0.03    0.03    0.03    0.03    1.62 	-0.00859619 	-0.000778427 	0.0554115 	3.40929e-13 	7.11262e-14 	-5.20831e-13 	2.75998e-13 	-6.23586e-13 	6.72405e-13 	6.13161e-11 	2.1563e-11 	3.63299e-11 	8.92249e-12 	1.18184e-11 	2.22953e-11
0.03    0.03    0.03    0.03    0.03    1.71 	-0.00859619 	-0.000778427 	0.0554115 	3.40929e-13 	7.11262e-14 	-5.20831e-13 	2.75998e-13 	-6.23586e-13 	6.72405e-13 	6.13161e-11 	2.1563e-11 	3.63299e-11 	8.92249e-12 	1.18184e-11 	2.22953e-11
0.03    0.03    0.03    0.03    0.03    1.8 	-0.0145395 	0.00147605 	-0.000135705 	3.16976e-13 	2.46951e-14 	-1.59829e-13 	9.99742e-14 	-1.13476e-13 	3.64407e-13 	8.82441e-11 	1.41883e-11 	-3.10019e-11 	4.55719e-12 	-4.0704e-12 	1.13676e-11
0.03    0.03    0.03    0.03    0.03    1.89 	-0.0145395 	0.00147605 	-0.000135705 	3.16976e-13 	2.46951e-14 	-1.59829e-13 	9.99742e-14 	-1.13476e-13 	3.64407e-13 	8.82441e-11 	1.41883e-11 	-3.10019e-11 	4.55719e-12 	-4.0704e-12 	1.13676e-11
0.03    0.03    0.03    0.03    0.03    1.98 	-0.0221377 	0.000678902 	0.00832998 	3.41101e-13 	-2.80717e-14 	-1.93918e-14 	1.43737e-13 	7.12661e-14 	3.34481e-13 	1.21069e-10 	-1.09246e-11 	4.80266e-10 	1.10119e-12 	-4.50542e-11 	1.94746e-09
0.03    0.03    0.03    0.03    0.03    2.07 	-0.0221377 	0.000678902 	0.00832998 	3.41101e-13 	-2.80717e-14 	-1.93918e-14 	1.43737e-13 	7.12661e-14 	3.34481e-13 	1.21069e-10 	-1.09246e-11 	4.80266e-10 	1.10119e-12 	-4.50542e-11 	1.94746e-09
0.03    0.03    0.03    0.03    0.03    2.16 	-0.00047626 	-0.000214957 	-0.0253394 	8.85166e-13 	3.84386e-13 	7.57477e-13 	4.46082e-13 	6.62248e-13 	7.41703e-13 	5.76978e-11 	4.6719e-11 	4.29088e-10 	5.9687e-11 	3.31838e-10 	3.20243e-09
0.03    0.03    0.03    0.03    0.03    2.25 	-0.00047626 	-0.000214957 	-0.0253394 	8.85166e-13 	3.84386e-13 	7.57477e-13 	4.46082e-13 	6.62248e-13 	7.41703e-13 	5.76978e-11 	4.6719e-11 	4.29088e-10 	5.9687e-11 	3.31838e-10 	3.20243e-09
0.03    0.03    0.03    0.03    0.03    2.34 	-0.00047626 	-0.000214957 	-0.0253394 	8.85166e-13 	3.84386e-13 	7.57477e-13 	4.46082e-13 	6.62248e-13 	7.41703e-13 	5.76978e-11 	4.6719e-11 	4.29088e-10 	5.9687e-11 	3.31838e-10 	3.20243e-09
0.03    0.03    0.03    0.03    0.03    2.43 	-0.0358089 	-0.000507161 	0.015696 	5.64842e-13 	4.10066e-14 	-4.63073e-13 	1.8386e-13 	-8.45337e-14 	4.1053e-13 	3.31025e-09 	-1.3842e-10 	-2.12688e-09 	3.60247e-11 	9.77699e-11 	1.37062e-09
0.03    0.03    0.03    0.03    0.03    2.52 	-0.0358089 	-0.000507161 	0.015696 	5.64842e-13 	4.10066e-14 	-4.63073e-13 	1.8386e-13 	-8.45337e-14 	4.1053e-13 	3.31025e-09 	-1.3842e-10 	-2.12688e-09 	3.60247e-11 	9.77699e-11 	1.37062e-09
0.03    0.03    0.03    0.03    0.03    2.61 	-0.0060655 	-0.000550388 	0.0284605 	3.61741e-13 	-1.11779e-13 	-1.6688e-13 	1.16089e-13 	-1.66987e-14 	2.58944e-13 	1.2257e-09 	-2.66341e-11 	-5.06757e-09 	5.32159e-12 	1.31964e-10 	2.10657e-08
0.03    0.03    0.03    0.03    0.03    2.7 	-0.0060655 	-0.000550388 	0.0284605 	3.61741e-13 	-1.11779e-13 	-1.6688e-13 	1.16089e-13 	-1.66987e-14 	2.58944e-13 	1.2257e-09 	-2.66341e-11 	-5.06757e-09 	5.32159e-12 	1.31964e-10 	2.10657e-08
0.03    0.03    0.03    0.03    0.03    2.79 	-0.0309621 	0.00172991 	0.00527962 	2.66514e-13 	3.6064e-14 	-1.37186e-14 	5.25633e-14 	-3.33714e-14 	1.88688e-13 	1.77833e-08 	1.6335e-09 	2.30871e-08 	3.73059e-10 	2.09601e-09 	2.9976e-08
0.03    0.03    0.03    0.03    0.03    2.88 	-0.0309621 	0.00172991 	0.00527962 	2.66514e-13 	3.6064e-14 	-1.37186e-14 	5.25633e-14 	-3.33714e-14 	1.88688e-13 	1.77833e-08 	1.6335e-09 	2.30871e-08 	3.73059e-10 	2.09601e-09 	2.9976e-08
0.03    0.03    0.03    0.03    0.03    2.97 	-0.00957571 	0.000260519 	-0.000800515 	1.63696e-13 	3.41419e-14 	-6.97479e-15 	3.06514e-14 	1.20877e-14 	1.98765e-13 	1.39318e-09 	5.49774e-10 	-1.99321e-10 	4.60169e-10 	-1.13999e-10 	3.37756e-11
0.03    0.03    0.03    0.03    0.03    3.06 	-0.00957571 	0.000260519 	-0.000800515 	1.63696e-13 	3.41419e-14 	-6.97479e-15 	3.06514e-14 	1.20877e-14 	1.98765e-13 	1.39318e-09 	5.49774e-10 	-1.99321e-10 	4.60169e-10 	-1.13999e-10 	3.37756e-11
0.03    0.03    0.03    0.03    0.03    3.15 	-0.0247703 	0.00481914 	-0.0184162 	6.38632e-13 	1.39137e-13 	-4.27813e-14 	1.97175e-13 	-9.52199e-14 	5.29137e-13 	1.78963e-09 	-4.70239e-10 	3.7159e-09 	1.83083e-10 	-8.95991e-10 	7.83148e-09
0.03    0.03    0.03    0.03    0.03    3.24 	-0.0247703 	0.00481914 	-0.0184162 	6.38632e-13 	1.39137e-13 	-4.27813e-14 	1.97175e-13 	-9.52199e-14 	5.29137e-13 	1.78963e-09 	-4.70239e-10 	3.7159e-09 	1.83083e-10 	-8.95991e-10 	7.83148e-09
0.03    0.03    0.03    0.03    0.03    3.33 	-0.0345313 	0.000950815 	-0.0295411 	2.33438e-12 	5.64436e-13 	-7.85204e-13 	3.12637e-13 	-2.00623e-13 	4.85331e-13 	1.25708e-08 	-2.37164e-10 	-9.74678e-10 	3.52139e-11 	2.99293e-11 	8.11525e-11
0.03    0.03    0.03    0.03    0.03    3.42 	-0.0345313 	0.000950815 	-0.0295411 	2.33438e-12 	5.64436e-13 	-7.85204e-13 	3.12637e-13 	-2.00623e-13 	4.85331e-13 	1.25708e-08 	-2.37164e-10 	-9.74678e-10 	3.52139e-11 	2.99293e-11 	8.11525e-11
0.03    0.03    0.03    0.03    0.03    3.51 	-0.0345313 	0.000950815 	-0.0295411 	2.33438e-12 	5.64436e-13 	-7.85204e-13 	3.12637e-13 	-2.00623e-13 	4.85331e-13 	1.25708e-08 	-2.37164e-10 	-9.74678e-10 	3.52139e-11 	2.99293e-11 	8.11525e-11
0.03    0.03    0.03    0.03    0.03    3.6 	-0.00676927 	-0.000657043 	0.0154409 	7.35676e-13 	3.93518e-13 	2.95372e-13 	3.79517e-13 	2.92755e-13 	2.8691e-13 	5.3335e-10 	2.25306e-10 	-6.29399e-10 	1.34194e-10 	-2.544e-10 	7.48123e-10
0.03    0.03    0.03    0.03    0.03    3.69 	-0.00676927 	-0.000657043 	0.0154409 	7.35676e-13 	3.93518e-13 	2.95372e-13 	3.79517e-13 	2.92755e-13 	2.8691e-13 	5.3335e-10 	2.25306e-10 	-6.29399e-10 	1.34194e-10 	-2.544e-10 	7.48123e-10
0.03    0.03    0.03    0.03    0.03    3.78 	0.0613741 	-0.00183707 	-0.0278101 	1.58447e-12 	-4.79483e-13 	6.24073e-15 	3.44318e-13 	5.91242e-14 	4.34002e-13 	4.34396e-09 	-4.40185e-10 	-4.46653e-09 	4.91443e-11 	4.55482e-10 	4.59485e-09
0.03    0.03    0.03    0.03    0.03    3.87 	0.0613741 	-0.00183707 	-0.0278101 	1.58447e-12 	-4.79483e-13 	6.24073e-15 	3.44318e-13 	5.91242e-14 	4.34002e-13 	4.34396e-09 	-4.40185e-10 	-4.46653e-09 	4.91443e-11 	4.55482e-10 	4.59485e-09
0.03    0.03    0.03    0.03    0.03    3.96 	0.0131394 	-0.00212043 	0.0474838 	1.30466e-12 	-4.64548e-13 	-5.2952e-13 	4.20999e-13 	6.76544e-13 	6.6768e-13 	5.80123e-09 	-6.26102e-10 	6.10479e-09 	7.33602e-11 	-6.77464e-10 	6.48568e-09
0.03    0.03    0.03    0.03    0.03    4.05 	0.0131394 	-0.00212043 	0.0474838 	1.30466e-12 	-4.64548e-13 	-5.2952e-13 	4.20999e-13 	6.76544e-13 	6.6768e-13 	5.80123e-09 	-6.26102e-10 	6.10479e-09 	7.33602e-11 	-6.77464e-10 	6.48568e-09
0.03    0.03    0.03    0.03    0.03    4.14 	0.000167456 	0.00322728 	0.0360307 	3.1338e-13 	-3.76763e-14 	1.40092e-14 	1.46709e-13 	4.07712e-14 	5.10719e-13 	9.19378e-09 	-6.17045e-10 	-9.98549e-09 	9.27834e-11 	6.90774e-10 	1.08549e-08
0.03    0.03    0.03    0.03    0.03    4.23 	0.000167456 	0.00322728 	0.0360307 	3.1338e-13 	-3.76763e-14 	1.40092e-14 	1.46709e-13 	4.07712e-14 	5.10719e-13 	9.19378e-09 	-6.17045e-10 	-9.98549e-09 	9.27834e-11 	6.90774e-10 	1.08549e-08
0.03    0.03    0.03    0.03    0.03    4.32 	-0.0249511 	-0.000892776 	0.0159485 	1.07714e-12 	2.75641e-13 	2.06702e-13 	1.30097e-13 	-8.94475e-15 	3.86654e-13 	2.74963e-09 	5.2418e-10 	-2.30558e-10 	1.34104e-10 	-7.34881e-11 	5.18571e-11
0.03    0.03    0.03    0.03    0.03    4.41 	-0.0249511 	-0.000892776 	0.0159485 	1.07714e-12 	2.75641e-13 	2.06702e-13 	1.30097e-13 	-8.94475e-15 	3.86654e-13 	2.74963e-09 	5.2418e-10 	-2.30558e-10 	1.34104e-10 	-7.34881e-11 	5.18571e-11
0.03    0.03    0.03    0.03    0.03    4.5 	-0.0249511 	-0.000892776 	0.0159485 	1.07714e-12 	2.75641e-13 	2.06702e-13 	1.30097e-13 	-8.94475e-15 	3.86654e-13 	2.74963e-09 	5.2418e-10 	-2.30558e-10 	1.34104e-10 	-7.34881e-11 	5.18571e-11
0.1    0.1    0.1    0.1    0.1    0 	-0.0016287 	0.00289222 	-0.00582052 	4.73968e-13 	-4.26428e-14 	-9.01216e-14 	1.58086e-13 	2.69115e-13 	5.21036e-13 	1.2967e-08 	1.68613e-09 	2.81913e-08 	2.87451e-10 	3.80179e-09 	6.16324e-08
0.1    0.1    0.1    0.1    0.1    0.09 	-0.0016287 	0.00289222 	-0.00582052 	4.73968e-13 	-4.26428e-14 	-9.01216e-14 	1.58086e-13 	2.69115e-13 	5.21036e-13 	1.2967e-08 	1.68613e-09 	2.81913e-08 	2.87451e-10 	3.80179e-09 	6.16324e-08
0.1    0.1    0.1    0.1    0.1    0.18 	-0.0016287 	0.00289222 	-0.00582052 	4.73968e-13 	-4.26428e-14 	-9.01216e-14 	1.58086e-13 	2.69115e-13 	5.21036e-13 	1.2967e-08 	1.68613e-09 	2.81913e-08 	2.87451e-10 	3.80179e-09 	6.16324e-08
0.1    0.1    0.1    0.1    0.1    0.27 	-0.00137259 	-0.00023675 	-0.0601533 	1.34628e-12 	-2.68919e-13 	-9.02286e-13 	5.06479e-13 	9.57395e-13 	8.22843e-13 	6.38749e-08 	-1.76954e-09 	8.30299e-09 	7.19672e-11 	-2.32249e-10 	1.17878e-09
0.1    0.1    0.1    0.1    0.1    0.36 	-0.00137259 	-0.00023675 	-0.0601533 	1.34628e-12 	-2.68919e-13 	-9.02286e-13 	5.06479e-13 	9.57395e-13 	8.22843e-13 	6.38749e-08 	-1.76954e-09 	8.30299e-09 	7.19672e-11 	-2.32249e-10 	1.17878e-09
0.1    0.1    0.1    0.1    0.1    0.45 	0.00948773 	-0.00526146 	0.0142568 	5.30453e-12 	2.09692e-12 	7.78603e-13 	1.48347e-12 	3.75391e-13 	9.62974e-13 	3.18566e-07 	-1.55611e-08 	-1.67822e-07 	8.10917e-10 	8.30312e-09 	8.86484e-08
0.1    0.1    0.1    0.1    0.1    0.54 	0.00948773 	-0.00526146 	0.0142568 	5.30453e-12 	2.09692e-12 	7.78603e-13 	1.48347e-12 	3.75391e-13 	9.62974e-13 	3.18566e-07 	-1.55611e-08 	-1.67822e-07 	8.10917e-10 	8.30312e-09 	8.86484e-08
0.1    0.1    0.1    0.1    0.1    0.63 	-0.00386874 	0.00108125 	0.0208404 	6.05318e-13 	-1.17945e-14 	-5.55253e-14 	1.95637e-13 	-2.72621e-15 	2.83888e-13 	1.29964e-09 	9.81185e-11 	4.62341e-09 	1.4442e-11 	3.49055e-10 	1.65668e-08
0.1    0.1    0.1    0.1    0.1    0.72 	-0.00386874 	0.00108125 	0.0208404 	6.05318e-13 	-1.17945e-14 	-5.55253e-14 	1.95637e-13 	-2.72621e-15 	2.83888e-13 	1.29964e-09 	9.81185e-11 	4.62341e-09 	1.4442e-11 	3.49055e-10 	1.65668e-08
0.1    0.1    0.1    0.1    0.1    0.81 	-0.00950377 	0.00044036 	-0.00539439 	1.96187e-13 	2.79011e-14 	-1.99653e-15 	5.52042e-14 	2.83402e-14 	1.96842e-13 	1.94012e-09 	-1.44689e-10 	3.23358e-09 	2.04536e-11 	-2.27444e-10 	5.64895e-09
0.1    0.1    0.1    0.1    0.1    0.9 	-0.00950377 	0.00044036 	-0.00539439 	1.96187e-13 	2.79011e-14 	-1.99653e-15 	5.52042e-14 	2.83402e-14 	1.96842e-13 	1.94012e-09 	-1.44689e-10 	3.23358e-09 	2.04536e-11 	-2.27444e-10 	5.64895e-09
0.1    0.1    0.1    0.1    0.1    0.99 	0.00554418 	0.00116273 	0.0102684 	5.17028e-13 	-1.84258e-13 	6.81544e-13 	1.24317e-13 	-3.65746e-13 	7.5221e-13 	4.34075e-10 	-4.19658e-10 	-1.4351e-09 	4.45379e-10 	1.53768e-09 	5.8259e-09
0.1    0.1    0.1    0.1    0.1    1.08 	0.00554418 	0.00116273 	0.0102684 	5.17028e-13 	-1.84258e-13 	6.81544e-13 	1.24317e-13 	-3.65746e-13 	7.5221e-13 	4.34075e-10 	-4.19658e-10 	-1.4351e-09 	4.45379e-10 	1.53768e-09 	5.8259e-09
0.1    0.1    0.1    0.1    0.1    1.17 	0.00554418 	0.00116273 	0.0102684 	5.17028e-13 	-1.84258e-13 	6.81544e-13 	1.24317e-13 	-3.65746e-13 	7.5221e-13 	4.34075e-10 	-4.19658e-10 	-1.4351e-09 	4.45379e-10 	1.53768e-09 	5.8259e-09
0.1    0.1    0.1    0.1    0.1    1.26 	-0.0135409 	0.00246725 	-0.0109278 	2.7111e-13 	9.57739e-15 	-6.84911e-14 	4.63756e-14 	3.00169e-14 	2.61918e-13 	2.00877e-08 	-7.40702e-10 	-3.46457e-08 	2.78605e-11 	1.27795e-09 	5.97552e-08
0.1    0.1    0.1    0.1    0.1    1.35 	-0.0135409 	0.00246725 	-0.0109278 	2.7111e-13 	9.57739e-15 	-6.84911e-14 	4.63756e-14 	3.00169e-14 	2.61918e-13 	2.00877e-08 	-7.40702e-10 	-3.46457e-08 	2.78605e-11 	1.27795e-09 	5.97552e-08
0.1    0.1    0.1    0.1    0.1    1.44 	-0.0128874 	-0.000819658 	-0.040434 	6.03501e-13 	4.76682e-14 	-3.93298e-13 	1.71519e-13 	1.29199e-13 	4.99903e-13 	1.80503e-08 	-5.67387e-10 	-1.07659e-08 	1.95158e-11 	3.38298e-10 	6.43282e-09
0.1    0.1    0.1    0.1    0.1    1.53 	-0.0128874 	-0.000819658 	-0.040434 	6.03501e-13 	4.76682e-14 	-3.93298e-13 	1.71519e-13 	1.29199e-13 	4.99903e-13 	1.80503e-08 	-5.67387e-10 	-1.07659e-08 	1.95158e-11 	3.38298e-10 	6.43282e-09
0.1    0.1    0.1    0.1    0.1    1.62 	-0.00857803 	-0.00078749 	0.055352 	3.38478e-13 	7.08501e-14 	-5.16262e-13 	2.74752e-13 	-6.20297e-13 	6.70393e-13 	5.69071e-11 	3.37198e-12 	-3.31249e-11 	1.96386e-11 	9.19447e-11 	4.88838e-10
0.1    0.1    0.1    0.1    0.1    1.71 	-0.00857803 	-0.00078749 	0.055352 	3.38478e-13 	7.08501e-14 	-5.16262e-13 	2.74752e-13 	-6.20297e-13 	6.70393e-13 	5.69071e-11 	3.37198e-12 	-3.31249e-11 	1.96386e-11 	9.19447e-11 	4.88838e-10
0.1    0.1    0.1    0.1    0.1    1.8 	-0.0145078 	0.00146763 	-0.00016877 	3.15522e-13 	2.46284e-14 	-1.59254e-13 	9.97219e-14 	-1.13576e-13 	3.64425e-13 	3.21496e-10 	-4.36529e-11 	-2.40439e-10 	9.95129e-12 	3.89032e-11 	1.93219e-10
0.1    0.1    0.1    0.1    0.1    1.89 	-0.0145078 	0.00146763 	-0.00016877 	3.15522e-13 	2.46284e-14 	-1.59254e-13 	9.97219e-14 	-1.13576e-13 	3.64425e-13 	3.21496e-10 	-4.36529e-11 	-2.40439e-10 	9.95129e-12 	3.89032e-11 	1.93219e-10
0.1    0.1    0.1    0.1    0.1    1.98 	-0.0220118 	0.00068716 	0.00850366 	3.39712e-13 	-2.66156e-14 	-1.95687e-14 	1.43119e-13 	7.11712e-14 	3.34233e-13 	2.48308e-09 	9.87575e-11 	4.32358e-09 	6.71779e-12 	1.35918e-10 	8.01506e-09
0.1    0.1    0.1    0.1    0.1    2.07 	-0.0220118 	0.00068716 	0.00850366 	3.39712e-13 	-2.66156e-14 	-1.95687e-14 	1.43119e-13 	7.11712e-14 	3.34233e-13 	2.48308e-09 	9.87575e-11 	4.32358e-09 	6.71779e-12 	1.35918e-10 	8.01506e-09
0.1    0.1    0.1    0.1    0.1    2.16 	-0.000534431 	-0.000207998 	-0.025599 	8.85965e-13 	3.84027e-13 	7.56937e-13 	4.43084e-13 	6.56778e-13 	7.43638e-13 	5.34853e-10 	-8.44668e-12 	2.90955e-09 	2.11143e-11 	1.07579e-11 	1.65686e-08
0.1    0.1    0.1    0.1    0.1    2.25 	-0.000534431 	-0.000207998 	-0.025599 	8.85965e-13 	3.84027e-13 	7.56937e-13 	4.43084e-13 	6.56778e-13 	7.43638e-13 	5.34853e-10 	-8.44668e-12 	2.90955e-09 	2.11143e-11 	1.07579e-11 	1.65686e-08
0.1    0.1    0.1    0.1    0.1    2.34 	-0.000534431 	-0.000207998 	-0.025599 	8.85965e-13 	3.84027e-13 	7.56937e-13 	4.43084e-13 	6.56778e-13 	7.43638e-13 	5.34853e-10 	-8.44668e-12 	2.90955e-09 	2.11143e-11 	1.07579e-11 	1.65686e-08
0.1    0.1    0.1    0.1    0.1    2.43 	-0.0356318 	-0.000536003 	0.0155288 	5.71876e-13 	4.27536e-14 	-4.69513e-13 	1.85147e-13 	-8.34907e-14 	4.12442e-13 	1.05865e-08 	-1.40989e-09 	-8.52307e-09 	2.06764e-10 	1.16018e-09 	6.94309e-09
0.1    0.1    0.1    0.1    0.1    2.52 	-0.0356318 	-0.000536003 	0.0155288 	5.71876e-13 	4.27536e-14 	-4.69513e-13 	1.85147e-13 	-8.34907e-14 	4.12442e-13 	1.05865e-08 	-1.40989e-09 	-8.52307e-09 	2.06764e-10 	1.16018e-09 	6.94309e-09
0.1    0.1    0.1    0.1    0.1    2.61 	-0.00617602 	-0.000527637 	0.0293115 	3.64573e-13 	-1.12483e-13 	-1.69015e-13 	1.16792e-13 	-1.67843e-14 	2.60403e-13 	3.82641e-09 	-5.7088e-10 	-2.34222e-08 	9.47723e-11 	3.66615e-09 	1.47603e-07
0.1    0.1    0.1    0.1    0.1    2.7 	-0.00617602 	-0.000527637 	0.0293115 	3.64573e-13 	-1.12483e-13 	-1.69015e-13 	1.16792e-13 	-1.67843e-14 	2.60403e-13 	3.82641e-09 	-5.7088e-10 	-2.34222e-08 	9.47723e-11 	3.66615e-09 	1.47603e-07
0.1    0.1    0.1    0.1    0.1    2.79 	-0.0315477 	0.00178063 	0.00441094 	2.67075e-13 	3.60366e-14 	-1.41489e-14 	5.25345e-14 	-3.33091e-14 	1.88718e-13 	8.61567e-08 	-4.42349e-09 	1.20933e-07 	4.25754e-10 	-6.35597e-09 	1.70055e-07
0.1    0.1    0.1    0.1    0.1    2.88 	-0.0315477 	0.00178063 	0.00441094 	2.67075e-13 	3.60366e-14 	-1.41489e-14 	5.25345e-14 	-3.33091e-14 	1.88718e-13 	8.61567e-08 	-4.42349e-09 	1.20933e-07 	4.25754e-10 	-6.35597e-09 	1.70055e-07
0.1    0.1    0.1    0.1    0.1    2.97 	-0.00954042 	0.000188048 	-0.000814558 	1.64034e-13 	3.43343e-14 	-6.84164e-15 	3.07704e-14 	1.17519e-14 	1.98602e-13 	1.6692e-09 	-6.26374e-10 	-2.00485e-10 	8.17697e-10 	9.8291e-11 	3.8928e-11
0.1    0.1    0.1    0.1    0.1    3.06 	-0.00954042 	0.000188048 	-0.000814558 	1.64034e-13 	3.43343e-14 	-6.84164e-15 	3.07704e-14 	1.17519e-14 	1.98602e-13 	1.6692e-09 	-6.26374e-10 	-2.00485e-10 	8.17697e-10 	9.8291e-11 	3.8928e-11
0.1    0.1    0.1    0.1    0.1    3.15 	-0.0247352 	0.00483141 	-0.0180767 	6.40865e-13 	1.38962e-13 	-4.25316e-14 	1.98632e-13 	-1.01779e-13 	5.411e-13 	2.26347e-09 	-5.56487e-11 	7.84097e-09 	6.60033e-11 	2.01979e-10 	3.19677e-08
0.1    0.1    0.1    0.1    0.1    3.24 	-0.0247352 	0.00483141 	-0.0180767 	6.40865e-13 	1.38962e-13 	-4.25316e-14 	1.98632e-13 	-1.01779e-13 	5.411e-13 	2.26347e-09 	-5.56487e-11 	7.84097e-09 	6.60033e-11 	2.01979e-10 	3.19677e-08
0.1    0.1    0.1    0.1    0.1    3.33 	-0.0352085 	0.000951518 	-0.0294376 	2.34155e-12 	5.6307e-13 	-7.87007e-13 	3.09687e-13 	-2.00474e-13 	4.82411e-13 	9.10638e-08 	1.03122e-10 	-1.0648e-08 	1.16419e-11 	-4.18754e-12 	1.35093e-09
0.1    0.1    0.1    0.1    0.1    3.42 	-0.0352085 	0.000951518 	-0.0294376 	2.34155e-12 	5.6307e-13 	-7.87007e-13 	3.09687e-13 	-2.00474e-13 	4.82411e-13 	9.10638e-08 	1.03122e-10 	-1.0648e-08 	1.16419e-11 	-4.18754e-12 	1.35093e-09
0.1    0.1    0.1    0.1    0.1    3.51 	-0.0352085 	0.000951518 	-0.0294376 	2.34155e-12 	5.6307e-13 	-7.87007e-13 	3.09687e-13 	-2.00474e-13 	4.82411e-13 	9.10638e-08 	1.03122e-10 	-1.0648e-08 	1.16419e-11 	-4.18754e-12 	1.35093e-09
0.1    0.1    0.1    0.1    0.1    3.6 	-0.00673681 	-0.000655647 	0.0156049 	7.42163e-13 	3.93165e-13 	2.89067e-13 	3.76189e-13 	2.85364e-13 	2.84415e-13 	5.13169e-10 	8.91173e-11 	-6.50324e-10 	4.4872e-11 	-1.63533e-10 	5.6036e-09
0.1    0.1    0.1    0.1    0.1    3.69 	-0.00673681 	-0.000655647 	0.0156049 	7.42163e-13 	3.93165e-13 	2.89067e-13 	3.76189e-13 	2.85364e-13 	2.84415e-13 	5.13169e-10 	8.91173e-11 	-6.50324e-10 	4.4872e-11 	-1.63533e-10 	5.6036e-09
0.1    0.1    0.1    0.1    0.1    3.78 	0.0617983 	-0.00186268 	-0.0283375 	1.6372e-12 	-4.93006e-13 	1.88082e-14 	3.49996e-13 	5.27276e-14 	4.35416e-13 	3.46742e-08 	-2.61997e-09 	-4.11105e-08 	2.0627e-10 	3.07956e-09 	4.88566e-08
0.1    0.1    0.1    0.1    0.1    3.87 	0.0617983 	-0.00186268 	-0.0283375 	1.6372e-12 	-4.93006e-13 	1.88082e-14 	3.49996e-13 	5.27276e-14 	4.35416e-13 	3.46742e-08 	-2.61997e-09 	-4.11105e-08 	2.0627e-10 	3.07956e-09 	4.88566e-08
0.1    0.1    0.1    0.1    0.1    3.96 	0.0138989 	-0.00211447 	0.0478398 	1.35126e-12 	-4.81246e-13 	-5.48629e-13 	4.20498e-13 	6.64222e-13 	6.57017e-13 	9.2613e-08 	-9.09727e-10 	5.30684e-08 	5.10939e-11 	-7.54738e-10 	3.17357e-08
0.1    0.1    0.1    0.1    0.1    4.05 	0.0138989 	-0.00211447 	0.0478398 	1.35126e-12 	-4.81246e-13 	-5.48629e-13 	4.20498e-13 	6.64222e-13 	6.57017e-13 	9.2613e-08 	-9.09727e-10 	5.30684e-08 	5.10939e-11 	-7.54738e-10 	3.17357e-08
0.1    0.1    0.1    0.1    0.1    4.14 	0.000731409 	0.00320952 	0.035511 	3.17838e-13 	-4.02141e-14 	1.2191e-14 	1.46502e-13 	4.00557e-14 	5.06326e-13 	6.65785e-08 	-1.85742e-09 	-6.3526e-08 	7.53362e-11 	1.78503e-09 	6.07012e-08
0.1    0.1    0.1    0.1    0.1    4.23 	0.000731409 	0.00320952 	0.035511 	3.17838e-13 	-4.02141e-14 	1.2191e-14 	1.46502e-13 	4.00557e-14 	5.06326e-13 	6.65785e-08 	-1.85742e-09 	-6.3526e-08 	7.53362e-11 	1.78503e-09 	6.07012e-08
0.1    0.1    0.1    0.1    0.1    4.32 	-0.0251941 	-0.000945956 	0.0162287 	1.06516e-12 	2.72865e-13 	1.91348e-13 	1.33544e-13 	-1.36741e-14 	3.88667e-13 	1.40738e-08 	3.20497e-09 	-1.08731e-08 	7.42844e-10 	-2.47092e-09 	9.70021e-09
0.1    0.1    0.1    0.1    0.1    4.41 	-0.0251941 	-0.000945956 	0.0162287 	1.06516e-12 	2.72865e-13 	1.91348e-13 	1.33544e-13 	-1.36741e-14 	3.88667e-13 	1.40738e-08 	3.20497e-09 	-1.08731e-08 	7.42844e-10 	-2.47092e-09 	9.70021e-09
0.1    0.1    0.1    0.1    0.1    4.5 	-0.0251941 	-0.000945956 	0.0162287 	1.06516e-12 	2.72865e-13 	1.91348e-13 	1.33544e-13 	-1.36741e-14 	3.88667e-13 	1.40738e-08 	3.20497e-09 	-1.08731e-08 	7.42844e-10 	-2.47092e-09 	9.70021e-09
0.2    0.2    0.2    0.2    0.2    0 	-0.00126813 	0.00288366 	-0.00533374 	4.71559e-13 	-4.16219e-14 	-9.16424e-14 	1.57522e-13 	2.68184e-13 	5.22531e-13 	4.79105e-08 	1.65025e-09 	8.21966e-08 	1.71914e-10 	3.31546e-09 	1.43384e-07
0.2    0.2    0.2    0.2    0.2    0.09 	-0.00126813 	0.00288366 	-0.00533374 	4.71559e-13 	-4.16219e-14 	-9.16424e-14 	1.57522e-13 	2.68184e-13 	5.22531e-13 	4.79105e-08 	1.65025e-09 	8.21966e-08 	1.71914e-10 	3.31546e-09 	1.43384e-07
0.2    0.2    0.2    0.2    0.2    0.18 	-0.00126813 	0.00288366 	-0.00533374 	4.71559e-13 	-4.16219e-14 	-9.16424e-14 	1.57522e-13 	2.68184e-13 	5.22531e-13 	4.79105e-08 	1.65025e-09 	8.21966e-08 	1.71914e-10 	3.31546e-09 	1.43384e-07
0.2    0.2    0.2    0.2    0.2    0.27 	-0.00102038 	-0.000247317 	-0.0599046 	1.32898e-12 	-2.49194e-13 	-8.72548e-13 	5.02914e-13 	9.47663e-13 	8.20619e-13 	1.11608e-07 	-2.99617e-09 	3.36424e-08 	9.20747e-11 	-9.0691e-10 	1.22249e-08
0.2    0.2    0.2    0.2    0.2    0.36 	-0.00102038 	-0.000247317 	-0.0599046 	1.32898e-12 	-2.49194e-13 	-8.72548e-13 	5.02914e-13 	9.47663e-13 	8.20619e-13 	1.11608e-07 	-2.99617e-09 	3.36424e-08 	9.20747e-11 	-9.0691e-10 	1.22249e-08
0.2    0.2    0.2    0.2    0.2    0.45 	0.00756011 	-0.0052299 	0.014935 	5.46075e-12 	2.13532e-12 	7.91315e-13 	1.50434e-12 	3.74477e-13 	9.84822e-13 	1.2603e-06 	-3.63265e-08 	-5.47057e-07 	1.16392e-09 	1.62957e-08 	2.40174e-07
0.2    0.2    0.2    0.2    0.2    0.54 	0.00756011 	-0.0052299 	0.014935 	5.46075e-12 	2.13532e-12 	7.91315e-13 	1.50434e-12 	3.74477e-13 	9.84822e-13 	1.2603e-06 	-3.63265e-08 	-5.47057e-07 	1.16392e-09 	1.62957e-08 	2.40174e-07
0.2    0.2    0.2    0.2    0.2    0.63 	-0.00404137 	0.00107354 	0.0205061 	6.1299e-13 	-2.60403e-15 	-5.02926e-14 	1.9662e-13 	-3.60038e-15 	2.82478e-13 	7.7797e-09 	4.44221e-10 	1.98511e-08 	2.93543e-11 	1.1573e-09 	5.19287e-08
0.2    0.2    0.2    0.2    0.2    0.72 	-0.00404137 	0.00107354 	0.0205061 	6.1299e-13 	-2.60403e-15 	-5.02926e-14 	1.9662e-13 	-3.60038e-15 	2.82478e-13 	7.7797e-09 	4.44221e-10 	1.98511e-08 	2.93543e-11 	1.1573e-09 	5.19287e-08
0.2    0.2    0.2    0.2    0.2    0.81 	-0.00928735 	0.000441052 	-0.00520529 	1.95785e-13 	2.82407e-14 	-1.23986e-15 	5.48643e-14 	2.85394e-14 	1.95327e-13 	1.22869e-08 	-2.87023e-10 	1.37394e-08 	1.5631e-11 	-3.55601e-10 	1.59168e-08
0.2    0.2    0.2    0.2    0.2    0.9 	-0.00928735 	0.000441052 	-0.00520529 	1.95785e-13 	2.82407e-14 	-1.23986e-15 	5.48643e-14 	2.85394e-14 	1.95327e-13 	1.22869e-08 	-2.87023e-10 	1.37394e-08 	1.5631e-11 	-3.55601e-10 	1.59168e-08
0.2    0.2    0.2    0.2    0.2    0.99 	0.00542866 	0.00119686 	0.01034 	5.1574e-13 	-1.81567e-13 	6.73183e-13 	1.21332e-13 	-3.57659e-13 	7.44267e-13 	3.36312e-09 	-1.68291e-09 	-4.87606e-09 	9.35497e-10 	2.81013e-09 	8.79412e-09
0.2    0.2    0.2    0.2    0.2    1.08 	0.00542866 	0.00119686 	0.01034 	5.1574e-13 	-1.81567e-13 	6.73183e-13 	1.21332e-13 	-3.57659e-13 	7.44267e-13 	3.36312e-09 	-1.68291e-09 	-4.87606e-09 	9.35497e-10 	2.81013e-09 	8.79412e-09
0.2    0.2    0.2    0.2    0.2    1.17 	0.00542866 	0.00119686 	0.01034 	5.1574e-13 	-1.81567e-13 	6.73183e-13 	1.21332e-13 	-3.57659e-13 	7.44267e-13 	3.36312e-09 	-1.68291e-09 	-4.87606e-09 	9.35497e-10 	2.81013e-09 	8.79412e-09
0.2    0.2    0.2    0.2    0.2    1.26 	-0.0132558 	0.00246136 	-0.01134 	2.71524e-13 	1.0535e-14 	-6.74177e-14 	4.65212e-14 	2.99438e-14 	2.61203e-13 	4.6879e-08 	-1.48999e-09 	-7.6638e-08 	4.84051e-11 	2.44936e-09 	1.25518e-07
0.2    0.2    0.2    0.2    0.2    1.35 	-0.0132558 	0.00246136 	-0.01134 	2.71524e-13 	1.0535e-14 	-6.74177e-14 	4.65212e-14 	2.99438e-14 	2.61203e-13 	4.6879e-08 	-1.48999e-09 	-7.6638e-08 	4.84051e-11 	2.44936e-09 	1.25518e-07
0.2    0.2    0.2    0.2    0.2    1.44 	-0.0133816 	-0.000803018 	-0.0401526 	6.08353e-13 	5.37113e-14 	-3.88907e-13 	1.74175e-13 	1.18855e-13 	5.01474e-13 	7.61949e-08 	-2.70303e-09 	-4.52326e-08 	9.70805e-11 	1.60571e-09 	2.68679e-08
0.2    0.2    0.2    0.2    0.2    1.53 	-0.0133816 	-0.000803018 	-0.0401526 	6.08353e-13 	5.37113e-14 	-3.88907e-13 	1.74175e-13 	1.18855e-13 	5.01474e-13 	7.61949e-08 	-2.70303e-09 	-4.52326e-08 	9.70805e-11 	1.60571e-09 	2.68679e-08
0.2    0.2    0.2    0.2    0.2    1.62 	-0.00850752 	-0.000792623 	0.0552243 	3.35108e-13 	7.05146e-14 	-5.09893e-13 	2.72994e-13 	-6.15584e-13 	6.67574e-13 	8.20625e-10 	-1.24102e-10 	-1.69065e-09 	3.22533e-11 	3.19947e-10 	3.80945e-09
0.2    0.2    0.2    0.2    0.2    1.71 	-0.00850752 	-0.000792623 	0.0552243 	3.35108e-13 	7.05146e-14 	-5.09893e-13 	2.72994e-13 	-6.15584e-13 	6.67574e-13 	8.20625e-10 	-1.24102e-10 	-1.69065e-09 	3.22533e-11 	3.19947e-10 	3.80945e-09
0.2    0.2    0.2    0.2    0.2    1.8 	-0.0145111 	0.00146263 	-0.000161078 	3.13423e-13 	2.45524e-14 	-1.5841e-13 	9.93832e-14 	-1.13717e-13 	3.64442e-13 	2.72525e-10 	-6.19596e-11 	-2.47478e-10 	2.11393e-11 	6.37708e-11 	2.44058e-10
0.2    0.2    0.2    0.2    0.2    1.89 	-0.0145111 	0.00146263 	-0.000161078 	3.13423e-13 	2.45524e-14 	-1.5841e-13 	9.93832e-14 	-1.13717e-13 	3.64442e-13 	2.72525e-10 	-6.19596e-11 	-2.47478e-10 	2.11393e-11 	6.37708e-11 	2.44058e-10
0.2    0.2    0.2    0.2    0.2    1.98 	-0.0218616 	0.000708058 	0.00859154 	3.3777e-13 	-2.45653e-14 	-1.97642e-14 	1.42244e-13 	7.10079e-14 	3.33915e-13 	9.03656e-09 	8.78775e-10 	9.81264e-09 	9.29278e-11 	8.66286e-10 	1.17051e-08
0.2    0.2    0.2    0.2    0.2    2.07 	-0.0218616 	0.000708058 	0.00859154 	3.3777e-13 	-2.45653e-14 	-1.97642e-14 	1.42244e-13 	7.10079e-14 	3.33915e-13 	9.03656e-09 	8.78775e-10 	9.81264e-09 	9.29278e-11 	8.66286e-10 	1.17051e-08
0.2    0.2    0.2    0.2    0.2    2.16 	-0.000664164 	-0.000197897 	-0.0257388 	8.86969e-13 	3.83315e-13 	7.56539e-13 	4.38801e-13 	6.49112e-13 	7.46602e-13 	3.78655e-09 	-2.87313e-10 	8.96196e-09 	3.33533e-11 	-6.02503e-10 	2.5446e-08
0.2    0.2    0.2    0.2    0.2    2.25 	-0.000664164 	-0.000197897 	-0.0257388 	8.86969e-13 	3.83315e-13 	7.56539e-13 	4.38801e-13 	6.49112e-13 	7.46602e-13 	3.78655e-09 	-2.87313e-10 	8.96196e-09 	3.33533e-11 	-6.02503e-10 	2.5446e-08
0.2    0.2    0.2    0.2    0.2    2.34 	-0.000664164 	-0.000197897 	-0.0257388 	8.86969e-13 	3.83315e-13 	7.56539e-13 	4.38801e-13 	6.49112e-13 	7.46602e-13 	3.78655e-09 	-2.87313e-10 	8.96196e-09 	3.33533e-11 	-6.02503e-10 	2.5446e-08
0.2    0.2    0.2    0.2    0.2    2.43 	-0.0355942 	-0.00055794 	0.0154286 	5.822e-13 	4.51787e-14 	-4.78733e-13 	1.86957e-13 	-8.18368e-14 	4.15339e-13 	1.06177e-08 	-1.83141e-09 	-1.06012e-08 	3.51322e-10 	1.95855e-09 	1.11653e-08
0.2    0.2    0.2    0.2    0.2    2.52 	-0.0355942 	-0.00055794 	0.0154286 	5.822e-13 	4.51787e-14 	-4.78733e-13 	1.86957e-13 	-8.18368e-14 	4.15339e-13 	1.06177e-08 	-1.83141e-09 	-1.06012e-08 	3.51322e-10 	1.95855e-09 	1.11653e-08
0.2    0.2    0.2    0.2    0.2    2.61 	-0.00623511 	-0.000511031 	0.0300925 	3.68666e-13 	-1.1346e-13 	-1.72154e-13 	1.17783e-13 	-1.68592e-14 	2.6258e-13 	5.00372e-09 	-9.59222e-10 	-4.09464e-08 	1.94881e-10 	8.2438e-09 	3.52639e-07
0.2    0.2    0.2    0.2    0.2    2.7 	-0.00623511 	-0.000511031 	0.0300925 	3.68666e-13 	-1.1346e-13 	-1.72154e-13 	1.17783e-13 	-1.68592e-14 	2.6258e-13 	5.00372e-09 	-9.59222e-10 	-4.09464e-08 	1.94881e-10 	8.2438e-09 	3.52639e-07
0.2    0.2    0.2    0.2    0.2    2.79 	-0.0318349 	0.001819 	0.0037311 	2.67892e-13 	3.59992e-14 	-1.47704e-14 	5.24787e-14 	-3.32085e-14 	1.88763e-13 	1.27257e-07 	-9.81866e-09 	2.06216e-07 	9.07774e-10 	-1.64596e-08 	3.39025e-07
0.2    0.2    0.2    0.2    0.2    2.88 	-0.0318349 	0.001819 	0.0037311 	2.67892e-13 	3.59992e-14 	-1.47704e-14 	5.24787e-14 	-3.32085e-14 	1.88763e-13 	1.27257e-07 	-9.81866e-09 	2.06216e-07 	9.07774e-10 	-1.64596e-08 	3.39025e-07
0.2    0.2    0.2    0.2    0.2    2.97 	-0.00954408 	0.000142082 	-0.000881909 	1.64493e-13 	3.46093e-14 	-6.68965e-15 	3.09563e-14 	1.1256e-14 	1.984e-13 	9.91568e-10 	-7.34295e-10 	-3.70346e-10 	1.66951e-09 	9.4806e-10 	7.24268e-10
0.2    0.2    0.2    0.2    0.2    3.06 	-0.00954408 	0.000142082 	-0.000881909 	1.64493e-13 	3.46093e-14 	-6.68965e-15 	3.09563e-14 	1.1256e-14 	1.984e-13 	9.91568e-10 	-7.34295e-10 	-3.70346e-10 	1.66951e-09 	9.4806e-10 	7.24268e-10
0.2    0.2    0.2    0.2    0.2    3.15 	-0.0248503 	0.00482209 	-0.0178801 	6.43973e-13 	1.38566e-13 	-4.19652e-14 	2.00802e-13 	-1.11177e-13 	5.59067e-13 	1.94513e-09 	1.37152e-11 	4.43403e-10 	3.79276e-11 	1.3265e-10 	4.67101e-08
0.2    0.2    0.2    0.2    0.2    3.24 	-0.0248503 	0.00482209 	-0.0178801 	6.43973e-13 	1.38566e-13 	-4.19652e-14 	2.00802e-13 	-1.11177e-13 	5.59067e-13 	1.94513e-09 	1.37152e-11 	4.43403e-10 	3.79276e-11 	1.3265e-10 	4.67101e-08
0.2    0.2    0.2    0.2    0.2    3.33 	-0.035996 	0.000953984 	-0.0291019 	2.34996e-12 	5.60688e-13 	-7.8905e-13 	3.05419e-13 	-2.00116e-13 	4.7826e-13 	2.62715e-07 	-3.73148e-10 	-6.87075e-08 	6.69942e-12 	1.27097e-10 	1.97972e-08
0.2    0.2    0.2    0.2    0.2    3.42 	-0.035996 	0.000953984 	-0.0291019 	2.34996e-12 	5.60688e-13 	-7.8905e-13 	3.05419e-13 	-2.00116e-13 	4.7826e-13 	2.62715e-07 	-3.73148e-10 	-6.87075e-08 	6.69942e-12 	1.27097e-10 	1.97972e-08
0.2    0.2    0.2    0.2    0.2    3.51 	-0.035996 	0.000953984 	-0.0291019 	2.34996e-12 	5.60688e-13 	-7.8905e-13 	3.05419e-13 	-2.00116e-13 	4.7826e-13 	2.62715e-07 	-3.73148e-10 	-6.87075e-08 	6.69942e-12 	1.27097e-10 	1.97972e-08
0.2    0.2    0.2    0.2    0.2    3.6 	-0.00652915 	-0.000681317 	0.0156842 	7.50599e-13 	3.9179e-13 	2.7982e-13 	3.71413e-13 	2.74991e-13 	2.81366e-13 	6.25743e-09 	-7.26761e-10 	5.48537e-09 	1.21724e-10 	-8.3556e-10 	9.49624e-09
0.2    0.2    0.2    0.2    0.2    3.69 	-0.00652915 	-0.000681317 	0.0156842 	7.50599e-13 	3.9179e-13 	2.7982e-13 	3.71413e-13 	2.74991e-13 	2.81366e-13 	6.25743e-09 	-7.26761e-10 	5.48537e-09 	1.21724e-10 	-8.3556e-10 	9.49624e-09
0.2    0.2    0.2    0.2    0.2    3.78 	0.0622666 	-0.0018684 	-0.0289312 	1.71577e-12 	-5.12921e-13 	3.73615e-14 	3.58219e-13 	4.35548e-14 	4.37639e-13 	9.898e-08 	-4.35382e-09 	-1.24312e-07 	2.23978e-10 	5.40998e-09 	1.56297e-07
0.2    0.2    0.2    0.2    0.2    3.87 	0.0622666 	-0.0018684 	-0.0289312 	1.71577e-12 	-5.12921e-13 	3.73615e-14 	3.58219e-13 	4.35548e-14 	4.37639e-13 	9.898e-08 	-4.35382e-09 	-1.24312e-07 	2.23978e-10 	5.40998e-09 	1.56297e-07
0.2    0.2    0.2    0.2    0.2    3.96 	0.014932 	-0.00208185 	0.0479964 	1.41892e-12 	-5.04725e-13 	-5.74398e-13 	4.19735e-13 	6.46589e-13 	6.42214e-13 	3.72006e-07 	6.44614e-09 	1.22776e-07 	1.77682e-10 	1.57781e-09 	4.55412e-08
0.2    0.2    0.2    0.2    0.2    4.05 	0.014932 	-0.00208185 	0.0479964 	1.41892e-12 	-5.04725e-13 	-5.74398e-13 	4.19735e-13 	6.46589e-13 	6.42214e-13 	3.72006e-07 	6.44614e-09 	1.22776e-07 	1.77682e-10 	1.57781e-09 	4.55412e-08
0.2    0.2    0.2    0.2    0.2    4.14 	0.00114167 	0.00317173 	0.0350387 	3.24688e-13 	-4.39624e-14 	9.69162e-15 	1.46275e-13 	3.8875e-14 	5.00233e-13 	1.34038e-07 	-6.80497e-09 	-1.33009e-07 	3.9001e-10 	6.84145e-09 	1.32303e-07
0.2    0.2    0.2    0.2    0.2    4.23 	0.00114167 	0.00317173 	0.0350387 	3.24688e-13 	-4.39624e-14 	9.69162e-15 	1.46275e-13 	3.8875e-14 	5.00233e-13 	1.34038e-07 	-6.80497e-09 	-1.33009e-07 	3.9001e-10 	6.84145e-09 	1.32303e-07
0.2    0.2    0.2    0.2    0.2    4.32 	-0.0253774 	-0.000976725 	0.0167258 	1.04694e-12 	2.68692e-13 	1.70163e-13 	1.38709e-13 	-2.04393e-14 	3.91967e-13 	2.62473e-08 	5.38585e-09 	-3.9218e-08 	1.11781e-09 	-7.84415e-09 	6.58023e-08
0.2    0.2    0.2    0.2    0.2    4.41 	-0.0253774 	-0.000976725 	0.0167258 	1.04694e-12 	2.68692e-13 	1.70163e-13 	1.38709e-13 	-2.04393e-14 	3.91967e-13 	2.62473e-08 	5.38585e-09 	-3.9218e-08 	1.11781e-09 	-7.84415e-09 	6.58023e-08
0.2    0.2    0.2    0.2    0.2    4.5 	-0.0253774 	-0.000976725 	0.0167258 	1.04694e-12 	2.68692e-13 	1.70163e-13 	1.38709e-13 	-2.04393e-14 	3.91967e-13 	2.62473e-08 	5.38585e-09 	-3.9218e-08 	1.11781e-09 	-7.84415e-09 	6.58023e-08
0.3    0.3    0.3    0.3    0.3    0 	-0.000983743 	0.00286979 	-0.00501761 	4.6905e-13 	-4.0487e-14 	-9.29077e-14 	1.56947e-13 	2.67105e-13 	5.23929e-13 	9.24597e-08 	1.21226e-10 	1.37875e-07 	1.32966e-10 	8.86776e-10 	2.09795e-07
0.3    0.3    0.3    0.3    0.3    0.09 	-0.000983743 	0.00286979 	-0.00501761 	4.6905e-13 	-4.0487e-14 	-9.29077e-14 	1.56947e-13 	2.67105e-13 	5.23929e-13 	9.24597e-08 	1.21226e-10 	1.37875e-07 	1.32966e-10 	8.86776e-10 	2.09795e-07
0.3    0.3    0.3    0.3    0.3    0.18 	-0.000983743 	0.00286979 	-0.00501761 	4.6905e-13 	-4.0487e-14 	-9.29077e-14 	1.56947e-13 	2.67105e-13 	5.23929e-13 	9.24597e-08 	1.21226e-10 	1.37875e-07 	1.32966e-10 	8.86776e-10 	2.09795e-07
0.3    0.3    0.3    0.3    0.3    0.27 	-0.000796958 	-0.000258369 	-0.0595945 	1.31182e-12 	-2.29586e-13 	-8.42127e-13 	4.99403e-13 	9.37846e-13 	8.18489e-13 	1.41749e-07 	-4.25704e-09 	7.03952e-08 	1.37584e-10 	-2.23016e-09 	4.29918e-08
0.3    0.3    0.3    0.3    0.3    0.36 	-0.000796958 	-0.000258369 	-0.0595945 	1.31182e-12 	-2.29586e-13 	-8.42127e-13 	4.99403e-13 	9.37846e-13 	8.18489e-13 	1.41749e-07 	-4.25704e-09 	7.03952e-08 	1.37584e-10 	-2.23016e-09 	4.29918e-08
0.3    0.3    0.3    0.3    0.3    0.45 	0.00567306 	-0.00520945 	0.015369 	5.59718e-12 	2.16805e-12 	8.11838e-13 	1.52116e-12 	3.79795e-13 	1.00311e-12 	2.77875e-06 	-5.81067e-08 	-1.00257e-06 	1.37315e-09 	2.20871e-08 	3.71105e-07
0.3    0.3    0.3    0.3    0.3    0.54 	0.00567306 	-0.00520945 	0.015369 	5.59718e-12 	2.16805e-12 	8.11838e-13 	1.52116e-12 	3.79795e-13 	1.00311e-12 	2.77875e-06 	-5.81067e-08 	-1.00257e-06 	1.37315e-09 	2.20871e-08 	3.71105e-07
0.3    0.3    0.3    0.3    0.3    0.63 	-0.00422518 	0.00107012 	0.0202888 	6.21139e-13 	6.54e-15 	-4.52021e-14 	1.97735e-13 	-4.41221e-15 	2.81229e-13 	2.07951e-08 	8.7277e-10 	4.09425e-08 	4.12549e-11 	1.80716e-09 	8.41833e-08
0.3    0.3    0.3    0.3    0.3    0.72 	-0.00422518 	0.00107012 	0.0202888 	6.21139e-13 	6.54e-15 	-4.52021e-14 	1.97735e-13 	-4.41221e-15 	2.81229e-13 	2.07951e-08 	8.7277e-10 	4.09425e-08 	4.12549e-11 	1.80716e-09 	8.41833e-08
0.3    0.3    0.3    0.3    0.3    0.81 	-0.00907266 	0.000443982 	-0.00504092 	1.95412e-13 	2.8587e-14 	-4.77958e-16 	5.45324e-14 	2.87312e-14 	1.93829e-13 	3.14939e-08 	-1.79294e-10 	2.99442e-08 	1.06713e-11 	-2.28663e-10 	2.91725e-08
0.3    0.3    0.3    0.3    0.3    0.9 	-0.00907266 	0.000443982 	-0.00504092 	1.95412e-13 	2.8587e-14 	-4.77958e-16 	5.45324e-14 	2.87312e-14 	1.93829e-13 	3.14939e-08 	-1.79294e-10 	2.99442e-08 	1.06713e-11 	-2.28663e-10 	2.91725e-08
0.3    0.3    0.3    0.3    0.3    0.99 	0.00530963 	0.00121604 	0.0103346 	5.145e-13 	-1.78896e-13 	6.64783e-13 	1.18404e-13 	-3.49663e-13 	7.36394e-13 	8.93768e-09 	-3.08486e-09 	-7.0059e-09 	1.20662e-09 	3.00926e-09 	8.13183e-09
0.3    0.3    0.3    0.3    0.3    1.08 	0.00530963 	0.00121604 	0.0103346 	5.145e-13 	-1.78896e-13 	6.64783e-13 	1.18404e-13 	-3.49663e-13 	7.36394e-13 	8.93768e-09 	-3.08486e-09 	-7.0059e-09 	1.20662e-09 	3.00926e-09 	8.13183e-09
0.3    0.3    0.3    0.3    0.3    1.17 	0.00530963 	0.00121604 	0.0103346 	5.145e-13 	-1.78896e-13 	6.64783e-13 	1.18404e-13 	-3.49663e-13 	7.36394e-13 	8.93768e-09 	-3.08486e-09 	-7.0059e-09 	1.20662e-09 	3.00926e-09 	8.13183e-09
0.3    0.3    0.3    0.3    0.3    1.26 	-0.0130286 	0.00245984 	-0.0115685 	2.72007e-13 	1.14985e-14 	-6.63335e-14 	4.66952e-14 	2.98198e-14 	2.60522e-13 	7.41678e-08 	-1.84717e-09 	-1.10177e-07 	4.95301e-11 	2.81616e-09 	1.65244e-07
0.3    0.3    0.3    0.3    0.3    1.35 	-0.0130286 	0.00245984 	-0.0115685 	2.72007e-13 	1.14985e-14 	-6.63335e-14 	4.66952e-14 	2.98198e-14 	2.60522e-13 	7.41678e-08 	-1.84717e-09 	-1.10177e-07 	4.95301e-11 	2.81616e-09 	1.65244e-07
0.3    0.3    0.3    0.3    0.3    1.44 	-0.0138937 	-0.000794479 	-0.0398981 	6.13657e-13 	5.9768e-14 	-3.85027e-13 	1.76947e-13 	1.08493e-13 	5.0328e-13 	1.81356e-07 	-5.34934e-09 	-1.01554e-07 	1.62026e-10 	3.01478e-09 	5.69786e-08
0.3    0.3    0.3    0.3    0.3    1.53 	-0.0138937 	-0.000794479 	-0.0398981 	6.13657e-13 	5.9768e-14 	-3.85027e-13 	1.76947e-13 	1.08493e-13 	5.0328e-13 	1.81356e-07 	-5.34934e-09 	-1.01554e-07 	1.62026e-10 	3.01478e-09 	5.69786e-08
0.3    0.3    0.3    0.3    0.3    1.62 	-0.00843532 	-0.000793985 	0.0550947 	3.31886e-13 	7.02527e-14 	-5.0372e-13 	2.71243e-13 	-6.10863e-13 	6.64814e-13 	2.76539e-09 	-2.45862e-10 	-5.35505e-09 	3.39921e-11 	5.25165e-10 	1.05998e-08
0.3    0.3    0.3    0.3    0.3    1.71 	-0.00843532 	-0.000793985 	0.0550947 	3.31886e-13 	7.02527e-14 	-5.0372e-13 	2.71243e-13 	-6.10863e-13 	6.64814e-13 	2.76539e-09 	-2.45862e-10 	-5.35505e-09 	3.39921e-11 	5.25165e-10 	1.05998e-08
0.3    0.3    0.3    0.3    0.3    1.8 	-0.014525 	0.00146031 	-9.31452e-05 	3.11306e-13 	2.44956e-14 	-1.57544e-13 	9.90429e-14 	-1.1385e-13 	3.64445e-13 	1.87155e-10 	-4.02358e-11 	-1.92969e-10 	2.57655e-11 	-9.70529e-12 	4.972e-10
0.3    0.3    0.3    0.3    0.3    1.89 	-0.014525 	0.00146031 	-9.31452e-05 	3.11306e-13 	2.44956e-14 	-1.57544e-13 	9.90429e-14 	-1.1385e-13 	3.64445e-13 	1.87155e-10 	-4.02358e-11 	-1.92969e-10 	2.57655e-11 	-9.70529e-12 	4.972e-10
0.3    0.3    0.3    0.3    0.3    1.98 	-0.0217364 	0.00072688 	0.00861215 	3.35867e-13 	-2.25582e-14 	-1.99015e-14 	1.41369e-13 	7.08058e-14 	3.3363e-13 	1.70348e-08 	2.02665e-09 	1.30621e-08 	2.50666e-10 	1.4269e-09 	1.1751e-08
0.3    0.3    0.3    0.3    0.3    2.07 	-0.0217364 	0.00072688 	0.00861215 	3.35867e-13 	-2.25582e-14 	-1.99015e-14 	1.41369e-13 	7.08058e-14 	3.3363e-13 	1.70348e-08 	2.02665e-09 	1.30621e-08 	2.50666e-10 	1.4269e-09 	1.1751e-08
0.3    0.3    0.3    0.3    0.3    2.16 	-0.000835737 	-0.000188717 	-0.0258108 	8.87811e-13 	3.82357e-13 	7.56617e-13 	4.34509e-13 	6.41663e-13 	7.49665e-13 	1.26721e-08 	-8.69535e-10 	1.64781e-08 	6.77123e-11 	-1.11135e-09 	2.81913e-08
0.3    0.3    0.3    0.3    0.3    2.25 	-0.000835737 	-0.000188717 	-0.0258108 	8.87811e-13 	3.82357e-13 	7.56617e-13 	4.34509e-13 	6.41663e-13 	7.49665e-13 	1.26721e-08 	-8.69535e-10 	1.64781e-08 	6.77123e-11 	-1.11135e-09 	2.81913e-08
0.3    0.3    0.3    0.3    0.3    2.34 	-0.000835737 	-0.000188717 	-0.0258108 	8.87811e-13 	3.82357e-13 	7.56617e-13 	4.34509e-13 	6.41663e-13 	7.49665e-13 	1.26721e-08 	-8.69535e-10 	1.64781e-08 	6.77123e-11 	-1.11135e-09 	2.81913e-08
0.3    0.3    0.3    0.3    0.3    2.43 	-0.0355864 	-0.000580469 	0.0153728 	5.92861e-13 	4.75265e-14 	-4.87964e-13 	1.88737e-13 	-7.99994e-14 	4.18467e-13 	8.74258e-09 	-1.9388e-09 	-1.00968e-08 	5.54184e-10 	2.63451e-09 	1.30057e-08
0.3    0.3    0.3    0.3    0.3    2.52 	-0.0355864 	-0.000580469 	0.0153728 	5.92861e-13 	4.75265e-14 	-4.87964e-13 	1.88737e-13 	-7.99994e-14 	4.18467e-13 	8.74258e-09 	-1.9388e-09 	-1.00968e-08 	5.54184e-10 	2.63451e-09 	1.30057e-08
0.3    0.3    0.3    0.3    0.3    2.61 	-0.00629455 	-0.000500322 	0.0306497 	3.72872e-13 	-1.14426e-13 	-1.75438e-13 	1.18759e-13 	-1.68622e-14 	2.64871e-13 	6.11305e-09 	-1.25935e-09 	-5.63333e-08 	2.68461e-10 	1.19823e-08 	5.38848e-07
0.3    0.3    0.3    0.3    0.3    2.7 	-0.00629455 	-0.000500322 	0.0306497 	3.72872e-13 	-1.14426e-13 	-1.75438e-13 	1.18759e-13 	-1.68622e-14 	2.64871e-13 	6.11305e-09 	-1.25935e-09 	-5.63333e-08 	2.68461e-10 	1.19823e-08 	5.38848e-07
0.3    0.3    0.3    0.3    0.3    2.79 	-0.0319148 	0.00184543 	0.00329058 	2.68716e-13 	3.59571e-14 	-1.54031e-14 	5.24084e-14 	-3.30959e-14 	1.88807e-13 	1.287e-07 	-1.21424e-08 	2.38917e-07 	1.32708e-09 	-2.40378e-08 	4.6251e-07
0.3    0.3    0.3    0.3    0.3    2.88 	-0.0319148 	0.00184543 	0.00329058 	2.68716e-13 	3.59571e-14 	-1.54031e-14 	5.24084e-14 	-3.30959e-14 	1.88807e-13 	1.287e-07 	-1.21424e-08 	2.38917e-07 	1.32708e-09 	-2.40378e-08 	4.6251e-07
0.3    0.3    0.3    0.3    0.3    2.97 	-0.00952775 	0.000114683 	-0.000965219 	1.64937e-13 	3.48822e-14 	-6.56116e-15 	3.11537e-14 	1.07438e-14 	1.98233e-13 	7.49617e-10 	-7.90215e-10 	-7.07712e-10 	2.16995e-09 	2.20926e-09 	2.88751e-09
0.3    0.3    0.3    0.3    0.3    3.06 	-0.00952775 	0.000114683 	-0.000965219 	1.64937e-13 	3.48822e-14 	-6.56116e-15 	3.11537e-14 	1.07438e-14 	1.98233e-13 	7.49617e-10 	-7.90215e-10 	-7.07712e-10 	2.16995e-09 	2.20926e-09 	2.88751e-09
0.3    0.3    0.3    0.3    0.3    3.15 	-0.0249932 	0.00480134 	-0.0177377 	6.47022e-13 	1.38026e-13 	-4.118e-14 	2.03041e-13 	-1.20565e-13 	5.77876e-13 	6.80461e-09 	6.12554e-10 	-1.1171e-08 	9.23408e-11 	-1.14124e-09 	5.5762e-08
0.3    0.3    0.3    0.3    0.3    3.24 	-0.0249932 	0.00480134 	-0.0177377 	6.47022e-13 	1.38026e-13 	-4.118e-14 	2.03041e-13 	-1.20565e-13 	5.77876e-13 	6.80461e-09 	6.12554e-10 	-1.1171e-08 	9.23408e-11 	-1.14124e-09 	5.5762e-08
0.3    0.3    0.3    0.3    0.3    3.33 	-0.0367645 	0.000957087 	-0.0286484 	2.35642e-12 	5.57861e-13 	-7.90514e-13 	3.01142e-13 	-1.99621e-13 	4.74189e-13 	5.16991e-07 	-1.24017e-09 	-1.96138e-07 	7.36146e-12 	5.23526e-10 	7.97189e-08
0.3    0.3    0.3    0.3    0.3    3.42 	-0.0367645 	0.000957087 	-0.0286484 	2.35642e-12 	5.57861e-13 	-7.90514e-13 	3.01142e-13 	-1.99621e-13 	4.74189e-13 	5.16991e-07 	-1.24017e-09 	-1.96138e-07 	7.36146e-12 	5.23526e-10 	7.97189e-08
0.3    0.3    0.3    0.3    0.3    3.51 	-0.0367645 	0.000957087 	-0.0286484 	2.35642e-12 	5.57861e-13 	-7.90514e-13 	3.01142e-13 	-1.99621e-13 	4.74189e-13 	5.16991e-07 	-1.24017e-09 	-1.96138e-07 	7.36146e-12 	5.23526e-10 	7.97189e-08
0.3    0.3    0.3    0.3    0.3    3.6 	-0.00632134 	-0.000690643 	0.0156672 	7.58346e-13 	3.89769e-13 	2.70436e-13 	3.66786e-13 	2.64912e-13 	2.78742e-13 	2.26219e-08 	-2.17555e-09 	9.92613e-09 	2.39437e-10 	-1.1598e-09 	8.70397e-09
0.3    0.3    0.3    0.3    0.3    3.69 	-0.00632134 	-0.000690643 	0.0156672 	7.58346e-13 	3.89769e-13 	2.70436e-13 	3.66786e-13 	2.64912e-13 	2.78742e-13 	2.26219e-08 	-2.17555e-09 	9.92613e-09 	2.39437e-10 	-1.1598e-09 	8.70397e-09
0.3    0.3    0.3    0.3    0.3    3.78 	0.0626966 	-0.00185797 	-0.0293461 	1.79829e-12 	-5.33523e-13 	5.65978e-14 	3.66543e-13 	3.4358e-14 	4.40112e-13 	1.83222e-07 	-3.93206e-09 	-2.1982e-07 	1.64623e-10 	4.8485e-09 	2.64415e-07
0.3    0.3    0.3    0.3    0.3    3.87 	0.0626966 	-0.00185797 	-0.0293461 	1.79829e-12 	-5.33523e-13 	5.65978e-14 	3.66543e-13 	3.4358e-14 	4.40112e-13 	1.83222e-07 	-3.93206e-09 	-2.1982e-07 	1.64623e-10 	4.8485e-09 	2.64415e-07
0.3    0.3    0.3    0.3    0.3    3.96 	0.015881 	-0.00205271 	0.047995 	1.48763e-12 	-5.27663e-13 	-5.98111e-13 	4.18887e-13 	6.2887e-13 	6.2787e-13 	7.85137e-07 	1.89808e-08 	1.59609e-07 	5.20139e-10 	3.16453e-09 	4.22075e-08
0.3    0.3    0.3    0.3    0.3    4.05 	0.015881 	-0.00205271 	0.047995 	1.48763e-12 	-5.27663e-13 	-5.98111e-13 	4.18887e-13 	6.2887e-13 	6.2787e-13 	7.85137e-07 	1.89808e-08 	1.59609e-07 	5.20139e-10 	3.16453e-09 	4.22075e-08
0.3    0.3    0.3    0.3    0.3    4.14 	0.00136427 	0.00314225 	0.0346551 	3.32091e-13 	-4.78476e-14 	7.32805e-15 	1.46124e-13 	3.75226e-14 	4.94319e-13 	1.71786e-07 	-1.1531e-08 	-1.88104e-07 	8.56708e-10 	1.30338e-08 	2.08544e-07
0.3    0.3    0.3    0.3    0.3    4.23 	0.00136427 	0.00314225 	0.0346551 	3.32091e-13 	-4.78476e-14 	7.32805e-15 	1.46124e-13 	3.75226e-14 	4.94319e-13 	1.71786e-07 	-1.1531e-08 	-1.88104e-07 	8.56708e-10 	1.30338e-08 	2.08544e-07
0.3    0.3    0.3    0.3    0.3    4.32 	-0.0255089 	-0.00099499 	0.0172016 	1.0278e-12 	2.64343e-13 	1.49884e-13 	1.44006e-13 	-2.72179e-14 	3.95638e-13 	3.58411e-08 	6.76542e-09 	-7.27763e-08 	1.29528e-09 	-1.32824e-08 	1.62999e-07
0.3    0.3    0.3    0.3    0.3    4.41 	-0.0255089 	-0.00099499 	0.0172016 	1.0278e-12 	2.64343e-13 	1.49884e-13 	1.44006e-13 	-2.72179e-14 	3.95638e-13 	3.58411e-08 	6.76542e-09 	-7.27763e-08 	1.29528e-09 	-1.32824e-08 	1.62999e-07
0.3    0.3    0.3    0.3    0.3    4.5 	-0.0255089 	-0.00099499 	0.0172016 	1.0278e-12 	2.64343e-13 	1.49884e-13 	1.44006e-13 	-2.72179e-14 	3.95638e-13 	3.58411e-08 	6.76542e-09 	-7.27763e-08 	1.29528e-09 	-1.32824e-08 	1.62999e-07
