0.01      0.01    0.01    0.01    0.01    0 	-0.00808601 	0.0211218 	0.0260017 	6.03333e-13 	-9.74398e-14 	7.40242e-14 	2.42029e-13 	-9.37076e-14 	8.26904e-13 	1.50975e-10 	2.89271e-10 	2.09528e-10 	5.54248e-10 	4.01459e-10 	2.90789e-10
0.01      0.01    0.01    0.01    0.01    0.09 	-0.00808601 	0.0211218 	0.0260017 	6.03333e-13 	-9.74398e-14 	7.40242e-14 	2.42029e-13 	-9.37076e-14 	8.26904e-13 	1.50975e-10 	2.89271e-10 	2.09528e-10 	5.54248e-10 	4.01459e-10 	2.90789e-10
0.01      0.01    0.01    0.01    0.01    0.18 	-0.00808601 	0.0211218 	0.0260017 	6.03333e-13 	-9.74398e-14 	7.40242e-14 	2.42029e-13 	-9.37076e-14 	8.26904e-13 	1.50975e-10 	2.89271e-10 	2.09528e-10 	5.54248e-10 	4.01459e-10 	2.90789e-10
0.01      0.01    0.01    0.01    0.01    0.27 	0.0178921 	0.00351711 	0.0139296 	7.50806e-13 	-9.68453e-15 	1.41692e-14 	2.24728e-13 	-1.14716e-13 	4.76762e-13 	5.90379e-10 	-2.30927e-10 	-1.84052e-10 	9.03275e-11 	7.19922e-11 	5.73788e-11
0.01      0.01    0.01    0.01    0.01    0.36 	0.0178921 	0.00351711 	0.0139296 	7.50806e-13 	-9.68453e-15 	1.41692e-14 	2.24728e-13 	-1.14716e-13 	4.76762e-13 	5.90379e-10 	-2.30927e-10 	-1.84052e-10 	9.03275e-11 	7.19922e-11 	5.73788e-11
0.01      0.01    0.01    0.01    0.01    0.45 	0.0268396 	-0.0257723 	0.000484598 	5.92287e-13 	-1.0667e-13 	-8.22543e-15 	1.86308e-13 	-3.86112e-14 	4.23834e-13 	1.34129e-10 	-2.00433e-10 	-4.09123e-10 	2.99515e-10 	6.11368e-10 	1.24792e-09
0.01      0.01    0.01    0.01    0.01    0.54 	0.0268396 	-0.0257723 	0.000484598 	5.92287e-13 	-1.0667e-13 	-8.22543e-15 	1.86308e-13 	-3.86112e-14 	4.23834e-13 	1.34129e-10 	-2.00433e-10 	-4.09123e-10 	2.99515e-10 	6.11368e-10 	1.24792e-09
0.01      0.01    0.01    0.01    0.01    0.63 	-0.000946134 	-0.00343783 	0.0234413 	6.56056e-13 	1.85853e-13 	5.14386e-13 	4.43736e-13 	5.13411e-13 	1.95354e-12 	4.06821e-11 	-3.77993e-11 	1.42839e-10 	3.51207e-11 	-1.32717e-10 	5.01522e-10
0.01      0.01    0.01    0.01    0.01    0.72 	-0.000946134 	-0.00343783 	0.0234413 	6.56056e-13 	1.85853e-13 	5.14386e-13 	4.43736e-13 	5.13411e-13 	1.95354e-12 	4.06821e-11 	-3.77993e-11 	1.42839e-10 	3.51207e-11 	-1.32717e-10 	5.01522e-10
0.01      0.01    0.01    0.01    0.01    0.81 	-0.0134199 	0.00754472 	0.0119882 	6.83816e-13 	-2.52291e-14 	2.05285e-13 	2.36198e-13 	-2.91971e-14 	8.86763e-13 	1.20631e-11 	4.41869e-12 	2.803e-11 	1.61856e-12 	1.02674e-11 	6.5131e-11
0.01      0.01    0.01    0.01    0.01    0.9 	-0.0134199 	0.00754472 	0.0119882 	6.83816e-13 	-2.52291e-14 	2.05285e-13 	2.36198e-13 	-2.91971e-14 	8.86763e-13 	1.20631e-11 	4.41869e-12 	2.803e-11 	1.61856e-12 	1.02674e-11 	6.5131e-11
0.01      0.01    0.01    0.01    0.01    0.99 	-0.0205247 	0.00681468 	5.06037e-05 	1.07019e-12 	-1.97505e-15 	9.90411e-13 	2.00599e-13 	-5.06549e-13 	2.06624e-12 	2.77585e-11 	-1.52692e-11 	-1.04388e-11 	8.39921e-12 	5.74214e-12 	3.92562e-12
0.01      0.01    0.01    0.01    0.01    1.08 	-0.0205247 	0.00681468 	5.06037e-05 	1.07019e-12 	-1.97505e-15 	9.90411e-13 	2.00599e-13 	-5.06549e-13 	2.06624e-12 	2.77585e-11 	-1.52692e-11 	-1.04388e-11 	8.39921e-12 	5.74214e-12 	3.92562e-12
0.01      0.01    0.01    0.01    0.01    1.17 	-0.0205247 	0.00681468 	5.06037e-05 	1.07019e-12 	-1.97505e-15 	9.90411e-13 	2.00599e-13 	-5.06549e-13 	2.06624e-12 	2.77585e-11 	-1.52692e-11 	-1.04388e-11 	8.39921e-12 	5.74214e-12 	3.92562e-12
0.01      0.01    0.01    0.01    0.01    1.26 	-0.00805242 	0.00528675 	-0.00302343 	6.29437e-13 	4.57979e-14 	3.06849e-14 	2.61962e-13 	-1.22046e-13 	3.65912e-13 	2.10699e-10 	-9.39061e-11 	-4.06368e-10 	4.18529e-11 	1.81114e-10 	7.83751e-10
0.01      0.01    0.01    0.01    0.01    1.35 	-0.00805242 	0.00528675 	-0.00302343 	6.29437e-13 	4.57979e-14 	3.06849e-14 	2.61962e-13 	-1.22046e-13 	3.65912e-13 	2.10699e-10 	-9.39061e-11 	-4.06368e-10 	4.18529e-11 	1.81114e-10 	7.83751e-10
0.01      0.01    0.01    0.01    0.01    1.44 	-0.0026494 	-0.00967636 	0.00450137 	6.25991e-13 	-2.19483e-13 	2.63014e-14 	3.91729e-13 	-3.30242e-14 	3.66569e-13 	2.71307e-10 	9.05283e-11 	-1.54185e-10 	3.0207e-11 	-5.14478e-11 	8.76244e-11
0.01      0.01    0.01    0.01    0.01    1.53 	-0.0026494 	-0.00967636 	0.00450137 	6.25991e-13 	-2.19483e-13 	2.63014e-14 	3.91729e-13 	-3.30242e-14 	3.66569e-13 	2.71307e-10 	9.05283e-11 	-1.54185e-10 	3.0207e-11 	-5.14478e-11 	8.76244e-11
0.01      0.01    0.01    0.01    0.01    1.62 	-0.00685329 	-0.00351125 	0.0636593 	3.83411e-13 	-9.2158e-14 	6.12097e-14 	3.40399e-13 	-2.44189e-13 	1.00597e-12 	7.79757e-11 	-1.02046e-10 	-3.09137e-11 	1.33547e-10 	4.04565e-11 	1.22558e-11
0.01      0.01    0.01    0.01    0.01    1.71 	-0.00685329 	-0.00351125 	0.0636593 	3.83411e-13 	-9.2158e-14 	6.12097e-14 	3.40399e-13 	-2.44189e-13 	1.00597e-12 	7.79757e-11 	-1.02046e-10 	-3.09137e-11 	1.33547e-10 	4.04565e-11 	1.22558e-11
0.01      0.01    0.01    0.01    0.01    1.8 	-0.0174307 	0.00940662 	0.0125006 	4.73166e-13 	-3.63205e-14 	-1.03508e-13 	2.48829e-13 	-1.38626e-13 	1.09186e-12 	1.54891e-13 	1.45437e-12 	8.85411e-13 	1.3656e-11 	8.31368e-12 	5.06133e-12
0.01      0.01    0.01    0.01    0.01    1.89 	-0.0174307 	0.00940662 	0.0125006 	4.73166e-13 	-3.63205e-14 	-1.03508e-13 	2.48829e-13 	-1.38626e-13 	1.09186e-12 	1.54891e-13 	1.45437e-12 	8.85411e-13 	1.3656e-11 	8.31368e-12 	5.06133e-12
0.01      0.01    0.01    0.01    0.01    1.98 	-0.00932039 	0.00606218 	-0.000196015 	6.54626e-13 	-1.18785e-13 	-4.14198e-13 	2.86603e-13 	3.5626e-13 	1.40301e-12 	2.71252e-13 	-1.63848e-12 	-1.12043e-11 	9.89716e-12 	6.76787e-11 	4.62801e-10
0.01      0.01    0.01    0.01    0.01    2.07 	-0.00932039 	0.00606218 	-0.000196015 	6.54626e-13 	-1.18785e-13 	-4.14198e-13 	2.86603e-13 	3.5626e-13 	1.40301e-12 	2.71252e-13 	-1.63848e-12 	-1.12043e-11 	9.89716e-12 	6.76787e-11 	4.62801e-10
0.01      0.01    0.01    0.01    0.01    2.16 	-0.025695 	-0.00139554 	-0.0189979 	9.56677e-13 	-3.21216e-13 	-3.53597e-13 	3.49318e-13 	1.91594e-13 	5.04198e-13 	3.98291e-13 	1.02867e-11 	1.2042e-11 	2.65675e-10 	3.11009e-10 	3.64078e-10
0.01      0.01    0.01    0.01    0.01    2.25 	-0.025695 	-0.00139554 	-0.0189979 	9.56677e-13 	-3.21216e-13 	-3.53597e-13 	3.49318e-13 	1.91594e-13 	5.04198e-13 	3.98291e-13 	1.02867e-11 	1.2042e-11 	2.65675e-10 	3.11009e-10 	3.64078e-10
0.01      0.01    0.01    0.01    0.01    2.34 	-0.025695 	-0.00139554 	-0.0189979 	9.56677e-13 	-3.21216e-13 	-3.53597e-13 	3.49318e-13 	1.91594e-13 	5.04198e-13 	3.98291e-13 	1.02867e-11 	1.2042e-11 	2.65675e-10 	3.11009e-10 	3.64078e-10
0.01      0.01    0.01    0.01    0.01    2.43 	-0.00920012 	-0.00105552 	-0.0299522 	1.35339e-12 	-1.94482e-13 	-3.90626e-13 	3.53191e-13 	-5.59066e-15 	4.34303e-13 	8.43204e-10 	3.67941e-11 	-2.6701e-10 	1.60555e-12 	-1.16513e-11 	8.4552e-11
0.01      0.01    0.01    0.01    0.01    2.52 	-0.00920012 	-0.00105552 	-0.0299522 	1.35339e-12 	-1.94482e-13 	-3.90626e-13 	3.53191e-13 	-5.59066e-15 	4.34303e-13 	8.43204e-10 	3.67941e-11 	-2.6701e-10 	1.60555e-12 	-1.16513e-11 	8.4552e-11
0.01      0.01    0.01    0.01    0.01    2.61 	0.0679271 	-0.00862146 	0.0104693 	1.17196e-12 	3.9979e-13 	-4.5658e-13 	9.73104e-13 	-8.54036e-13 	1.38663e-12 	2.09263e-09 	-4.06386e-10 	-3.48226e-09 	7.89196e-11 	6.7625e-10 	5.79468e-09
0.01      0.01    0.01    0.01    0.01    2.7 	0.0679271 	-0.00862146 	0.0104693 	1.17196e-12 	3.9979e-13 	-4.5658e-13 	9.73104e-13 	-8.54036e-13 	1.38663e-12 	2.09263e-09 	-4.06386e-10 	-3.48226e-09 	7.89196e-11 	6.7625e-10 	5.79468e-09
0.01      0.01    0.01    0.01    0.01    2.79 	-0.0172911 	0.00548866 	0.0288082 	1.00488e-12 	-2.34909e-13 	1.66411e-13 	2.99591e-13 	-7.3354e-14 	3.80174e-13 	2.45398e-09 	-2.10173e-10 	2.89368e-09 	1.80004e-11 	-2.47831e-10 	3.41217e-09
0.01      0.01    0.01    0.01    0.01    2.88 	-0.0172911 	0.00548866 	0.0288082 	1.00488e-12 	-2.34909e-13 	1.66411e-13 	2.99591e-13 	-7.3354e-14 	3.80174e-13 	2.45398e-09 	-2.10173e-10 	2.89368e-09 	1.80004e-11 	-2.47831e-10 	3.41217e-09
0.01      0.01    0.01    0.01    0.01    2.97 	-0.00940832 	0.00299576 	0.0298013 	5.3187e-13 	-1.07361e-13 	1.03363e-13 	1.7303e-13 	-6.00535e-14 	4.4779e-13 	2.33092e-10 	-9.93208e-11 	-2.40079e-11 	4.23208e-11 	1.02298e-11 	2.47276e-12
0.01      0.01    0.01    0.01    0.01    3.06 	-0.00940832 	0.00299576 	0.0298013 	5.3187e-13 	-1.07361e-13 	1.03363e-13 	1.7303e-13 	-6.00535e-14 	4.4779e-13 	2.33092e-10 	-9.93208e-11 	-2.40079e-11 	4.23208e-11 	1.02298e-11 	2.47276e-12
0.01      0.01    0.01    0.01    0.01    3.15 	-0.0367918 	0.01255 	-0.00520311 	5.32306e-13 	-8.5668e-14 	-2.56733e-13 	2.18651e-13 	-2.0184e-14 	4.41008e-13 	1.42557e-10 	-4.82455e-10 	2.5331e-10 	1.63277e-09 	-8.57274e-10 	4.50105e-10
0.01      0.01    0.01    0.01    0.01    3.24 	-0.0367918 	0.01255 	-0.00520311 	5.32306e-13 	-8.5668e-14 	-2.56733e-13 	2.18651e-13 	-2.0184e-14 	4.41008e-13 	1.42557e-10 	-4.82455e-10 	2.5331e-10 	1.63277e-09 	-8.57274e-10 	4.50105e-10
0.01      0.01    0.01    0.01    0.01    3.33 	-0.0392209 	-0.000907479 	0.0329117 	1.41606e-12 	-4.59311e-13 	3.62599e-13 	6.9113e-13 	-7.1968e-13 	1.5487e-12 	3.11852e-10 	-1.15721e-11 	1.47231e-10 	4.29411e-13 	-5.46339e-12 	6.95106e-11
0.01      0.01    0.01    0.01    0.01    3.42 	-0.0392209 	-0.000907479 	0.0329117 	1.41606e-12 	-4.59311e-13 	3.62599e-13 	6.9113e-13 	-7.1968e-13 	1.5487e-12 	3.11852e-10 	-1.15721e-11 	1.47231e-10 	4.29411e-13 	-5.46339e-12 	6.95106e-11
0.01      0.01    0.01    0.01    0.01    3.51 	-0.0392209 	-0.000907479 	0.0329117 	1.41606e-12 	-4.59311e-13 	3.62599e-13 	6.9113e-13 	-7.1968e-13 	1.5487e-12 	3.11852e-10 	-1.15721e-11 	1.47231e-10 	4.29411e-13 	-5.46339e-12 	6.95106e-11
0.01      0.01    0.01    0.01    0.01    3.6 	-0.029553 	0.00375837 	0.0135432 	7.04038e-13 	-1.54257e-13 	-6.48341e-14 	3.04564e-13 	-1.53258e-13 	6.75864e-13 	2.53983e-10 	1.32726e-10 	-1.46653e-10 	6.93595e-11 	-7.66375e-11 	8.46793e-11
0.01      0.01    0.01    0.01    0.01    3.69 	-0.029553 	0.00375837 	0.0135432 	7.04038e-13 	-1.54257e-13 	-6.48341e-14 	3.04564e-13 	-1.53258e-13 	6.75864e-13 	2.53983e-10 	1.32726e-10 	-1.46653e-10 	6.93595e-11 	-7.66375e-11 	8.46793e-11
0.01      0.01    0.01    0.01    0.01    3.78 	0.111118 	0.00601104 	0.0069399 	1.14544e-12 	-2.82822e-13 	2.46354e-13 	2.91569e-13 	-1.12676e-13 	2.91629e-13 	1.98052e-09 	2.51787e-10 	1.9786e-10 	3.20102e-11 	2.51544e-11 	1.97669e-11
0.01      0.01    0.01    0.01    0.01    3.87 	0.111118 	0.00601104 	0.0069399 	1.14544e-12 	-2.82822e-13 	2.46354e-13 	2.91569e-13 	-1.12676e-13 	2.91629e-13 	1.98052e-09 	2.51787e-10 	1.9786e-10 	3.20102e-11 	2.51544e-11 	1.97669e-11
0.01      0.01    0.01    0.01    0.01    3.96 	0.0856613 	-0.0135557 	0.0427644 	1.10152e-12 	-3.20744e-13 	2.22858e-13 	3.0557e-13 	-5.32191e-14 	3.44897e-13 	1.85485e-09 	-1.61371e-09 	1.15021e-09 	1.40391e-09 	-1.00068e-09 	7.13258e-10
0.01      0.01    0.01    0.01    0.01    4.05 	0.0856613 	-0.0135557 	0.0427644 	1.10152e-12 	-3.20744e-13 	2.22858e-13 	3.0557e-13 	-5.32191e-14 	3.44897e-13 	1.85485e-09 	-1.61371e-09 	1.15021e-09 	1.40391e-09 	-1.00068e-09 	7.13258e-10
0.01      0.01    0.01    0.01    0.01    4.14 	0.0170638 	0.00469209 	-0.00408081 	4.8322e-13 	-1.88635e-14 	2.21572e-14 	1.81984e-13 	9.58329e-14 	3.41081e-13 	1.19802e-09 	-5.30588e-10 	-1.26593e-09 	2.34991e-10 	5.60665e-10 	1.33769e-09
0.01      0.01    0.01    0.01    0.01    4.23 	0.0170638 	0.00469209 	-0.00408081 	4.8322e-13 	-1.88635e-14 	2.21572e-14 	1.81984e-13 	9.58329e-14 	3.41081e-13 	1.19802e-09 	-5.30588e-10 	-1.26593e-09 	2.34991e-10 	5.60665e-10 	1.33769e-09
0.01      0.01    0.01    0.01    0.01    4.32 	0.0227687 	-0.00676502 	0.079966 	7.67468e-13 	-2.06152e-13 	-1.61382e-13 	2.74302e-13 	1.35166e-13 	4.81392e-13 	6.91468e-11 	8.91384e-13 	1.66091e-10 	1.1491e-14 	2.14111e-12 	3.98952e-10
0.01      0.01    0.01    0.01    0.01    4.41 	0.0227687 	-0.00676502 	0.079966 	7.67468e-13 	-2.06152e-13 	-1.61382e-13 	2.74302e-13 	1.35166e-13 	4.81392e-13 	6.91468e-11 	8.91384e-13 	1.66091e-10 	1.1491e-14 	2.14111e-12 	3.98952e-10
0.01      0.01    0.01    0.01    0.01    4.5 	0.0227687 	-0.00676502 	0.079966 	7.67468e-13 	-2.06152e-13 	-1.61382e-13 	2.74302e-13 	1.35166e-13 	4.81392e-13 	6.91468e-11 	8.91384e-13 	1.66091e-10 	1.1491e-14 	2.14111e-12 	3.98952e-10
0.02      0.02    0.02    0.02    0.02    0 	-0.00803603 	0.0212094 	0.0260759 	6.03031e-13 	-9.72949e-14 	7.39627e-14 	2.42023e-13 	-9.37709e-14 	8.26911e-13 	7.76986e-10 	1.40805e-09 	1.12857e-09 	2.55449e-09 	2.04381e-09 	1.63994e-09
0.02      0.02    0.02    0.02    0.02    0.09 	-0.00803603 	0.0212094 	0.0260759 	6.03031e-13 	-9.72949e-14 	7.39627e-14 	2.42023e-13 	-9.37709e-14 	8.26911e-13 	7.76986e-10 	1.40805e-09 	1.12857e-09 	2.55449e-09 	2.04381e-09 	1.63994e-09
0.02      0.02    0.02    0.02    0.02    0.18 	-0.00803603 	0.0212094 	0.0260759 	6.03031e-13 	-9.72949e-14 	7.39627e-14 	2.42023e-13 	-9.37709e-14 	8.26911e-13 	7.76986e-10 	1.40805e-09 	1.12857e-09 	2.55449e-09 	2.04381e-09 	1.63994e-09
0.02      0.02    0.02    0.02    0.02    0.27 	0.0179822 	0.00345745 	0.0138985 	7.51318e-13 	-9.12728e-15 	1.35696e-14 	2.24793e-13 	-1.14959e-13 	4.76976e-13 	2.69078e-09 	-1.52124e-09 	-8.95373e-10 	8.778e-10 	5.08565e-10 	2.98259e-10
0.02      0.02    0.02    0.02    0.02    0.36 	0.0179822 	0.00345745 	0.0138985 	7.51318e-13 	-9.12728e-15 	1.35696e-14 	2.24793e-13 	-1.14959e-13 	4.76976e-13 	2.69078e-09 	-1.52124e-09 	-8.95373e-10 	8.778e-10 	5.08565e-10 	2.98259e-10
0.02      0.02    0.02    0.02    0.02    0.45 	0.0267904 	-0.025704 	0.000629712 	5.92189e-13 	-1.06211e-13 	-8.2786e-15 	1.86125e-13 	-3.8558e-14 	4.23738e-13 	7.28824e-10 	-1.04108e-09 	-2.17551e-09 	1.4891e-09 	3.10924e-09 	6.49522e-09
0.02      0.02    0.02    0.02    0.02    0.54 	0.0267904 	-0.025704 	0.000629712 	5.92189e-13 	-1.06211e-13 	-8.2786e-15 	1.86125e-13 	-3.8558e-14 	4.23738e-13 	7.28824e-10 	-1.04108e-09 	-2.17551e-09 	1.4891e-09 	3.10924e-09 	6.49522e-09
0.02      0.02    0.02    0.02    0.02    0.63 	-0.000975731 	-0.00341081 	0.0233469 	6.56619e-13 	1.86087e-13 	5.15108e-13 	4.43794e-13 	5.1363e-13 	1.95404e-12 	2.54597e-10 	-2.30618e-10 	8.28055e-10 	2.09303e-10 	-7.50721e-10 	2.69535e-09
0.02      0.02    0.02    0.02    0.02    0.72 	-0.000975731 	-0.00341081 	0.0233469 	6.56619e-13 	1.86087e-13 	5.15108e-13 	4.43794e-13 	5.1363e-13 	1.95404e-12 	2.54597e-10 	-2.30618e-10 	8.28055e-10 	2.09303e-10 	-7.50721e-10 	2.69535e-09
0.02      0.02    0.02    0.02    0.02    0.81 	-0.0134064 	0.00755048 	0.0120227 	6.83733e-13 	-2.5246e-14 	2.05415e-13 	2.36175e-13 	-2.92741e-14 	8.86614e-13 	5.68102e-11 	2.47366e-11 	1.43e-10 	1.15652e-11 	6.3065e-11 	3.60863e-10
0.02      0.02    0.02    0.02    0.02    0.9 	-0.0134064 	0.00755048 	0.0120227 	6.83733e-13 	-2.5246e-14 	2.05415e-13 	2.36175e-13 	-2.92741e-14 	8.86614e-13 	5.68102e-11 	2.47366e-11 	1.43e-10 	1.15652e-11 	6.3065e-11 	3.60863e-10
0.02      0.02    0.02    0.02    0.02    0.99 	-0.0205499 	0.00683771 	6.19551e-05 	1.06961e-12 	-1.342e-15 	9.89007e-13 	2.00679e-13 	-5.06387e-13 	2.06659e-12 	1.78019e-10 	-1.43111e-10 	-7.82855e-11 	1.177e-10 	6.2591e-11 	3.46922e-11
0.02      0.02    0.02    0.02    0.02    1.08 	-0.0205499 	0.00683771 	6.19551e-05 	1.06961e-12 	-1.342e-15 	9.89007e-13 	2.00679e-13 	-5.06387e-13 	2.06659e-12 	1.78019e-10 	-1.43111e-10 	-7.82855e-11 	1.177e-10 	6.2591e-11 	3.46922e-11
0.02      0.02    0.02    0.02    0.02    1.17 	-0.0205499 	0.00683771 	6.19551e-05 	1.06961e-12 	-1.342e-15 	9.89007e-13 	2.00679e-13 	-5.06387e-13 	2.06659e-12 	1.78019e-10 	-1.43111e-10 	-7.82855e-11 	1.177e-10 	6.2591e-11 	3.46922e-11
0.02      0.02    0.02    0.02    0.02    1.26 	-0.00799327 	0.00526123 	-0.00313898 	6.28874e-13 	4.57062e-14 	3.05771e-14 	2.61839e-13 	-1.22076e-13 	3.65701e-13 	1.0893e-09 	-4.74674e-10 	-2.11536e-09 	2.06858e-10 	9.21746e-10 	4.10825e-09
0.02      0.02    0.02    0.02    0.02    1.35 	-0.00799327 	0.00526123 	-0.00313898 	6.28874e-13 	4.57062e-14 	3.05771e-14 	2.61839e-13 	-1.22076e-13 	3.65701e-13 	1.0893e-09 	-4.74674e-10 	-2.11536e-09 	2.06858e-10 	9.21746e-10 	4.10825e-09
0.02      0.02    0.02    0.02    0.02    1.44 	-0.00258757 	-0.0096554 	0.00446525 	6.26578e-13 	-2.20029e-13 	2.61032e-14 	3.92197e-13 	-3.27418e-14 	3.66585e-13 	1.23966e-09 	4.23135e-10 	-7.19077e-10 	1.447e-10 	-2.45497e-10 	4.17134e-10
0.02      0.02    0.02    0.02    0.02    1.53 	-0.00258757 	-0.0096554 	0.00446525 	6.26578e-13 	-2.20029e-13 	2.61032e-14 	3.92197e-13 	-3.27418e-14 	3.66585e-13 	1.23966e-09 	4.23135e-10 	-7.19077e-10 	1.447e-10 	-2.45497e-10 	4.17134e-10
0.02      0.02    0.02    0.02    0.02    1.62 	-0.00681793 	-0.00355708 	0.0636431 	3.83431e-13 	-9.26112e-14 	6.16089e-14 	3.40267e-13 	-2.43507e-13 	1.00396e-12 	3.88069e-10 	-5.07655e-10 	-1.70583e-10 	6.64533e-10 	2.2314e-10 	7.50635e-11
0.02      0.02    0.02    0.02    0.02    1.71 	-0.00681793 	-0.00355708 	0.0636431 	3.83431e-13 	-9.26112e-14 	6.16089e-14 	3.40267e-13 	-2.43507e-13 	1.00396e-12 	3.88069e-10 	-5.07655e-10 	-1.70583e-10 	6.64533e-10 	2.2314e-10 	7.50635e-11
0.02      0.02    0.02    0.02    0.02    1.8 	-0.0174309 	0.00942147 	0.0125062 	4.72985e-13 	-3.6355e-14 	-1.03231e-13 	2.48848e-13 	-1.38851e-13 	1.0917e-12 	1.88108e-13 	2.28378e-12 	1.10539e-12 	7.22364e-11 	3.20425e-11 	1.44192e-11
0.02      0.02    0.02    0.02    0.02    1.89 	-0.0174309 	0.00942147 	0.0125062 	4.72985e-13 	-3.6355e-14 	-1.03231e-13 	2.48848e-13 	-1.38851e-13 	1.0917e-12 	1.88108e-13 	2.28378e-12 	1.10539e-12 	7.22364e-11 	3.20425e-11 	1.44192e-11
0.02      0.02    0.02    0.02    0.02    1.98 	-0.00932027 	0.00607784 	-0.000113005 	6.54521e-13 	-1.1873e-13 	-4.14012e-13 	2.86651e-13 	3.56341e-13 	1.40402e-12 	2.83164e-13 	-2.6916e-12 	-1.70898e-11 	6.69717e-11 	3.84033e-10 	2.21787e-09
0.02      0.02    0.02    0.02    0.02    2.07 	-0.00932027 	0.00607784 	-0.000113005 	6.54521e-13 	-1.1873e-13 	-4.14012e-13 	2.86651e-13 	3.56341e-13 	1.40402e-12 	2.83164e-13 	-2.6916e-12 	-1.70898e-11 	6.69717e-11 	3.84033e-10 	2.21787e-09
0.02      0.02    0.02    0.02    0.02    2.16 	-0.025695 	-0.00144788 	-0.0190751 	9.57317e-13 	-3.21475e-13 	-3.53992e-13 	3.49382e-13 	1.91842e-13 	5.04819e-13 	3.25968e-13 	1.49032e-11 	1.91966e-11 	1.01319e-09 	1.36926e-09 	1.8597e-09
0.02      0.02    0.02    0.02    0.02    2.25 	-0.025695 	-0.00144788 	-0.0190751 	9.57317e-13 	-3.21475e-13 	-3.53992e-13 	3.49382e-13 	1.91842e-13 	5.04819e-13 	3.25968e-13 	1.49032e-11 	1.91966e-11 	1.01319e-09 	1.36926e-09 	1.8597e-09
0.02      0.02    0.02    0.02    0.02    2.34 	-0.025695 	-0.00144788 	-0.0190751 	9.57317e-13 	-3.21475e-13 	-3.53992e-13 	3.49382e-13 	1.91842e-13 	5.04819e-13 	3.25968e-13 	1.49032e-11 	1.91966e-11 	1.01319e-09 	1.36926e-09 	1.8597e-09
0.02      0.02    0.02    0.02    0.02    2.43 	-0.00908791 	-0.00105697 	-0.0299863 	1.35391e-12 	-1.94362e-13 	-3.90536e-13 	3.53207e-13 	-5.73629e-15 	4.34126e-13 	4.05455e-09 	3.42643e-11 	-1.24154e-09 	2.13126e-12 	-1.03365e-11 	3.80309e-10
0.02      0.02    0.02    0.02    0.02    2.52 	-0.00908791 	-0.00105697 	-0.0299863 	1.35391e-12 	-1.94362e-13 	-3.90536e-13 	3.53207e-13 	-5.73629e-15 	4.34126e-13 	4.05455e-09 	3.42643e-11 	-1.24154e-09 	2.13126e-12 	-1.03365e-11 	3.80309e-10
0.02      0.02    0.02    0.02    0.02    2.61 	0.0677467 	-0.00859252 	0.0107774 	1.17705e-12 	4.0492e-13 	-4.6016e-13 	9.75289e-13 	-8.5443e-13 	1.38916e-12 	1.03098e-08 	-1.74438e-09 	-1.74546e-08 	2.95951e-10 	2.95267e-09 	2.95526e-08
0.02      0.02    0.02    0.02    0.02    2.7 	0.0677467 	-0.00859252 	0.0107774 	1.17705e-12 	4.0492e-13 	-4.6016e-13 	9.75289e-13 	-8.5443e-13 	1.38916e-12 	1.03098e-08 	-1.74438e-09 	-1.74546e-08 	2.95951e-10 	2.95267e-09 	2.95526e-08
0.02      0.02    0.02    0.02    0.02    2.79 	-0.0174893 	0.0055204 	0.0285659 	1.00577e-12 	-2.34894e-13 	1.66581e-13 	2.99997e-13 	-7.38478e-14 	3.80925e-13 	1.23633e-08 	-1.62094e-09 	1.49469e-08 	2.25719e-10 	-1.96355e-09 	1.80719e-08
0.02      0.02    0.02    0.02    0.02    2.88 	-0.0174893 	0.0055204 	0.0285659 	1.00577e-12 	-2.34894e-13 	1.66581e-13 	2.99997e-13 	-7.38478e-14 	3.80925e-13 	1.23633e-08 	-1.62094e-09 	1.49469e-08 	2.25719e-10 	-1.96355e-09 	1.80719e-08
0.02      0.02    0.02    0.02    0.02    2.97 	-0.0093611 	0.00296397 	0.0298041 	5.32208e-13 	-1.07499e-13 	1.03469e-13 	1.73229e-13 	-6.01558e-14 	4.47991e-13 	8.54088e-10 	-4.68249e-10 	-8.23274e-12 	2.70088e-10 	-6.27561e-13 	2.39793e-12
0.02      0.02    0.02    0.02    0.02    3.06 	-0.0093611 	0.00296397 	0.0298041 	5.32208e-13 	-1.07499e-13 	1.03469e-13 	1.73229e-13 	-6.01558e-14 	4.47991e-13 	8.54088e-10 	-4.68249e-10 	-8.23274e-12 	2.70088e-10 	-6.27561e-13 	2.39793e-12
0.02      0.02    0.02    0.02    0.02    3.15 	-0.0367517 	0.0124164 	-0.00511547 	5.31742e-13 	-8.55632e-14 	-2.56491e-13 	2.18523e-13 	-2.0322e-14 	4.40668e-13 	5.88172e-10 	-1.95224e-09 	1.17634e-09 	6.48401e-09 	-3.91037e-09 	2.36977e-09
0.02      0.02    0.02    0.02    0.02    3.24 	-0.0367517 	0.0124164 	-0.00511547 	5.31742e-13 	-8.55632e-14 	-2.56491e-13 	2.18523e-13 	-2.0322e-14 	4.40668e-13 	5.88172e-10 	-1.95224e-09 	1.17634e-09 	6.48401e-09 	-3.91037e-09 	2.36977e-09
0.02      0.02    0.02    0.02    0.02    3.33 	-0.0392927 	-0.000909893 	0.0328606 	1.41696e-12 	-4.60044e-13 	3.6308e-13 	6.91367e-13 	-7.19796e-13 	1.54879e-12 	1.61037e-09 	5.90314e-12 	1.02342e-09 	2.49418e-12 	6.96613e-12 	6.56968e-10
0.02      0.02    0.02    0.02    0.02    3.42 	-0.0392927 	-0.000909893 	0.0328606 	1.41696e-12 	-4.60044e-13 	3.6308e-13 	6.91367e-13 	-7.19796e-13 	1.54879e-12 	1.61037e-09 	5.90314e-12 	1.02342e-09 	2.49418e-12 	6.96613e-12 	6.56968e-10
0.02      0.02    0.02    0.02    0.02    3.51 	-0.0392927 	-0.000909893 	0.0328606 	1.41696e-12 	-4.60044e-13 	3.6308e-13 	6.91367e-13 	-7.19796e-13 	1.54879e-12 	1.61037e-09 	5.90314e-12 	1.02342e-09 	2.49418e-12 	6.96613e-12 	6.56968e-10
0.02      0.02    0.02    0.02    0.02    3.6 	-0.0296148 	0.00372171 	0.0135803 	7.0424e-13 	-1.54253e-13 	-6.49867e-14 	3.04674e-13 	-1.53453e-13 	6.76e-13 	1.22693e-09 	7.10128e-10 	-7.27814e-10 	4.12004e-10 	-4.21335e-10 	4.31778e-10
0.02      0.02    0.02    0.02    0.02    3.69 	-0.0296148 	0.00372171 	0.0135803 	7.0424e-13 	-1.54253e-13 	-6.49867e-14 	3.04674e-13 	-1.53453e-13 	6.76e-13 	1.22693e-09 	7.10128e-10 	-7.27814e-10 	4.12004e-10 	-4.21335e-10 	4.31778e-10
0.02      0.02    0.02    0.02    0.02    3.78 	0.111291 	0.00601574 	0.00695241 	1.14758e-12 	-2.83845e-13 	2.48031e-13 	2.91673e-13 	-1.13279e-13 	2.91751e-13 	9.46827e-09 	5.80253e-10 	7.63071e-10 	4.39107e-11 	4.82806e-11 	6.19136e-11
0.02      0.02    0.02    0.02    0.02    3.87 	0.111291 	0.00601574 	0.00695241 	1.14758e-12 	-2.83845e-13 	2.48031e-13 	2.91673e-13 	-1.13279e-13 	2.91751e-13 	9.46827e-09 	5.80253e-10 	7.63071e-10 	4.39107e-11 	4.82806e-11 	6.19136e-11
0.02      0.02    0.02    0.02    0.02    3.96 	0.0858414 	-0.0137059 	0.0428712 	1.10296e-12 	-3.21202e-13 	2.23155e-13 	3.05503e-13 	-5.33964e-14 	3.44785e-13 	9.84386e-09 	-8.3438e-09 	5.94228e-09 	7.07488e-09 	-5.03877e-09 	3.58866e-09
0.02      0.02    0.02    0.02    0.02    4.05 	0.0858414 	-0.0137059 	0.0428712 	1.10296e-12 	-3.21202e-13 	2.23155e-13 	3.05503e-13 	-5.33964e-14 	3.44785e-13 	9.84386e-09 	-8.3438e-09 	5.94228e-09 	7.07488e-09 	-5.03877e-09 	3.58866e-09
0.02      0.02    0.02    0.02    0.02    4.14 	0.0172068 	0.00464779 	-0.00422462 	4.83252e-13 	-1.89288e-14 	2.23005e-14 	1.8201e-13 	9.58039e-14 	3.40969e-13 	6.28209e-09 	-2.21087e-09 	-6.41534e-09 	7.86502e-10 	2.26061e-09 	6.55242e-09
0.02      0.02    0.02    0.02    0.02    4.23 	0.0172068 	0.00464779 	-0.00422462 	4.83252e-13 	-1.89288e-14 	2.23005e-14 	1.8201e-13 	9.58039e-14 	3.40969e-13 	6.28209e-09 	-2.21087e-09 	-6.41534e-09 	7.86502e-10 	2.26061e-09 	6.55242e-09
0.02      0.02    0.02    0.02    0.02    4.32 	0.0227385 	-0.00677453 	0.0798963 	7.67677e-13 	-2.06318e-13 	-1.61359e-13 	2.74562e-13 	1.35222e-13 	4.81296e-13 	3.05829e-10 	6.4641e-11 	7.16296e-10 	1.56647e-11 	1.50742e-10 	1.67789e-09
0.02      0.02    0.02    0.02    0.02    4.41 	0.0227385 	-0.00677453 	0.0798963 	7.67677e-13 	-2.06318e-13 	-1.61359e-13 	2.74562e-13 	1.35222e-13 	4.81296e-13 	3.05829e-10 	6.4641e-11 	7.16296e-10 	1.56647e-11 	1.50742e-10 	1.67789e-09
0.02      0.02    0.02    0.02    0.02    4.5 	0.0227385 	-0.00677453 	0.0798963 	7.67677e-13 	-2.06318e-13 	-1.61359e-13 	2.74562e-13 	1.35222e-13 	4.81296e-13 	3.05829e-10 	6.4641e-11 	7.16296e-10 	1.56647e-11 	1.50742e-10 	1.67789e-09
0.03      0.03    0.03    0.03    0.03    0 	-0.00798872 	0.0212724 	0.0261449 	6.02729e-13 	-9.71546e-14 	7.39045e-14 	2.41999e-13 	-9.3837e-14 	8.26925e-13 	1.73972e-09 	2.83996e-09 	2.5516e-09 	4.6671e-09 	4.16344e-09 	3.74314e-09
0.03      0.03    0.03    0.03    0.03    0.09 	-0.00798872 	0.0212724 	0.0261449 	6.02729e-13 	-9.71546e-14 	7.39045e-14 	2.41999e-13 	-9.3837e-14 	8.26925e-13 	1.73972e-09 	2.83996e-09 	2.5516e-09 	4.6671e-09 	4.16344e-09 	3.74314e-09
0.03      0.03    0.03    0.03    0.03    0.18 	-0.00798872 	0.0212724 	0.0261449 	6.02729e-13 	-9.71546e-14 	7.39045e-14 	2.41999e-13 	-9.3837e-14 	8.26925e-13 	1.73972e-09 	2.83996e-09 	2.5516e-09 	4.6671e-09 	4.16344e-09 	3.74314e-09
0.03      0.03    0.03    0.03    0.03    0.27 	0.0180554 	0.0033963 	0.0138678 	7.51834e-13 	-8.5703e-15 	1.29682e-14 	2.24845e-13 	-1.15208e-13 	4.77183e-13 	5.2927e-09 	-3.54665e-09 	-1.91069e-09 	2.42003e-09 	1.2909e-09 	6.92638e-10
0.03      0.03    0.03    0.03    0.03    0.36 	0.0180554 	0.0033963 	0.0138678 	7.51834e-13 	-8.5703e-15 	1.29682e-14 	2.24845e-13 	-1.15208e-13 	4.77183e-13 	5.2927e-09 	-3.54665e-09 	-1.91069e-09 	2.42003e-09 	1.2909e-09 	6.92638e-10
0.03      0.03    0.03    0.03    0.03    0.45 	0.026738 	-0.0256445 	0.000768185 	5.92091e-13 	-1.05756e-13 	-8.33219e-15 	1.85936e-13 	-3.85055e-14 	4.23637e-13 	1.81828e-09 	-2.36903e-09 	-5.1742e-09 	3.09996e-09 	6.75637e-09 	1.47409e-08
0.03      0.03    0.03    0.03    0.03    0.54 	0.026738 	-0.0256445 	0.000768185 	5.92091e-13 	-1.05756e-13 	-8.33219e-15 	1.85936e-13 	-3.85055e-14 	4.23637e-13 	1.81828e-09 	-2.36903e-09 	-5.1742e-09 	3.09996e-09 	6.75637e-09 	1.47409e-08
0.03      0.03    0.03    0.03    0.03    0.63 	-0.00100227 	-0.00338922 	0.0232518 	6.57218e-13 	1.86303e-13 	5.15776e-13 	4.43912e-13 	5.13798e-13 	1.95446e-12 	5.66552e-10 	-5.04403e-10 	1.91013e-09 	4.49781e-10 	-1.7001e-09 	6.44548e-09
0.03      0.03    0.03    0.03    0.03    0.72 	-0.00100227 	-0.00338922 	0.0232518 	6.57218e-13 	1.86303e-13 	5.15776e-13 	4.43912e-13 	5.13798e-13 	1.95446e-12 	5.66552e-10 	-5.04403e-10 	1.91013e-09 	4.49781e-10 	-1.7001e-09 	6.44548e-09
0.03      0.03    0.03    0.03    0.03    0.81 	-0.0133891 	0.00755319 	0.0120541 	6.83651e-13 	-2.52635e-14 	2.05549e-13 	2.36141e-13 	-2.93511e-14 	8.86471e-13 	1.64161e-10 	4.6738e-11 	3.60796e-10 	1.49695e-11 	1.05754e-10 	7.99726e-10
0.03      0.03    0.03    0.03    0.03    0.9 	-0.0133891 	0.00755319 	0.0120541 	6.83651e-13 	-2.52635e-14 	2.05549e-13 	2.36141e-13 	-2.93511e-14 	8.86471e-13 	1.64161e-10 	4.6738e-11 	3.60796e-10 	1.49695e-11 	1.05754e-10 	7.99726e-10
0.03      0.03    0.03    0.03    0.03    0.99 	-0.0205787 	0.00687077 	6.80597e-05 	1.06905e-12 	-7.06023e-16 	9.87592e-13 	2.00773e-13 	-5.06212e-13 	2.0669e-12 	4.94449e-10 	-4.83268e-10 	-1.68618e-10 	4.79173e-10 	1.61555e-10 	5.95315e-11
0.03      0.03    0.03    0.03    0.03    1.08 	-0.0205787 	0.00687077 	6.80597e-05 	1.06905e-12 	-7.06023e-16 	9.87592e-13 	2.00773e-13 	-5.06212e-13 	2.0669e-12 	4.94449e-10 	-4.83268e-10 	-1.68618e-10 	4.79173e-10 	1.61555e-10 	5.95315e-11
0.03      0.03    0.03    0.03    0.03    1.17 	-0.0205787 	0.00687077 	6.80597e-05 	1.06905e-12 	-7.06023e-16 	9.87592e-13 	2.00773e-13 	-5.06212e-13 	2.0669e-12 	4.94449e-10 	-4.83268e-10 	-1.68618e-10 	4.79173e-10 	1.61555e-10 	5.95315e-11
0.03      0.03    0.03    0.03    0.03    1.26 	-0.00793936 	0.00524146 	-0.00324805 	6.28314e-13 	4.56158e-14 	3.04707e-14 	2.61711e-13 	-1.22108e-13 	3.65486e-13 	2.37614e-09 	-9.80751e-10 	-4.69275e-09 	4.05566e-10 	1.93599e-09 	9.26936e-09
0.03      0.03    0.03    0.03    0.03    1.35 	-0.00793936 	0.00524146 	-0.00324805 	6.28314e-13 	4.56158e-14 	3.04707e-14 	2.61711e-13 	-1.22108e-13 	3.65486e-13 	2.37614e-09 	-9.80751e-10 	-4.69275e-09 	4.05566e-10 	1.93599e-09 	9.26936e-09
0.03      0.03    0.03    0.03    0.03    1.44 	-0.00252317 	-0.00963678 	0.00443033 	6.27158e-13 	-2.20573e-13 	2.59049e-14 	3.92655e-13 	-3.24604e-14 	3.66597e-13 	2.92577e-09 	9.31743e-10 	-1.65764e-09 	2.97557e-10 	-5.28348e-10 	9.39471e-10
0.03      0.03    0.03    0.03    0.03    1.53 	-0.00252317 	-0.00963678 	0.00443033 	6.27158e-13 	-2.20573e-13 	2.59049e-14 	3.92655e-13 	-3.24604e-14 	3.66597e-13 	2.92577e-09 	9.31743e-10 	-1.65764e-09 	2.97557e-10 	-5.28348e-10 	9.39471e-10
0.03      0.03    0.03    0.03    0.03    1.62 	-0.00677859 	-0.00359758 	0.0636273 	3.8345e-13 	-9.3062e-14 	6.20034e-14 	3.40134e-13 	-2.42829e-13 	1.00196e-12 	9.87606e-10 	-1.17759e-09 	-4.22422e-10 	1.41015e-09 	5.0433e-10 	1.80811e-10
0.03      0.03    0.03    0.03    0.03    1.71 	-0.00677859 	-0.00359758 	0.0636273 	3.8345e-13 	-9.3062e-14 	6.20034e-14 	3.40134e-13 	-2.42829e-13 	1.00196e-12 	9.87606e-10 	-1.17759e-09 	-4.22422e-10 	1.41015e-09 	5.0433e-10 	1.80811e-10
0.03      0.03    0.03    0.03    0.03    1.8 	-0.0174331 	0.00942991 	0.0125109 	4.72802e-13 	-3.63898e-14 	-1.02956e-13 	2.48864e-13 	-1.39075e-13 	1.09154e-12 	8.30117e-13 	-5.08865e-12 	-2.42918e-12 	1.15178e-10 	5.31544e-11 	2.47115e-11
0.03      0.03    0.03    0.03    0.03    1.89 	-0.0174331 	0.00942991 	0.0125109 	4.72802e-13 	-3.63898e-14 	-1.02956e-13 	2.48864e-13 	-1.39075e-13 	1.09154e-12 	8.30117e-13 	-5.08865e-12 	-2.42918e-12 	1.15178e-10 	5.31544e-11 	2.47115e-11
0.03      0.03    0.03    0.03    0.03    1.98 	-0.00931739 	0.00609536 	-3.85611e-05 	6.54424e-13 	-1.18668e-13 	-4.13803e-13 	2.86726e-13 	3.56402e-13 	1.40498e-12 	1.28935e-12 	1.0208e-11 	4.54878e-11 	1.85972e-10 	9.31565e-10 	4.71071e-09
0.03      0.03    0.03    0.03    0.03    2.07 	-0.00931739 	0.00609536 	-3.85611e-05 	6.54424e-13 	-1.18668e-13 	-4.13803e-13 	2.86726e-13 	3.56402e-13 	1.40498e-12 	1.28935e-12 	1.0208e-11 	4.54878e-11 	1.85972e-10 	9.31565e-10 	4.71071e-09
0.03      0.03    0.03    0.03    0.03    2.16 	-0.0256956 	-0.00148903 	-0.019145 	9.57949e-13 	-3.21723e-13 	-3.54372e-13 	3.49465e-13 	1.92083e-13 	5.05449e-13 	3.38519e-13 	2.15628e-11 	3.09195e-11 	1.83904e-09 	2.71931e-09 	4.04536e-09
0.03      0.03    0.03    0.03    0.03    2.25 	-0.0256956 	-0.00148903 	-0.019145 	9.57949e-13 	-3.21723e-13 	-3.54372e-13 	3.49465e-13 	1.92083e-13 	5.05449e-13 	3.38519e-13 	2.15628e-11 	3.09195e-11 	1.83904e-09 	2.71931e-09 	4.04536e-09
0.03      0.03    0.03    0.03    0.03    2.34 	-0.0256956 	-0.00148903 	-0.019145 	9.57949e-13 	-3.21723e-13 	-3.54372e-13 	3.49465e-13 	1.92083e-13 	5.05449e-13 	3.38519e-13 	2.15628e-11 	3.09195e-11 	1.83904e-09 	2.71931e-09 	4.04536e-09
0.03      0.03    0.03    0.03    0.03    2.43 	-0.00898984 	-0.0010609 	-0.0300193 	1.3544e-12 	-1.94237e-13 	-3.9043e-13 	3.53235e-13 	-5.87911e-15 	4.33954e-13 	8.46079e-09 	-1.18519e-10 	-2.68197e-09 	4.92798e-12 	3.86754e-11 	8.5075e-10
0.03      0.03    0.03    0.03    0.03    2.52 	-0.00898984 	-0.0010609 	-0.0300193 	1.3544e-12 	-1.94237e-13 	-3.9043e-13 	3.53235e-13 	-5.87911e-15 	4.33954e-13 	8.46079e-09 	-1.18519e-10 	-2.68197e-09 	4.92798e-12 	3.86754e-11 	8.5075e-10
0.03      0.03    0.03    0.03    0.03    2.61 	0.0675774 	-0.008567 	0.0110704 	1.18218e-12 	4.10011e-13 	-4.63697e-13 	9.77472e-13 	-8.5476e-13 	1.39165e-12 	2.27577e-08 	-3.72638e-09 	-3.89109e-08 	6.11415e-10 	6.36986e-09 	6.65333e-08
0.03      0.03    0.03    0.03    0.03    2.7 	0.0675774 	-0.008567 	0.0110704 	1.18218e-12 	4.10011e-13 	-4.63697e-13 	9.77472e-13 	-8.5476e-13 	1.39165e-12 	2.27577e-08 	-3.72638e-09 	-3.89109e-08 	6.11415e-10 	6.36986e-09 	6.65333e-08
0.03      0.03    0.03    0.03    0.03    2.79 	-0.0176633 	0.00556578 	0.0283504 	1.00665e-12 	-2.34874e-13 	1.6675e-13 	3.00398e-13 	-7.43379e-14 	3.81675e-13 	2.62087e-08 	-4.82054e-09 	3.20039e-08 	9.30846e-10 	-5.89729e-09 	3.90835e-08
0.03      0.03    0.03    0.03    0.03    2.88 	-0.0176633 	0.00556578 	0.0283504 	1.00665e-12 	-2.34874e-13 	1.6675e-13 	3.00398e-13 	-7.43379e-14 	3.81675e-13 	2.62087e-08 	-4.82054e-09 	3.20039e-08 	9.30846e-10 	-5.89729e-09 	3.90835e-08
0.03      0.03    0.03    0.03    0.03    2.97 	-0.00933191 	0.00293393 	0.029814 	5.32537e-13 	-1.07638e-13 	1.03574e-13 	1.73418e-13 	-6.02578e-14 	4.48184e-13 	1.35578e-09 	-9.53684e-10 	1.13447e-10 	7.03822e-10 	-9.80713e-11 	2.05101e-11
0.03      0.03    0.03    0.03    0.03    3.06 	-0.00933191 	0.00293393 	0.029814 	5.32537e-13 	-1.07638e-13 	1.03574e-13 	1.73418e-13 	-6.02578e-14 	4.48184e-13 	1.35578e-09 	-9.53684e-10 	1.13447e-10 	7.03822e-10 	-9.80713e-11 	2.05101e-11
0.03      0.03    0.03    0.03    0.03    3.15 	-0.0367325 	0.0123277 	-0.00504339 	5.31179e-13 	-8.54598e-14 	-2.56251e-13 	2.18393e-13 	-2.04595e-14 	4.40327e-13 	8.54426e-10 	-3.03921e-09 	2.01747e-09 	1.08652e-08 	-7.25469e-09 	4.88362e-09
0.03      0.03    0.03    0.03    0.03    3.24 	-0.0367325 	0.0123277 	-0.00504339 	5.31179e-13 	-8.54598e-14 	-2.56251e-13 	2.18393e-13 	-2.04595e-14 	4.40327e-13 	8.54426e-10 	-3.03921e-09 	2.01747e-09 	1.08652e-08 	-7.25469e-09 	4.88362e-09
0.03      0.03    0.03    0.03    0.03    3.33 	-0.0393521 	-0.000921555 	0.0328069 	1.41785e-12 	-4.6075e-13 	3.63541e-13 	6.91632e-13 	-7.19862e-13 	1.54886e-12 	3.30003e-09 	2.57073e-10 	2.42269e-09 	3.079e-11 	2.03329e-10 	1.80034e-09
0.03      0.03    0.03    0.03    0.03    3.42 	-0.0393521 	-0.000921555 	0.0328069 	1.41785e-12 	-4.6075e-13 	3.63541e-13 	6.91632e-13 	-7.19862e-13 	1.54886e-12 	3.30003e-09 	2.57073e-10 	2.42269e-09 	3.079e-11 	2.03329e-10 	1.80034e-09
0.03      0.03    0.03    0.03    0.03    3.51 	-0.0393521 	-0.000921555 	0.0328069 	1.41785e-12 	-4.6075e-13 	3.63541e-13 	6.91632e-13 	-7.19862e-13 	1.54886e-12 	3.30003e-09 	2.57073e-10 	2.42269e-09 	3.079e-11 	2.03329e-10 	1.80034e-09
0.03      0.03    0.03    0.03    0.03    3.6 	-0.029668 	0.00370726 	0.0136153 	7.04442e-13 	-1.54253e-13 	-6.5141e-14 	3.04774e-13 	-1.53649e-13 	6.76133e-13 	2.54054e-09 	1.22895e-09 	-1.56014e-09 	6.1056e-10 	-7.51409e-10 	9.58833e-10
0.03      0.03    0.03    0.03    0.03    3.69 	-0.029668 	0.00370726 	0.0136153 	7.04442e-13 	-1.54253e-13 	-6.5141e-14 	3.04774e-13 	-1.53649e-13 	6.76133e-13 	2.54054e-09 	1.22895e-09 	-1.56014e-09 	6.1056e-10 	-7.51409e-10 	9.58833e-10
0.03      0.03    0.03    0.03    0.03    3.78 	0.111465 	0.00600193 	0.0069658 	1.14966e-12 	-2.84834e-13 	2.49686e-13 	2.91788e-13 	-1.1387e-13 	2.91901e-13 	2.2013e-08 	7.15636e-11 	1.72386e-09 	3.98954e-11 	7.81049e-12 	1.3532e-10
0.03      0.03    0.03    0.03    0.03    3.87 	0.111465 	0.00600193 	0.0069658 	1.14966e-12 	-2.84834e-13 	2.49686e-13 	2.91788e-13 	-1.1387e-13 	2.91901e-13 	2.2013e-08 	7.15636e-11 	1.72386e-09 	3.98954e-11 	7.81049e-12 	1.3532e-10
0.03      0.03    0.03    0.03    0.03    3.96 	0.0860279 	-0.0138376 	0.0429663 	1.10438e-12 	-3.21638e-13 	2.23442e-13 	3.0545e-13 	-5.35704e-14 	3.4469e-13 	2.39821e-08 	-1.89834e-08 	1.35659e-08 	1.50639e-08 	-1.07633e-08 	7.69055e-09
0.03      0.03    0.03    0.03    0.03    4.05 	0.0860279 	-0.0138376 	0.0429663 	1.10438e-12 	-3.21638e-13 	2.23442e-13 	3.0545e-13 	-5.35704e-14 	3.4469e-13 	2.39821e-08 	-1.89834e-08 	1.35659e-08 	1.50639e-08 	-1.07633e-08 	7.69055e-09
0.03      0.03    0.03    0.03    0.03    4.14 	0.0173429 	0.00460493 	-0.0043563 	4.83281e-13 	-1.89944e-14 	2.24435e-14 	1.82028e-13 	9.57763e-14 	3.40853e-13 	1.4264e-08 	-4.68997e-09 	-1.42676e-08 	1.55086e-09 	4.69584e-09 	1.4275e-08
0.03      0.03    0.03    0.03    0.03    4.23 	0.0173429 	0.00460493 	-0.0043563 	4.83281e-13 	-1.89944e-14 	2.24435e-14 	1.82028e-13 	9.57763e-14 	3.40853e-13 	1.4264e-08 	-4.68997e-09 	-1.42676e-08 	1.55086e-09 	4.69584e-09 	1.4275e-08
0.03      0.03    0.03    0.03    0.03    4.32 	0.0227179 	-0.00677554 	0.0798376 	7.67889e-13 	-2.06488e-13 	-1.61341e-13 	2.7481e-13 	1.35283e-13 	4.81197e-13 	5.4833e-10 	1.08541e-10 	1.34359e-09 	2.35028e-11 	2.63656e-10 	3.29934e-09
0.03      0.03    0.03    0.03    0.03    4.41 	0.0227179 	-0.00677554 	0.0798376 	7.67889e-13 	-2.06488e-13 	-1.61341e-13 	2.7481e-13 	1.35283e-13 	4.81197e-13 	5.4833e-10 	1.08541e-10 	1.34359e-09 	2.35028e-11 	2.63656e-10 	3.29934e-09
0.03      0.03    0.03    0.03    0.03    4.5 	0.0227179 	-0.00677554 	0.0798376 	7.67889e-13 	-2.06488e-13 	-1.61341e-13 	2.7481e-13 	1.35283e-13 	4.81197e-13 	5.4833e-10 	1.08541e-10 	1.34359e-09 	2.35028e-11 	2.63656e-10 	3.29934e-09
0.1      0.1    0.1    0.1    0.1    0 	-0.00765744 	0.0214206 	0.026422 	6.00635e-13 	-9.61884e-14 	7.3496e-14 	2.41798e-13 	-9.42756e-14 	8.27024e-13 	1.87405e-08 	1.29152e-08 	1.87773e-08 	1.02045e-08 	1.37712e-08 	1.93745e-08
0.1      0.1    0.1    0.1    0.1    0.09 	-0.00765744 	0.0214206 	0.026422 	6.00635e-13 	-9.61884e-14 	7.3496e-14 	2.41798e-13 	-9.42756e-14 	8.27024e-13 	1.87405e-08 	1.29152e-08 	1.87773e-08 	1.02045e-08 	1.37712e-08 	1.93745e-08
0.1      0.1    0.1    0.1    0.1    0.18 	-0.00765744 	0.0214206 	0.026422 	6.00635e-13 	-9.61884e-14 	7.3496e-14 	2.41798e-13 	-9.42756e-14 	8.27024e-13 	1.87405e-08 	1.29152e-08 	1.87773e-08 	1.02045e-08 	1.37712e-08 	1.93745e-08
0.1      0.1    0.1    0.1    0.1    0.27 	0.0182476 	0.00312284 	0.0136828 	7.55522e-13 	-4.63903e-15 	8.67372e-15 	2.25219e-13 	-1.17015e-13 	4.7864e-13 	1.51742e-08 	-1.55306e-08 	-9.55343e-09 	1.66216e-08 	1.0371e-08 	6.50534e-09
0.1      0.1    0.1    0.1    0.1    0.36 	0.0182476 	0.00312284 	0.0136828 	7.55522e-13 	-4.63903e-15 	8.67372e-15 	2.25219e-13 	-1.17015e-13 	4.7864e-13 	1.51742e-08 	-1.55306e-08 	-9.55343e-09 	1.66216e-08 	1.0371e-08 	6.50534e-09
0.1      0.1    0.1    0.1    0.1    0.45 	0.0262785 	-0.0252909 	0.00157699 	5.91402e-13 	-1.02579e-13 	-8.72714e-15 	1.84668e-13 	-3.81224e-14 	4.22894e-13 	3.20654e-08 	-2.73179e-08 	-6.28712e-08 	2.36104e-08 	5.43439e-08 	1.25128e-07
0.1      0.1    0.1    0.1    0.1    0.54 	0.0262785 	-0.0252909 	0.00157699 	5.91402e-13 	-1.02579e-13 	-8.72714e-15 	1.84668e-13 	-3.81224e-14 	4.22894e-13 	3.20654e-08 	-2.73179e-08 	-6.28712e-08 	2.36104e-08 	5.43439e-08 	1.25128e-07
0.1      0.1    0.1    0.1    0.1    0.63 	-0.00119813 	-0.0033485 	0.0226244 	6.61512e-13 	1.87802e-13 	5.20329e-13 	4.44926e-13 	5.14909e-13 	1.9572e-12 	6.34458e-09 	-2.20715e-09 	2.09197e-08 	9.22564e-10 	-7.36943e-09 	6.90607e-08
0.1      0.1    0.1    0.1    0.1    0.72 	-0.00119813 	-0.0033485 	0.0226244 	6.61512e-13 	1.87802e-13 	5.20329e-13 	4.44926e-13 	5.14909e-13 	1.9572e-12 	6.34458e-09 	-2.20715e-09 	2.09197e-08 	9.22564e-10 	-7.36943e-09 	6.90607e-08
0.1      0.1    0.1    0.1    0.1    0.81 	-0.0132353 	0.0076004 	0.0122202 	6.83072e-13 	-2.53873e-14 	2.06484e-13 	2.35909e-13 	-2.98875e-14 	8.85452e-13 	3.53012e-09 	1.04664e-09 	4.39894e-09 	3.12114e-10 	1.29331e-09 	5.63235e-09
0.1      0.1    0.1    0.1    0.1    0.9 	-0.0132353 	0.0076004 	0.0122202 	6.83072e-13 	-2.53873e-14 	2.06484e-13 	2.35909e-13 	-2.98875e-14 	8.85452e-13 	3.53012e-09 	1.04664e-09 	4.39894e-09 	3.12114e-10 	1.29331e-09 	5.63235e-09
0.1      0.1    0.1    0.1    0.1    0.99 	-0.0208078 	0.00710608 	2.05996e-05 	1.06544e-12 	3.87396e-15 	9.77641e-13 	2.0144e-13 	-5.04837e-13 	2.06866e-12 	8.26323e-09 	-8.65231e-09 	8.31069e-10 	9.07124e-09 	-8.48657e-10 	2.09747e-10
0.1      0.1    0.1    0.1    0.1    1.08 	-0.0208078 	0.00710608 	2.05996e-05 	1.06544e-12 	3.87396e-15 	9.77641e-13 	2.0144e-13 	-5.04837e-13 	2.06866e-12 	8.26323e-09 	-8.65231e-09 	8.31069e-10 	9.07124e-09 	-8.48657e-10 	2.09747e-10
0.1      0.1    0.1    0.1    0.1    1.17 	-0.0208078 	0.00710608 	2.05996e-05 	1.06544e-12 	3.87396e-15 	9.77641e-13 	2.0144e-13 	-5.04837e-13 	2.06866e-12 	8.26323e-09 	-8.65231e-09 	8.31069e-10 	9.07124e-09 	-8.48657e-10 	2.09747e-10
0.1      0.1    0.1    0.1    0.1    1.26 	-0.00767867 	0.00516921 	-0.00381453 	6.24397e-13 	4.49835e-14 	2.97389e-14 	2.60819e-13 	-1.22328e-13 	3.63982e-13 	1.49142e-08 	-4.64232e-09 	-3.14908e-08 	1.46e-09 	9.7767e-09 	6.65388e-08
0.1      0.1    0.1    0.1    0.1    1.35 	-0.00767867 	0.00516921 	-0.00381453 	6.24397e-13 	4.49835e-14 	2.97389e-14 	2.60819e-13 	-1.22328e-13 	3.63982e-13 	1.49142e-08 	-4.64232e-09 	-3.14908e-08 	1.46e-09 	9.7767e-09 	6.65388e-08
0.1      0.1    0.1    0.1    0.1    1.44 	-0.00206039 	-0.00957147 	0.00420498 	6.31159e-13 	-2.24328e-13 	2.44763e-14 	3.95787e-13 	-3.04731e-14 	3.66657e-13 	3.59436e-08 	6.58959e-09 	-1.7974e-08 	1.28028e-09 	-3.31876e-09 	8.99688e-09
0.1      0.1    0.1    0.1    0.1    1.53 	-0.00206039 	-0.00957147 	0.00420498 	6.31159e-13 	-2.24328e-13 	2.44763e-14 	3.95787e-13 	-3.04731e-14 	3.66657e-13 	3.59436e-08 	6.58959e-09 	-1.7974e-08 	1.28028e-09 	-3.31876e-09 	8.99688e-09
0.1      0.1    0.1    0.1    0.1    1.62 	-0.00645214 	-0.00378661 	0.0634919 	3.83626e-13 	-9.61933e-14 	6.46827e-14 	3.39217e-13 	-2.38097e-13 	9.88149e-13 	1.65666e-08 	-1.14242e-08 	-6.8165e-09 	8.16051e-09 	4.69243e-09 	2.8056e-09
0.1      0.1    0.1    0.1    0.1    1.71 	-0.00645214 	-0.00378661 	0.0634919 	3.83626e-13 	-9.61933e-14 	6.46827e-14 	3.39217e-13 	-2.38097e-13 	9.88149e-13 	1.65666e-08 	-1.14242e-08 	-6.8165e-09 	8.16051e-09 	4.69243e-09 	2.8056e-09
0.1      0.1    0.1    0.1    0.1    1.8 	-0.0174743 	0.00943793 	0.0125417 	4.71505e-13 	-3.66408e-14 	-1.01035e-13 	2.48949e-13 	-1.40623e-13 	1.09042e-12 	1.99796e-10 	-1.11588e-10 	-1.72345e-10 	1.54789e-10 	1.30726e-10 	1.62092e-10
0.1      0.1    0.1    0.1    0.1    1.89 	-0.0174743 	0.00943793 	0.0125417 	4.71505e-13 	-3.66408e-14 	-1.01035e-13 	2.48949e-13 	-1.40623e-13 	1.09042e-12 	1.99796e-10 	-1.11588e-10 	-1.72345e-10 	1.54789e-10 	1.30726e-10 	1.62092e-10
0.1      0.1    0.1    0.1    0.1    1.98 	-0.00928363 	0.00623628 	0.000357538 	6.53779e-13 	-1.18227e-13 	-4.12267e-13 	2.87346e-13 	3.56762e-13 	1.41156e-12 	1.59953e-10 	7.06208e-10 	2.19255e-09 	3.16509e-09 	9.96341e-09 	3.19197e-08
0.1      0.1    0.1    0.1    0.1    2.07 	-0.00928363 	0.00623628 	0.000357538 	6.53779e-13 	-1.18227e-13 	-4.12267e-13 	2.87346e-13 	3.56762e-13 	1.41156e-12 	1.59953e-10 	7.06208e-10 	2.19255e-09 	3.16509e-09 	9.96341e-09 	3.19197e-08
0.1      0.1    0.1    0.1    0.1    2.16 	-0.0257369 	-0.00165065 	-0.0194618 	9.62357e-13 	-3.23425e-13 	-3.56984e-13 	3.50179e-13 	1.93771e-13 	5.09956e-13 	1.83727e-10 	9.69464e-10 	1.82407e-09 	6.95326e-09 	1.26678e-08 	2.3191e-08
0.1      0.1    0.1    0.1    0.1    2.25 	-0.0257369 	-0.00165065 	-0.0194618 	9.62357e-13 	-3.23425e-13 	-3.56984e-13 	3.50179e-13 	1.93771e-13 	5.09956e-13 	1.83727e-10 	9.69464e-10 	1.82407e-09 	6.95326e-09 	1.26678e-08 	2.3191e-08
0.1      0.1    0.1    0.1    0.1    2.34 	-0.0257369 	-0.00165065 	-0.0194618 	9.62357e-13 	-3.23425e-13 	-3.56984e-13 	3.50179e-13 	1.93771e-13 	5.09956e-13 	1.83727e-10 	9.69464e-10 	1.82407e-09 	6.95326e-09 	1.26678e-08 	2.3191e-08
0.1      0.1    0.1    0.1    0.1    2.43 	-0.00854135 	-0.00106588 	-0.0301478 	1.35777e-12 	-1.93355e-13 	-3.89577e-13 	3.53457e-13 	-6.82163e-15 	4.32671e-13 	4.59897e-08 	-4.88012e-10 	-1.39647e-08 	7.33707e-12 	1.48315e-10 	4.24971e-09
0.1      0.1    0.1    0.1    0.1    2.52 	-0.00854135 	-0.00106588 	-0.0301478 	1.35777e-12 	-1.93355e-13 	-3.89577e-13 	3.53457e-13 	-6.82163e-15 	4.32671e-13 	4.59897e-08 	-4.88012e-10 	-1.39647e-08 	7.33707e-12 	1.48315e-10 	4.24971e-09
0.1      0.1    0.1    0.1    0.1    2.61 	0.0664819 	-0.00853469 	0.0128417 	1.21965e-12 	4.45655e-13 	-4.88113e-13 	9.92918e-13 	-8.56184e-13 	1.40841e-12 	2.13983e-07 	-1.30798e-08 	-3.53631e-07 	1.03205e-09 	2.1845e-08 	5.84687e-07
0.1      0.1    0.1    0.1    0.1    2.7 	0.0664819 	-0.00853469 	0.0128417 	1.21965e-12 	4.45655e-13 	-4.88113e-13 	9.92918e-13 	-8.56184e-13 	1.40841e-12 	2.13983e-07 	-1.30798e-08 	-3.53631e-07 	1.03205e-09 	2.1845e-08 	5.84687e-07
0.1      0.1    0.1    0.1    0.1    2.79 	-0.0184571 	0.00587163 	0.0273006 	1.0129e-12 	-2.34654e-13 	1.67942e-13 	3.03184e-13 	-7.7758e-14 	3.86983e-13 	1.45087e-07 	-4.62944e-08 	1.86415e-07 	1.52192e-08 	-5.97215e-08 	2.39646e-07
0.1      0.1    0.1    0.1    0.1    2.88 	-0.0184571 	0.00587163 	0.0273006 	1.0129e-12 	-2.34654e-13 	1.67942e-13 	3.03184e-13 	-7.7758e-14 	3.86983e-13 	1.45087e-07 	-4.62944e-08 	1.86415e-07 	1.52192e-08 	-5.97215e-08 	2.39646e-07
0.1      0.1    0.1    0.1    0.1    2.97 	-0.0092774 	0.0029031 	0.0298721 	5.34768e-13 	-1.08602e-13 	1.04281e-13 	1.74701e-13 	-6.09638e-14 	4.49459e-13 	2.03341e-09 	-1.59963e-09 	9.39158e-10 	1.30242e-09 	-7.21905e-10 	5.75375e-10
0.1      0.1    0.1    0.1    0.1    3.06 	-0.0092774 	0.0029031 	0.0298721 	5.34768e-13 	-1.08602e-13 	1.04281e-13 	1.74701e-13 	-6.09638e-14 	4.49459e-13 	2.03341e-09 	-1.59963e-09 	9.39158e-10 	1.30242e-09 	-7.21905e-10 	5.75375e-10
0.1      0.1    0.1    0.1    0.1    3.15 	-0.0368088 	0.0120662 	-0.004856 	5.27204e-13 	-8.47191e-14 	-2.54556e-13 	2.17534e-13 	-2.14151e-14 	4.37959e-13 	8.08996e-10 	-4.32956e-10 	3.53199e-10 	2.55208e-08 	-1.89242e-08 	1.40967e-08
0.1      0.1    0.1    0.1    0.1    3.24 	-0.0368088 	0.0120662 	-0.004856 	5.27204e-13 	-8.47191e-14 	-2.54556e-13 	2.17534e-13 	-2.14151e-14 	4.37959e-13 	8.08996e-10 	-4.32956e-10 	3.53199e-10 	2.55208e-08 	-1.89242e-08 	1.40967e-08
0.1      0.1    0.1    0.1    0.1    3.33 	-0.0395585 	-0.000972641 	0.0325246 	1.42395e-12 	-4.65603e-13 	3.66697e-13 	6.93599e-13 	-7.19875e-13 	1.54906e-12 	1.25391e-08 	2.40695e-09 	1.40711e-08 	4.88303e-10 	2.79736e-09 	1.61761e-08
0.1      0.1    0.1    0.1    0.1    3.42 	-0.0395585 	-0.000972641 	0.0325246 	1.42395e-12 	-4.65603e-13 	3.66697e-13 	6.93599e-13 	-7.19875e-13 	1.54906e-12 	1.25391e-08 	2.40695e-09 	1.40711e-08 	4.88303e-10 	2.79736e-09 	1.61761e-08
0.1      0.1    0.1    0.1    0.1    3.51 	-0.0395585 	-0.000972641 	0.0325246 	1.42395e-12 	-4.65603e-13 	3.66697e-13 	6.93599e-13 	-7.19875e-13 	1.54906e-12 	1.25391e-08 	2.40695e-09 	1.40711e-08 	4.88303e-10 	2.79736e-09 	1.61761e-08
0.1      0.1    0.1    0.1    0.1    3.6 	-0.0298832 	0.00395252 	0.0138157 	7.05812e-13 	-1.54228e-13 	-6.626e-14 	3.05394e-13 	-1.5498e-13 	6.76975e-13 	1.17674e-08 	-6.31981e-09 	-9.59509e-09 	5.9084e-09 	5.64433e-09 	7.91982e-09
0.1      0.1    0.1    0.1    0.1    3.69 	-0.0298832 	0.00395252 	0.0138157 	7.05812e-13 	-1.54228e-13 	-6.626e-14 	3.05394e-13 	-1.5498e-13 	6.76975e-13 	1.17674e-08 	-6.31981e-09 	-9.59509e-09 	5.9084e-09 	5.64433e-09 	7.91982e-09
0.1      0.1    0.1    0.1    0.1    3.78 	0.112679 	0.00569703 	0.00709385 	1.16381e-12 	-2.91534e-13 	2.61322e-13 	2.92355e-13 	-1.17979e-13 	2.93013e-13 	2.51383e-07 	-5.11149e-08 	2.4056e-08 	1.11416e-08 	-5.00232e-09 	2.32437e-09
0.1      0.1    0.1    0.1    0.1    3.87 	0.112679 	0.00569703 	0.00709385 	1.16381e-12 	-2.91534e-13 	2.61322e-13 	2.92355e-13 	-1.17979e-13 	2.93013e-13 	2.51383e-07 	-5.11149e-08 	2.4056e-08 	1.11416e-08 	-5.00232e-09 	2.32437e-09
0.1      0.1    0.1    0.1    0.1    3.96 	0.0873456 	-0.0143646 	0.043391 	1.11419e-12 	-3.24536e-13 	2.25467e-13 	3.04995e-13 	-5.47856e-14 	3.44076e-13 	2.93473e-07 	-1.42058e-07 	1.10235e-07 	7.11849e-08 	-5.48851e-08 	4.23679e-08
0.1      0.1    0.1    0.1    0.1    4.05 	0.0873456 	-0.0143646 	0.043391 	1.11419e-12 	-3.24536e-13 	2.25467e-13 	3.04995e-13 	-5.47856e-14 	3.44076e-13 	2.93473e-07 	-1.42058e-07 	1.10235e-07 	7.11849e-08 	-5.48851e-08 	4.23679e-08
0.1      0.1    0.1    0.1    0.1    4.14 	0.0180712 	0.00431929 	-0.00504961 	4.83482e-13 	-1.94529e-14 	2.34428e-14 	1.82152e-13 	9.55837e-14 	3.40044e-13 	1.0775e-07 	-3.95633e-08 	-1.02569e-07 	1.45837e-08 	3.76625e-08 	9.7657e-08
0.1      0.1    0.1    0.1    0.1    4.23 	0.0180712 	0.00431929 	-0.00504961 	4.83482e-13 	-1.94529e-14 	2.34428e-14 	1.82152e-13 	9.55837e-14 	3.40044e-13 	1.0775e-07 	-3.95633e-08 	-1.02569e-07 	1.45837e-08 	3.76625e-08 	9.7657e-08
0.1      0.1    0.1    0.1    0.1    4.32 	0.0227604 	-0.00664633 	0.0795351 	7.6942e-13 	-2.0771e-13 	-1.61292e-13 	2.76564e-13 	1.35764e-13 	4.80529e-13 	5.36041e-10 	2.04405e-10 	8.48702e-10 	1.78618e-09 	-5.1816e-09 	1.9136e-08
0.1      0.1    0.1    0.1    0.1    4.41 	0.0227604 	-0.00664633 	0.0795351 	7.6942e-13 	-2.0771e-13 	-1.61292e-13 	2.76564e-13 	1.35764e-13 	4.80529e-13 	5.36041e-10 	2.04405e-10 	8.48702e-10 	1.78618e-09 	-5.1816e-09 	1.9136e-08
0.1      0.1    0.1    0.1    0.1    4.5 	0.0227604 	-0.00664633 	0.0795351 	7.6942e-13 	-2.0771e-13 	-1.61292e-13 	2.76564e-13 	1.35764e-13 	4.80529e-13 	5.36041e-10 	2.04405e-10 	8.48702e-10 	1.78618e-09 	-5.1816e-09 	1.9136e-08
0.2      0.2    0.2    0.2    0.2    0 	-0.00720987 	0.0214874 	0.0265053 	5.97743e-13 	-9.48703e-14 	7.2905e-14 	2.41513e-13 	-9.48088e-14 	8.27102e-13 	7.18338e-08 	2.38548e-08 	3.96247e-08 	1.0113e-08 	1.57003e-08 	2.53088e-08
0.2      0.2    0.2    0.2    0.2    0.09 	-0.00720987 	0.0214874 	0.0265053 	5.97743e-13 	-9.48703e-14 	7.2905e-14 	2.41513e-13 	-9.48088e-14 	8.27102e-13 	7.18338e-08 	2.38548e-08 	3.96247e-08 	1.0113e-08 	1.57003e-08 	2.53088e-08
0.2      0.2    0.2    0.2    0.2    0.18 	-0.00720987 	0.0214874 	0.0265053 	5.97743e-13 	-9.48703e-14 	7.2905e-14 	2.41513e-13 	-9.48088e-14 	8.27102e-13 	7.18338e-08 	2.38548e-08 	3.96247e-08 	1.0113e-08 	1.57003e-08 	2.53088e-08
0.2      0.2    0.2    0.2    0.2    0.27 	0.0181389 	0.00293887 	0.0135174 	7.6096e-13 	9.98615e-16 	2.39461e-15 	2.25832e-13 	-1.19762e-13 	4.80778e-13 	1.01397e-08 	-1.32303e-08 	-8.70916e-09 	3.04504e-08 	2.1944e-08 	1.59726e-08
0.2      0.2    0.2    0.2    0.2    0.36 	0.0181389 	0.00293887 	0.0135174 	7.6096e-13 	9.98615e-16 	2.39461e-15 	2.25832e-13 	-1.19762e-13 	4.80778e-13 	1.01397e-08 	-1.32303e-08 	-8.70916e-09 	3.04504e-08 	2.1944e-08 	1.59726e-08
0.2      0.2    0.2    0.2    0.2    0.45 	0.0254913 	-0.0248179 	0.00234678 	5.90452e-13 	-9.80694e-14 	-9.35537e-15 	1.82985e-13 	-3.75165e-14 	4.21756e-13 	1.70748e-07 	-1.1709e-07 	-2.31785e-07 	8.11114e-08 	1.61883e-07 	3.25738e-07
0.2      0.2    0.2    0.2    0.2    0.54 	0.0254913 	-0.0248179 	0.00234678 	5.90452e-13 	-9.80694e-14 	-9.35537e-15 	1.82985e-13 	-3.75165e-14 	4.21756e-13 	1.70748e-07 	-1.1709e-07 	-2.31785e-07 	8.11114e-08 	1.61883e-07 	3.25738e-07
0.2      0.2    0.2    0.2    0.2    0.63 	-0.00151272 	-0.00332043 	0.021856 	6.67695e-13 	1.89995e-13 	5.26747e-13 	4.46519e-13 	5.16554e-13 	1.96117e-12 	2.94235e-08 	-4.59154e-09 	8.28442e-08 	9.34192e-10 	-1.33703e-08 	2.34705e-07
0.2      0.2    0.2    0.2    0.2    0.72 	-0.00151272 	-0.00332043 	0.021856 	6.67695e-13 	1.89995e-13 	5.26747e-13 	4.46519e-13 	5.16554e-13 	1.96117e-12 	2.94235e-08 	-4.59154e-09 	8.28442e-08 	9.34192e-10 	-1.33703e-08 	2.34705e-07
0.2      0.2    0.2    0.2    0.2    0.81 	-0.0129833 	0.00765966 	0.0123848 	6.82231e-13 	-2.55677e-14 	2.07807e-13 	2.35584e-13 	-3.06594e-14 	8.8395e-13 	1.83324e-08 	5.02544e-09 	1.58271e-08 	1.38553e-09 	4.37447e-09 	1.41308e-08
0.2      0.2    0.2    0.2    0.2    0.9 	-0.0129833 	0.00765966 	0.0123848 	6.82231e-13 	-2.55677e-14 	2.07807e-13 	2.35584e-13 	-3.06594e-14 	8.8395e-13 	1.83324e-08 	5.02544e-09 	1.58271e-08 	1.38553e-09 	4.37447e-09 	1.41308e-08
0.2      0.2    0.2    0.2    0.2    0.99 	-0.0211432 	0.0073617 	-0.000194352 	1.06081e-12 	1.06842e-14 	9.63328e-13 	2.02369e-13 	-5.02492e-13 	2.07006e-12 	3.63463e-08 	-3.25392e-08 	1.4953e-08 	2.93295e-08 	-1.30144e-08 	6.90098e-09
0.2      0.2    0.2    0.2    0.2    1.08 	-0.0211432 	0.0073617 	-0.000194352 	1.06081e-12 	1.06842e-14 	9.63328e-13 	2.02369e-13 	-5.02492e-13 	2.07006e-12 	3.63463e-08 	-3.25392e-08 	1.4953e-08 	2.93295e-08 	-1.30144e-08 	6.90098e-09
0.2      0.2    0.2    0.2    0.2    1.17 	-0.0211432 	0.0073617 	-0.000194352 	1.06081e-12 	1.06842e-14 	9.63328e-13 	2.02369e-13 	-5.02492e-13 	2.07006e-12 	3.63463e-08 	-3.25392e-08 	1.4953e-08 	2.93295e-08 	-1.30144e-08 	6.90098e-09
0.2      0.2    0.2    0.2    0.2    1.26 	-0.007473 	0.00510643 	-0.00426491 	6.18811e-13 	4.40726e-14 	2.87305e-14 	2.59556e-13 	-1.22628e-13 	3.6184e-13 	3.01709e-08 	-8.89608e-09 	-6.56107e-08 	2.63408e-09 	1.93217e-08 	1.42744e-07
0.2      0.2    0.2    0.2    0.2    1.35 	-0.007473 	0.00510643 	-0.00426491 	6.18811e-13 	4.40726e-14 	2.87305e-14 	2.59556e-13 	-1.22628e-13 	3.6184e-13 	3.01709e-08 	-8.89608e-09 	-6.56107e-08 	2.63408e-09 	1.93217e-08 	1.42744e-07
0.2      0.2    0.2    0.2    0.2    1.44 	-0.00142572 	-0.00960928 	0.00387244 	6.36666e-13 	-2.29516e-13 	2.22945e-14 	4.00107e-13 	-2.75796e-14 	3.66729e-13 	1.39773e-07 	7.33198e-09 	-7.04105e-08 	9.75112e-10 	-3.64977e-09 	3.54848e-08
0.2      0.2    0.2    0.2    0.2    1.53 	-0.00142572 	-0.00960928 	0.00387244 	6.36666e-13 	-2.29516e-13 	2.22945e-14 	4.00107e-13 	-2.75796e-14 	3.66729e-13 	1.39773e-07 	7.33198e-09 	-7.04105e-08 	9.75112e-10 	-3.64977e-09 	3.54848e-08
0.2      0.2    0.2    0.2    0.2    1.62 	-0.00594831 	-0.0039063 	0.0632583 	3.84029e-13 	-1.00585e-13 	6.82689e-14 	3.37995e-13 	-2.31398e-13 	9.68931e-13 	7.77534e-08 	-3.20317e-08 	-3.43889e-08 	1.43423e-08 	1.40458e-08 	1.52238e-08
0.2      0.2    0.2    0.2    0.2    1.71 	-0.00594831 	-0.0039063 	0.0632583 	3.84029e-13 	-1.00585e-13 	6.82689e-14 	3.37995e-13 	-2.31398e-13 	9.68931e-13 	7.77534e-08 	-3.20317e-08 	-3.43889e-08 	1.43423e-08 	1.40458e-08 	1.52238e-08
0.2      0.2    0.2    0.2    0.2    1.8 	-0.0175666 	0.00938609 	0.0126354 	4.69634e-13 	-3.7019e-14 	-9.82992e-14 	2.4904e-13 	-1.42751e-13 	1.08869e-12 	1.8942e-09 	5.13187e-10 	-1.6915e-09 	2.88355e-10 	-4.60446e-10 	1.5278e-09
0.2      0.2    0.2    0.2    0.2    1.89 	-0.0175666 	0.00938609 	0.0126354 	4.69634e-13 	-3.7019e-14 	-9.82992e-14 	2.4904e-13 	-1.42751e-13 	1.08869e-12 	1.8942e-09 	5.13187e-10 	-1.6915e-09 	2.88355e-10 	-4.60446e-10 	1.5278e-09
0.2      0.2    0.2    0.2    0.2    1.98 	-0.00926026 	0.00641015 	0.000772277 	6.52844e-13 	-1.17596e-13 	-4.10042e-13 	2.88232e-13 	3.5723e-13 	1.42077e-12 	4.25829e-10 	2.22482e-09 	5.92875e-09 	1.18365e-08 	3.13754e-08 	8.39541e-08
0.2      0.2    0.2    0.2    0.2    2.07 	-0.00926026 	0.00641015 	0.000772277 	6.52844e-13 	-1.17596e-13 	-4.10042e-13 	2.88232e-13 	3.5723e-13 	1.42077e-12 	4.25829e-10 	2.22482e-09 	5.92875e-09 	1.18365e-08 	3.13754e-08 	8.39541e-08
0.2      0.2    0.2    0.2    0.2    2.16 	-0.0258595 	-0.00179236 	-0.0196801 	9.68481e-13 	-3.25788e-13 	-3.60601e-13 	3.51301e-13 	1.96202e-13 	5.16456e-13 	2.75686e-09 	5.4172e-09 	9.5695e-09 	1.30568e-08 	2.33221e-08 	4.1785e-08
0.2      0.2    0.2    0.2    0.2    2.25 	-0.0258595 	-0.00179236 	-0.0196801 	9.68481e-13 	-3.25788e-13 	-3.60601e-13 	3.51301e-13 	1.96202e-13 	5.16456e-13 	2.75686e-09 	5.4172e-09 	9.5695e-09 	1.30568e-08 	2.33221e-08 	4.1785e-08
0.2      0.2    0.2    0.2    0.2    2.34 	-0.0258595 	-0.00179236 	-0.0196801 	9.68481e-13 	-3.25788e-13 	-3.60601e-13 	3.51301e-13 	1.96202e-13 	5.16456e-13 	2.75686e-09 	5.4172e-09 	9.5695e-09 	1.30568e-08 	2.33221e-08 	4.1785e-08
0.2      0.2    0.2    0.2    0.2    2.43 	-0.00814173 	-0.00113274 	-0.0302014 	1.36262e-12 	-1.92162e-13 	-3.88229e-13 	3.53673e-13 	-7.99645e-15 	4.30516e-13 	9.7269e-08 	-5.97271e-09 	-2.3468e-08 	5.18362e-10 	1.27692e-09 	5.84889e-09
0.2      0.2    0.2    0.2    0.2    2.52 	-0.00814173 	-0.00113274 	-0.0302014 	1.36262e-12 	-1.92162e-13 	-3.88229e-13 	3.53673e-13 	-7.99645e-15 	4.30516e-13 	9.7269e-08 	-5.97271e-09 	-2.3468e-08 	5.18362e-10 	1.27692e-09 	5.84889e-09
0.2      0.2    0.2    0.2    0.2    2.61 	0.0649551 	-0.00854881 	0.0148786 	1.27829e-12 	4.97068e-13 	-5.22245e-13 	1.01552e-12 	-8.56101e-13 	1.43037e-12 	7.98568e-07 	-1.12868e-08 	-1.19046e-06 	5.80687e-10 	1.81455e-08 	1.78041e-06
0.2      0.2    0.2    0.2    0.2    2.7 	0.0649551 	-0.00854881 	0.0148786 	1.27829e-12 	4.97068e-13 	-5.22245e-13 	1.01552e-12 	-8.56101e-13 	1.43037e-12 	7.98568e-07 	-1.12868e-08 	-1.19046e-06 	5.80687e-10 	1.81455e-08 	1.78041e-06
0.2      0.2    0.2    0.2    0.2    2.79 	-0.0190463 	0.00628407 	0.0263865 	1.02209e-12 	-2.34117e-13 	1.69661e-13 	3.07163e-13 	-8.26628e-14 	3.9477e-13 	2.74787e-07 	-1.25886e-07 	3.78836e-07 	6.04451e-08 	-1.75426e-07 	5.23554e-07
0.2      0.2    0.2    0.2    0.2    2.88 	-0.0190463 	0.00628407 	0.0263865 	1.02209e-12 	-2.34117e-13 	1.69661e-13 	3.07163e-13 	-8.26628e-14 	3.9477e-13 	2.74787e-07 	-1.25886e-07 	3.78836e-07 	6.04451e-08 	-1.75426e-07 	5.23554e-07
0.2      0.2    0.2    0.2    0.2    2.97 	-0.00924374 	0.0029613 	0.0299058 	5.3783e-13 	-1.09969e-13 	1.05248e-13 	1.76495e-13 	-6.19678e-14 	4.51174e-13 	1.87934e-09 	-5.58182e-10 	1.33571e-09 	8.3662e-10 	-1.2224e-10 	1.15965e-09
0.2      0.2    0.2    0.2    0.2    3.06 	-0.00924374 	0.0029613 	0.0299058 	5.3783e-13 	-1.09969e-13 	1.05248e-13 	1.76495e-13 	-6.19678e-14 	4.51174e-13 	1.87934e-09 	-5.58182e-10 	1.33571e-09 	8.3662e-10 	-1.2224e-10 	1.15965e-09
0.2      0.2    0.2    0.2    0.2    3.15 	-0.0370678 	0.0118514 	-0.00487039 	5.2143e-13 	-8.36016e-14 	-2.52046e-13 	2.1636e-13 	-2.27499e-14 	4.34591e-13 	1.16065e-08 	1.56208e-08 	-5.36416e-09 	3.65408e-08 	-1.86311e-08 	1.10787e-08
0.2      0.2    0.2    0.2    0.2    3.24 	-0.0370678 	0.0118514 	-0.00487039 	5.2143e-13 	-8.36016e-14 	-2.52046e-13 	2.1636e-13 	-2.27499e-14 	4.34591e-13 	1.16065e-08 	1.56208e-08 	-5.36416e-09 	3.65408e-08 	-1.86311e-08 	1.10787e-08
0.2      0.2    0.2    0.2    0.2    3.33 	-0.0396675 	-0.00101565 	0.0323546 	1.43261e-12 	-4.72652e-13 	3.71275e-13 	6.96245e-13 	-7.19416e-13 	1.54882e-12 	1.67822e-08 	4.21445e-09 	2.22706e-08 	1.11279e-09 	5.76745e-09 	3.01792e-08
0.2      0.2    0.2    0.2    0.2    3.42 	-0.0396675 	-0.00101565 	0.0323546 	1.43261e-12 	-4.72652e-13 	3.71275e-13 	6.96245e-13 	-7.19416e-13 	1.54882e-12 	1.67822e-08 	4.21445e-09 	2.22706e-08 	1.11279e-09 	5.76745e-09 	3.01792e-08
0.2      0.2    0.2    0.2    0.2    3.51 	-0.0396675 	-0.00101565 	0.0323546 	1.43261e-12 	-4.72652e-13 	3.71275e-13 	6.96245e-13 	-7.19416e-13 	1.54882e-12 	1.67822e-08 	4.21445e-09 	2.22706e-08 	1.11279e-09 	5.76745e-09 	3.01792e-08
0.2      0.2    0.2    0.2    0.2    3.6 	-0.0300514 	0.0043465 	0.0139677 	7.07645e-13 	-1.54101e-13 	-6.7976e-14 	3.06105e-13 	-1.56757e-13 	6.77912e-13 	2.08246e-08 	-2.77969e-08 	-1.88849e-08 	4.42227e-08 	2.60132e-08 	1.7251e-08
0.2      0.2    0.2    0.2    0.2    3.69 	-0.0300514 	0.0043465 	0.0139677 	7.07645e-13 	-1.54101e-13 	-6.7976e-14 	3.06105e-13 	-1.56757e-13 	6.77912e-13 	2.08246e-08 	-2.77969e-08 	-1.88849e-08 	4.42227e-08 	2.60132e-08 	1.7251e-08
0.2      0.2    0.2    0.2    0.2    3.78 	0.114334 	0.0052831 	0.00746792 	1.18293e-12 	-3.00696e-13 	2.78159e-13 	2.92803e-13 	-1.23835e-13 	2.94812e-13 	9.59839e-07 	-2.38848e-07 	1.50866e-07 	6.01361e-08 	-3.79076e-08 	2.48573e-08
0.2      0.2    0.2    0.2    0.2    3.87 	0.114334 	0.0052831 	0.00746792 	1.18293e-12 	-3.00696e-13 	2.78159e-13 	2.92803e-13 	-1.23835e-13 	2.94812e-13 	9.59839e-07 	-2.38848e-07 	1.50866e-07 	6.01361e-08 	-3.79076e-08 	2.48573e-08
0.2      0.2    0.2    0.2    0.2    3.96 	0.0890986 	-0.0146371 	0.0436495 	1.12794e-12 	-3.28372e-13 	2.28501e-13 	3.04069e-13 	-5.65341e-14 	3.43246e-13 	1.10447e-06 	-3.26301e-07 	2.72549e-07 	1.05722e-07 	-8.69013e-08 	7.16308e-08
0.2      0.2    0.2    0.2    0.2    4.05 	0.0890986 	-0.0146371 	0.0436495 	1.12794e-12 	-3.28372e-13 	2.28501e-13 	3.04069e-13 	-5.65341e-14 	3.43246e-13 	1.10447e-06 	-3.26301e-07 	2.72549e-07 	1.05722e-07 	-8.69013e-08 	7.16308e-08
0.2      0.2    0.2    0.2    0.2    4.14 	0.0186904 	0.00399848 	-0.00582674 	4.83746e-13 	-2.00932e-14 	2.48567e-14 	1.82319e-13 	9.53075e-14 	3.38898e-13 	2.44315e-07 	-1.05231e-07 	-2.55987e-07 	4.57275e-08 	1.10934e-07 	2.69559e-07
0.2      0.2    0.2    0.2    0.2    4.23 	0.0186904 	0.00399848 	-0.00582674 	4.83746e-13 	-2.00932e-14 	2.48567e-14 	1.82319e-13 	9.53075e-14 	3.38898e-13 	2.44315e-07 	-1.05231e-07 	-2.55987e-07 	4.57275e-08 	1.10934e-07 	2.69559e-07
0.2      0.2    0.2    0.2    0.2    4.32 	0.0230177 	-0.00645931 	0.079128 	7.71885e-13 	-2.09541e-13 	-1.61456e-13 	2.79153e-13 	1.36599e-13 	4.79739e-13 	9.24604e-09 	9.60811e-09 	-2.02341e-08 	1.1539e-08 	-2.56442e-08 	5.95468e-08
0.2      0.2    0.2    0.2    0.2    4.41 	0.0230177 	-0.00645931 	0.079128 	7.71885e-13 	-2.09541e-13 	-1.61456e-13 	2.79153e-13 	1.36599e-13 	4.79739e-13 	9.24604e-09 	9.60811e-09 	-2.02341e-08 	1.1539e-08 	-2.56442e-08 	5.95468e-08
0.2      0.2    0.2    0.2    0.2    4.5 	0.0230177 	-0.00645931 	0.079128 	7.71885e-13 	-2.09541e-13 	-1.61456e-13 	2.79153e-13 	1.36599e-13 	4.79739e-13 	9.24604e-09 	9.60811e-09 	-2.02341e-08 	1.1539e-08 	-2.56442e-08 	5.95468e-08
0.3      0.3    0.3    0.3    0.3    0 	-0.00683599 	0.0215756 	0.0263982 	5.94959e-13 	-9.36284e-14 	7.2311e-14 	2.41256e-13 	-9.52351e-14 	8.27073e-13 	1.43507e-07 	3.73332e-08 	3.91969e-08 	1.15477e-08 	1.32989e-08 	1.93381e-08
0.3      0.3    0.3    0.3    0.3    0.09 	-0.00683599 	0.0215756 	0.0263982 	5.94959e-13 	-9.36284e-14 	7.2311e-14 	2.41256e-13 	-9.52351e-14 	8.27073e-13 	1.43507e-07 	3.73332e-08 	3.91969e-08 	1.15477e-08 	1.32989e-08 	1.93381e-08
0.3      0.3    0.3    0.3    0.3    0.18 	-0.00683599 	0.0215756 	0.0263982 	5.94959e-13 	-9.36284e-14 	7.2311e-14 	2.41256e-13 	-9.52351e-14 	8.27073e-13 	1.43507e-07 	3.73332e-08 	3.91969e-08 	1.15477e-08 	1.32989e-08 	1.93381e-08
0.3      0.3    0.3    0.3    0.3    0.27 	0.0179014 	0.00283788 	0.0133981 	7.66573e-13 	6.62487e-15 	-4.00393e-15 	2.26552e-13 	-1.22679e-13 	4.82997e-13 	1.30933e-08 	8.62651e-10 	2.91279e-09 	3.77878e-08 	3.00837e-08 	2.4333e-08
0.3      0.3    0.3    0.3    0.3    0.36 	0.0179014 	0.00283788 	0.0133981 	7.66573e-13 	6.62487e-15 	-4.00393e-15 	2.26552e-13 	-1.22679e-13 	4.82997e-13 	1.30933e-08 	8.62651e-10 	2.91279e-09 	3.77878e-08 	3.00837e-08 	2.4333e-08
0.3      0.3    0.3    0.3    0.3    0.45 	0.024597 	-0.0243501 	0.00280781 	5.89579e-13 	-9.36335e-14 	-1.0041e-14 	1.81435e-13 	-3.68474e-14 	4.20558e-13 	4.57384e-07 	-2.8079e-07 	-4.56124e-07 	1.73821e-07 	2.8652e-07 	4.853e-07
0.3      0.3    0.3    0.3    0.3    0.54 	0.024597 	-0.0243501 	0.00280781 	5.89579e-13 	-9.36335e-14 	-1.0041e-14 	1.81435e-13 	-3.68474e-14 	4.20558e-13 	4.57384e-07 	-2.8079e-07 	-4.56124e-07 	1.73821e-07 	2.8652e-07 	4.853e-07
0.3      0.3    0.3    0.3    0.3    0.63 	-0.00184146 	-0.0032685 	0.021204 	6.73899e-13 	1.92251e-13 	5.33077e-13 	4.482e-13 	5.18267e-13 	1.96521e-12 	7.22456e-08 	-1.00336e-08 	1.7898e-07 	1.54917e-09 	-2.52743e-08 	4.4791e-07
0.3      0.3    0.3    0.3    0.3    0.72 	-0.00184146 	-0.0032685 	0.021204 	6.73899e-13 	1.92251e-13 	5.33077e-13 	4.482e-13 	5.18267e-13 	1.96521e-12 	7.22456e-08 	-1.00336e-08 	1.7898e-07 	1.54917e-09 	-2.52743e-08 	4.4791e-07
0.3      0.3    0.3    0.3    0.3    0.81 	-0.0127383 	0.00769442 	0.0125107 	6.8137e-13 	-2.57503e-14 	2.09113e-13 	2.35256e-13 	-3.1438e-14 	8.82403e-13 	4.40584e-08 	9.98483e-09 	3.1367e-08 	2.31466e-09 	7.27157e-09 	2.30665e-08
0.3      0.3    0.3    0.3    0.3    0.9 	-0.0127383 	0.00769442 	0.0125107 	6.8137e-13 	-2.57503e-14 	2.09113e-13 	2.35256e-13 	-3.1438e-14 	8.82403e-13 	4.40584e-08 	9.98483e-09 	3.1367e-08 	2.31466e-09 	7.27157e-09 	2.30665e-08
0.3      0.3    0.3    0.3    0.3    0.99 	-0.0214716 	0.00755375 	-0.000481096 	1.05655e-12 	1.77032e-14 	9.48914e-13 	2.03244e-13 	-4.99756e-13 	2.07027e-12 	8.2219e-08 	-6.39527e-08 	4.87649e-08 	5.04212e-08 	-3.685e-08 	3.06976e-08
0.3      0.3    0.3    0.3    0.3    1.08 	-0.0214716 	0.00755375 	-0.000481096 	1.05655e-12 	1.77032e-14 	9.48914e-13 	2.03244e-13 	-4.99756e-13 	2.07027e-12 	8.2219e-08 	-6.39527e-08 	4.87649e-08 	5.04212e-08 	-3.685e-08 	3.06976e-08
0.3      0.3    0.3    0.3    0.3    1.17 	-0.0214716 	0.00755375 	-0.000481096 	1.05655e-12 	1.77032e-14 	9.48914e-13 	2.03244e-13 	-4.99756e-13 	2.07027e-12 	8.2219e-08 	-6.39527e-08 	4.87649e-08 	5.04212e-08 	-3.685e-08 	3.06976e-08
0.3      0.3    0.3    0.3    0.3    1.26 	-0.00732502 	0.00505026 	-0.00453718 	6.13246e-13 	4.31336e-14 	2.77657e-14 	2.58308e-13 	-1.22911e-13 	3.59712e-13 	4.2703e-08 	-1.31984e-08 	-9.10976e-08 	4.09649e-09 	2.81077e-08 	1.94491e-07
0.3      0.3    0.3    0.3    0.3    1.35 	-0.00732502 	0.00505026 	-0.00453718 	6.13246e-13 	4.31336e-14 	2.77657e-14 	2.58308e-13 	-1.22911e-13 	3.59712e-13 	4.2703e-08 	-1.31984e-08 	-9.10976e-08 	4.09649e-09 	2.81077e-08 	1.94491e-07
0.3      0.3    0.3    0.3    0.3    1.44 	-0.00080574 	-0.00971734 	0.00350483 	6.41904e-13 	-2.34474e-13 	1.99345e-14 	4.04297e-13 	-2.46268e-14 	3.66807e-13 	3.03955e-07 	-1.08309e-08 	-1.61635e-07 	1.94063e-09 	6.17924e-09 	8.60984e-08
0.3      0.3    0.3    0.3    0.3    1.53 	-0.00080574 	-0.00971734 	0.00350483 	6.41904e-13 	-2.34474e-13 	1.99345e-14 	4.04297e-13 	-2.46268e-14 	3.66807e-13 	3.03955e-07 	-1.08309e-08 	-1.61635e-07 	1.94063e-09 	6.17924e-09 	8.60984e-08
0.3      0.3    0.3    0.3    0.3    1.62 	-0.00544464 	-0.00396375 	0.0630284 	3.84601e-13 	-1.04878e-13 	7.15836e-14 	3.36872e-13 	-2.24788e-13 	9.5035e-13 	1.82861e-07 	-5.20388e-08 	-8.28016e-08 	1.68598e-08 	2.33869e-08 	3.75111e-08
0.3      0.3    0.3    0.3    0.3    1.71 	-0.00544464 	-0.00396375 	0.0630284 	3.84601e-13 	-1.04878e-13 	7.15836e-14 	3.36872e-13 	-2.24788e-13 	9.5035e-13 	1.82861e-07 	-5.20388e-08 	-8.28016e-08 	1.68598e-08 	2.33869e-08 	3.75111e-08
0.3      0.3    0.3    0.3    0.3    1.8 	-0.0176622 	0.00931229 	0.0127878 	4.67767e-13 	-3.74221e-14 	-9.55758e-14 	2.49102e-13 	-1.44767e-13 	1.08683e-12 	5.45883e-09 	2.76874e-09 	-6.24744e-09 	1.60621e-09 	-3.28886e-09 	7.30774e-09
0.3      0.3    0.3    0.3    0.3    1.89 	-0.0176622 	0.00931229 	0.0127878 	4.67767e-13 	-3.74221e-14 	-9.55758e-14 	2.49102e-13 	-1.44767e-13 	1.08683e-12 	5.45883e-09 	2.76874e-09 	-6.24744e-09 	1.60621e-09 	-3.28886e-09 	7.30774e-09
0.3      0.3    0.3    0.3    0.3    1.98 	-0.0092559 	0.00654751 	0.00112443 	6.51864e-13 	-1.16955e-13 	-4.07777e-13 	2.89085e-13 	3.57626e-13 	1.42974e-12 	4.84807e-10 	3.1525e-09 	8.15121e-09 	2.20661e-08 	5.65941e-08 	1.45767e-07
0.3      0.3    0.3    0.3    0.3    2.07 	-0.0092559 	0.00654751 	0.00112443 	6.51864e-13 	-1.16955e-13 	-4.07777e-13 	2.89085e-13 	3.57626e-13 	1.42974e-12 	4.84807e-10 	3.1525e-09 	8.15121e-09 	2.20661e-08 	5.65941e-08 	1.45767e-07
0.3      0.3    0.3    0.3    0.3    2.16 	-0.0260276 	-0.00192499 	-0.0198266 	9.74291e-13 	-3.28027e-13 	-3.64045e-13 	3.52458e-13 	1.98627e-13 	5.22941e-13 	1.07979e-08 	1.39491e-08 	2.15421e-08 	2.07526e-08 	3.33145e-08 	5.41297e-08
0.3      0.3    0.3    0.3    0.3    2.25 	-0.0260276 	-0.00192499 	-0.0198266 	9.74291e-13 	-3.28027e-13 	-3.64045e-13 	3.52458e-13 	1.98627e-13 	5.22941e-13 	1.07979e-08 	1.39491e-08 	2.15421e-08 	2.07526e-08 	3.33145e-08 	5.41297e-08
0.3      0.3    0.3    0.3    0.3    2.34 	-0.0260276 	-0.00192499 	-0.0198266 	9.74291e-13 	-3.28027e-13 	-3.64045e-13 	3.52458e-13 	1.98627e-13 	5.22941e-13 	1.07979e-08 	1.39491e-08 	2.15421e-08 	2.07526e-08 	3.33145e-08 	5.41297e-08
0.3      0.3    0.3    0.3    0.3    2.43 	-0.00779309 	-0.0012353 	-0.0302074 	1.36761e-12 	-1.91082e-13 	-3.8674e-13 	3.53791e-13 	-8.98358e-15 	4.28032e-13 	1.54999e-07 	-1.98292e-08 	-2.73241e-08 	3.18248e-09 	2.85527e-09 	5.45901e-09
0.3      0.3    0.3    0.3    0.3    2.52 	-0.00779309 	-0.0012353 	-0.0302074 	1.36761e-12 	-1.91082e-13 	-3.8674e-13 	3.53791e-13 	-8.98358e-15 	4.28032e-13 	1.54999e-07 	-1.98292e-08 	-2.73241e-08 	3.18248e-09 	2.85527e-09 	5.45901e-09
0.3      0.3    0.3    0.3    0.3    2.61 	0.0633546 	-0.0085601 	0.016629 	1.34308e-12 	5.49107e-13 	-5.55278e-13 	1.03878e-12 	-8.53568e-13 	1.44991e-12 	1.81273e-06 	-3.94683e-09 	-2.43624e-06 	3.98419e-10 	7.56148e-09 	3.29719e-06
0.3      0.3    0.3    0.3    0.3    2.7 	0.0633546 	-0.0085601 	0.016629 	1.34308e-12 	5.49107e-13 	-5.55278e-13 	1.03878e-12 	-8.53568e-13 	1.44991e-12 	1.81273e-06 	-3.94683e-09 	-2.43624e-06 	3.98419e-10 	7.56148e-09 	3.29719e-06
0.3      0.3    0.3    0.3    0.3    2.79 	-0.0194466 	0.00664487 	0.0257184 	1.03151e-12 	-2.333e-13 	1.71368e-13 	3.11152e-13 	-8.75944e-14 	4.02772e-13 	3.69431e-07 	-2.08042e-07 	5.35926e-07 	1.23273e-07 	-3.0596e-07 	7.80288e-07
0.3      0.3    0.3    0.3    0.3    2.88 	-0.0194466 	0.00664487 	0.0257184 	1.03151e-12 	-2.333e-13 	1.71368e-13 	3.11152e-13 	-8.75944e-14 	4.02772e-13 	3.69431e-07 	-2.08042e-07 	5.35926e-07 	1.23273e-07 	-3.0596e-07 	7.80288e-07
0.3      0.3    0.3    0.3    0.3    2.97 	-0.0091861 	0.00297886 	0.0299165 	5.40813e-13 	-1.11319e-13 	1.06191e-13 	1.78255e-13 	-6.29728e-14 	4.52829e-13 	2.58016e-09 	4.21736e-10 	1.71495e-09 	1.04647e-09 	4.28266e-10 	1.30639e-09
0.3      0.3    0.3    0.3    0.3    3.06 	-0.0091861 	0.00297886 	0.0299165 	5.40813e-13 	-1.11319e-13 	1.06191e-13 	1.78255e-13 	-6.29728e-14 	4.52829e-13 	2.58016e-09 	4.21736e-10 	1.71495e-09 	1.04647e-09 	4.28266e-10 	1.30639e-09
0.3      0.3    0.3    0.3    0.3    3.15 	-0.0373338 	0.0115871 	-0.0049229 	5.15534e-13 	-8.243e-14 	-2.49408e-13 	2.15169e-13 	-2.40424e-14 	4.312e-13 	3.81818e-08 	4.31075e-08 	-4.66423e-09 	5.94823e-08 	-1.36248e-08 	7.53998e-09
0.3      0.3    0.3    0.3    0.3    3.24 	-0.0373338 	0.0115871 	-0.0049229 	5.15534e-13 	-8.243e-14 	-2.49408e-13 	2.15169e-13 	-2.40424e-14 	4.312e-13 	3.81818e-08 	4.31075e-08 	-4.66423e-09 	5.94823e-08 	-1.36248e-08 	7.53998e-09
0.3      0.3    0.3    0.3    0.3    3.33 	-0.0397517 	-0.00105751 	0.0323162 	1.44129e-12 	-4.79829e-13 	3.75892e-13 	6.98718e-13 	-7.18534e-13 	1.54797e-12 	1.95479e-08 	5.87339e-09 	2.50684e-08 	1.86845e-09 	7.56928e-09 	3.27437e-08
0.3      0.3    0.3    0.3    0.3    3.42 	-0.0397517 	-0.00105751 	0.0323162 	1.44129e-12 	-4.79829e-13 	3.75892e-13 	6.98718e-13 	-7.18534e-13 	1.54797e-12 	1.95479e-08 	5.87339e-09 	2.50684e-08 	1.86845e-09 	7.56928e-09 	3.27437e-08
0.3      0.3    0.3    0.3    0.3    3.51 	-0.0397517 	-0.00105751 	0.0323162 	1.44129e-12 	-4.79829e-13 	3.75892e-13 	6.98718e-13 	-7.18534e-13 	1.54797e-12 	1.95479e-08 	5.87339e-09 	2.50684e-08 	1.86845e-09 	7.56928e-09 	3.27437e-08
0.3      0.3    0.3    0.3    0.3    3.6 	-0.0302413 	0.0046378 	0.0140351 	7.0937e-13 	-1.53882e-13 	-6.98023e-14 	3.06673e-13 	-1.58424e-13 	6.78589e-13 	3.36616e-08 	-5.41243e-08 	-2.67315e-08 	9.36436e-08 	4.29175e-08 	2.17671e-08
0.3      0.3    0.3    0.3    0.3    3.69 	-0.0302413 	0.0046378 	0.0140351 	7.0937e-13 	-1.53882e-13 	-6.98023e-14 	3.06673e-13 	-1.58424e-13 	6.78589e-13 	3.36616e-08 	-5.41243e-08 	-2.67315e-08 	9.36436e-08 	4.29175e-08 	2.17671e-08
0.3      0.3    0.3    0.3    0.3    3.78 	0.115937 	0.00503003 	0.00804951 	1.20055e-12 	-3.09427e-13 	2.95157e-13 	2.93088e-13 	-1.29699e-13 	2.96904e-13 	2.06865e-06 	-4.68271e-07 	4.68304e-07 	1.07221e-07 	-1.04303e-07 	1.12118e-07
0.3      0.3    0.3    0.3    0.3    3.87 	0.115937 	0.00503003 	0.00804951 	1.20055e-12 	-3.09427e-13 	2.95157e-13 	2.93088e-13 	-1.29699e-13 	2.96904e-13 	2.06865e-06 	-4.68271e-07 	4.68304e-07 	1.07221e-07 	-1.04303e-07 	1.12118e-07
0.3      0.3    0.3    0.3    0.3    3.96 	0.0907162 	-0.0147288 	0.0437729 	1.14137e-12 	-3.31907e-13 	2.3171e-13 	3.02936e-13 	-5.8291e-14 	3.42495e-13 	2.29996e-06 	-4.64393e-07 	4.13304e-07 	1.10268e-07 	-9.50769e-08 	8.24699e-08
0.3      0.3    0.3    0.3    0.3    4.05 	0.0907162 	-0.0147288 	0.0437729 	1.14137e-12 	-3.31907e-13 	2.3171e-13 	3.02936e-13 	-5.8291e-14 	3.42495e-13 	2.29996e-06 	-4.64393e-07 	4.13304e-07 	1.10268e-07 	-9.50769e-08 	8.24699e-08
0.3      0.3    0.3    0.3    0.3    4.14 	0.019102 	0.00375995 	-0.00653772 	4.83985e-13 	-2.07182e-14 	2.62486e-14 	1.82463e-13 	9.50318e-14 	3.37754e-13 	3.52878e-07 	-1.6591e-07 	-4.18187e-07 	7.87726e-08 	1.98869e-07 	5.03109e-07
0.3      0.3    0.3    0.3    0.3    4.23 	0.019102 	0.00375995 	-0.00653772 	4.83985e-13 	-2.07182e-14 	2.62486e-14 	1.82463e-13 	9.50318e-14 	3.37754e-13 	3.52878e-07 	-1.6591e-07 	-4.18187e-07 	7.87726e-08 	1.98869e-07 	5.03109e-07
0.3      0.3    0.3    0.3    0.3    4.32 	0.023334 	-0.00635827 	0.0786441 	7.74792e-13 	-2.11506e-13 	-1.61932e-13 	2.81837e-13 	1.37613e-13 	4.79186e-13 	4.00369e-08 	2.69841e-08 	-7.21587e-08 	2.04709e-08 	-5.29212e-08 	1.4144e-07
0.3      0.3    0.3    0.3    0.3    4.41 	0.023334 	-0.00635827 	0.0786441 	7.74792e-13 	-2.11506e-13 	-1.61932e-13 	2.81837e-13 	1.37613e-13 	4.79186e-13 	4.00369e-08 	2.69841e-08 	-7.21587e-08 	2.04709e-08 	-5.29212e-08 	1.4144e-07
0.3      0.3    0.3    0.3    0.3    4.5 	0.023334 	-0.00635827 	0.0786441 	7.74792e-13 	-2.11506e-13 	-1.61932e-13 	2.81837e-13 	1.37613e-13 	4.79186e-13 	4.00369e-08 	2.69841e-08 	-7.21587e-08 	2.04709e-08 	-5.29212e-08 	1.4144e-07
