0.01      0.01    0.01    0.01    0.01    0 	0.13064 	-0.0581299 	0.0118215 	8.83881e-13 	-3.7776e-13 	1.82081e-13 	2.65059e-13 	-4.01101e-14 	1.70889e-13 	2.97905e-08 	3.05384e-09 	9.72476e-09 	3.13051e-10 	9.9689e-10 	3.17453e-09
0.01      0.01    0.01    0.01    0.01    0.09 	0.13064 	-0.0581299 	0.0118215 	8.83881e-13 	-3.7776e-13 	1.82081e-13 	2.65059e-13 	-4.01101e-14 	1.70889e-13 	2.97905e-08 	3.05384e-09 	9.72476e-09 	3.13051e-10 	9.9689e-10 	3.17453e-09
0.01      0.01    0.01    0.01    0.01    0.18 	0.13064 	-0.0581299 	0.0118215 	8.83881e-13 	-3.7776e-13 	1.82081e-13 	2.65059e-13 	-4.01101e-14 	1.70889e-13 	2.97905e-08 	3.05384e-09 	9.72476e-09 	3.13051e-10 	9.9689e-10 	3.17453e-09
0.01      0.01    0.01    0.01    0.01    0.27 	0.162797 	-0.0485769 	-0.0472099 	6.97564e-13 	-3.20599e-13 	-6.72219e-14 	2.35388e-13 	-4.57742e-15 	1.64294e-13 	2.74158e-09 	4.35814e-10 	1.54883e-10 	6.92791e-11 	2.4621e-11 	8.75002e-12
0.01      0.01    0.01    0.01    0.01    0.36 	0.162797 	-0.0485769 	-0.0472099 	6.97564e-13 	-3.20599e-13 	-6.72219e-14 	2.35388e-13 	-4.57742e-15 	1.64294e-13 	2.74158e-09 	4.35814e-10 	1.54883e-10 	6.92791e-11 	2.4621e-11 	8.75002e-12
0.01      0.01    0.01    0.01    0.01    0.45 	0.0532698 	-0.0192495 	-0.00751568 	4.98012e-13 	-2.12625e-13 	4.71774e-14 	2.36135e-13 	-2.55786e-14 	1.73239e-13 	2.65502e-09 	1.47519e-09 	1.08696e-09 	8.19653e-10 	6.03943e-10 	4.45002e-10
0.01      0.01    0.01    0.01    0.01    0.54 	0.0532698 	-0.0192495 	-0.00751568 	4.98012e-13 	-2.12625e-13 	4.71774e-14 	2.36135e-13 	-2.55786e-14 	1.73239e-13 	2.65502e-09 	1.47519e-09 	1.08696e-09 	8.19653e-10 	6.03943e-10 	4.45002e-10
0.01      0.01    0.01    0.01    0.01    0.63 	0.0979503 	-0.0268506 	-0.0325459 	7.0374e-13 	-3.8345e-13 	9.31411e-14 	3.14981e-13 	-4.35321e-14 	2.10324e-13 	1.135e-08 	2.10255e-09 	2.12767e-09 	3.89491e-10 	3.94144e-10 	3.98852e-10
0.01      0.01    0.01    0.01    0.01    0.72 	0.0979503 	-0.0268506 	-0.0325459 	7.0374e-13 	-3.8345e-13 	9.31411e-14 	3.14981e-13 	-4.35321e-14 	2.10324e-13 	1.135e-08 	2.10255e-09 	2.12767e-09 	3.89491e-10 	3.94144e-10 	3.98852e-10
0.01      0.01    0.01    0.01    0.01    0.81 	0.0768663 	-0.00615675 	0.00189466 	1.10631e-12 	-5.7998e-13 	-1.70788e-13 	4.69845e-13 	4.36999e-14 	1.38094e-13 	1.87896e-08 	-3.23864e-09 	2.45253e-09 	5.58223e-10 	-4.22726e-10 	3.20119e-10
0.01      0.01    0.01    0.01    0.01    0.9 	0.0768663 	-0.00615675 	0.00189466 	1.10631e-12 	-5.7998e-13 	-1.70788e-13 	4.69845e-13 	4.36999e-14 	1.38094e-13 	1.87896e-08 	-3.23864e-09 	2.45253e-09 	5.58223e-10 	-4.22726e-10 	3.20119e-10
0.01      0.01    0.01    0.01    0.01    0.99 	0.115031 	0.0140924 	0.0174574 	1.33291e-12 	-5.46117e-13 	-1.80344e-13 	3.01057e-13 	-8.94774e-15 	1.59465e-13 	7.46987e-09 	4.11466e-09 	-3.23338e-09 	2.2665e-09 	-1.78106e-09 	1.39959e-09
0.01      0.01    0.01    0.01    0.01    1.08 	0.115031 	0.0140924 	0.0174574 	1.33291e-12 	-5.46117e-13 	-1.80344e-13 	3.01057e-13 	-8.94774e-15 	1.59465e-13 	7.46987e-09 	4.11466e-09 	-3.23338e-09 	2.2665e-09 	-1.78106e-09 	1.39959e-09
0.01      0.01    0.01    0.01    0.01    1.17 	0.115031 	0.0140924 	0.0174574 	1.33291e-12 	-5.46117e-13 	-1.80344e-13 	3.01057e-13 	-8.94774e-15 	1.59465e-13 	7.46987e-09 	4.11466e-09 	-3.23338e-09 	2.2665e-09 	-1.78106e-09 	1.39959e-09
0.01      0.01    0.01    0.01    0.01    1.26 	0.0170001 	0.0479611 	0.0277077 	6.15879e-13 	-1.21778e-13 	6.7171e-14 	1.54993e-13 	6.3677e-15 	2.11327e-13 	8.53854e-10 	-3.2785e-10 	-2.44334e-10 	1.25883e-10 	9.38158e-11 	6.99175e-11
0.01      0.01    0.01    0.01    0.01    1.35 	0.0170001 	0.0479611 	0.0277077 	6.15879e-13 	-1.21778e-13 	6.7171e-14 	1.54993e-13 	6.3677e-15 	2.11327e-13 	8.53854e-10 	-3.2785e-10 	-2.44334e-10 	1.25883e-10 	9.38158e-11 	6.99175e-11
0.01      0.01    0.01    0.01    0.01    1.44 	0.0632117 	0.0338904 	-0.0148802 	8.14979e-13 	-3.11787e-13 	5.44122e-14 	2.92728e-13 	-1.85186e-14 	1.70093e-13 	1.17262e-09 	-9.32205e-11 	-4.75594e-10 	7.41082e-12 	3.78086e-11 	1.92893e-10
0.01      0.01    0.01    0.01    0.01    1.53 	0.0632117 	0.0338904 	-0.0148802 	8.14979e-13 	-3.11787e-13 	5.44122e-14 	2.92728e-13 	-1.85186e-14 	1.70093e-13 	1.17262e-09 	-9.32205e-11 	-4.75594e-10 	7.41082e-12 	3.78086e-11 	1.92893e-10
0.01      0.01    0.01    0.01    0.01    1.62 	0.0668422 	0.0356929 	0.0525025 	8.26184e-13 	-2.64017e-13 	-1.43911e-13 	2.2947e-13 	3.52888e-14 	2.2174e-13 	5.75099e-09 	1.39734e-09 	-4.51492e-09 	3.39515e-10 	-1.097e-09 	3.54452e-09
0.01      0.01    0.01    0.01    0.01    1.71 	0.0668422 	0.0356929 	0.0525025 	8.26184e-13 	-2.64017e-13 	-1.43911e-13 	2.2947e-13 	3.52888e-14 	2.2174e-13 	5.75099e-09 	1.39734e-09 	-4.51492e-09 	3.39515e-10 	-1.097e-09 	3.54452e-09
0.01      0.01    0.01    0.01    0.01    1.8 	0.0709208 	0.00915025 	0.0395907 	5.93035e-13 	-1.62092e-13 	9.6219e-14 	1.52197e-13 	-1.84916e-14 	2.28814e-13 	2.56937e-12 	3.576e-11 	3.88028e-11 	4.97699e-10 	5.40048e-10 	5.86001e-10
0.01      0.01    0.01    0.01    0.01    1.89 	0.0709208 	0.00915025 	0.0395907 	5.93035e-13 	-1.62092e-13 	9.6219e-14 	1.52197e-13 	-1.84916e-14 	2.28814e-13 	2.56937e-12 	3.576e-11 	3.88028e-11 	4.97699e-10 	5.40048e-10 	5.86001e-10
0.01      0.01    0.01    0.01    0.01    1.98 	0.0594773 	0.0326848 	0.0574402 	5.03739e-13 	-1.48588e-13 	2.33285e-14 	1.35014e-13 	-3.86098e-15 	2.28091e-13 	1.02621e-09 	-1.9588e-09 	-5.99481e-10 	3.73888e-09 	1.14427e-09 	3.50199e-10
0.01      0.01    0.01    0.01    0.01    2.07 	0.0594773 	0.0326848 	0.0574402 	5.03739e-13 	-1.48588e-13 	2.33285e-14 	1.35014e-13 	-3.86098e-15 	2.28091e-13 	1.02621e-09 	-1.9588e-09 	-5.99481e-10 	3.73888e-09 	1.14427e-09 	3.50199e-10
0.01      0.01    0.01    0.01    0.01    2.16 	0.0588546 	-0.0143062 	-0.00741563 	3.80861e-13 	-1.36385e-13 	-1.88078e-16 	1.47017e-13 	4.15111e-14 	2.522e-13 	3.92013e-10 	8.22252e-11 	1.06541e-09 	1.72468e-11 	2.23471e-10 	2.89555e-09
0.01      0.01    0.01    0.01    0.01    2.25 	0.0588546 	-0.0143062 	-0.00741563 	3.80861e-13 	-1.36385e-13 	-1.88078e-16 	1.47017e-13 	4.15111e-14 	2.522e-13 	3.92013e-10 	8.22252e-11 	1.06541e-09 	1.72468e-11 	2.23471e-10 	2.89555e-09
0.01      0.01    0.01    0.01    0.01    2.34 	0.0588546 	-0.0143062 	-0.00741563 	3.80861e-13 	-1.36385e-13 	-1.88078e-16 	1.47017e-13 	4.15111e-14 	2.522e-13 	3.92013e-10 	8.22252e-11 	1.06541e-09 	1.72468e-11 	2.23471e-10 	2.89555e-09
0.01      0.01    0.01    0.01    0.01    2.43 	0.0822668 	-0.0579328 	-0.0267075 	3.54676e-13 	-1.49195e-13 	1.01377e-14 	1.92995e-13 	-1.50918e-14 	1.97901e-13 	4.0322e-09 	-2.49631e-09 	1.16234e-10 	1.54545e-09 	-7.19598e-11 	3.35063e-12
0.01      0.01    0.01    0.01    0.01    2.52 	0.0822668 	-0.0579328 	-0.0267075 	3.54676e-13 	-1.49195e-13 	1.01377e-14 	1.92995e-13 	-1.50918e-14 	1.97901e-13 	4.0322e-09 	-2.49631e-09 	1.16234e-10 	1.54545e-09 	-7.19598e-11 	3.35063e-12
0.01      0.01    0.01    0.01    0.01    2.61 	0.0951606 	0.0170446 	-0.0489033 	8.37755e-13 	-2.89017e-13 	5.85621e-14 	2.58863e-13 	2.23564e-14 	2.76062e-13 	1.22761e-08 	-1.0124e-08 	6.14971e-09 	8.34914e-09 	-5.0716e-09 	3.08069e-09
0.01      0.01    0.01    0.01    0.01    2.7 	0.0951606 	0.0170446 	-0.0489033 	8.37755e-13 	-2.89017e-13 	5.85621e-14 	2.58863e-13 	2.23564e-14 	2.76062e-13 	1.22761e-08 	-1.0124e-08 	6.14971e-09 	8.34914e-09 	-5.0716e-09 	3.08069e-09
0.01      0.01    0.01    0.01    0.01    2.79 	0.130905 	-0.0480341 	-0.00138816 	1.10794e-12 	-2.68511e-13 	1.2993e-13 	2.74558e-13 	-1.68835e-14 	2.52706e-13 	2.24991e-09 	1.09067e-09 	2.85126e-09 	5.28717e-10 	1.38218e-09 	3.61333e-09
0.01      0.01    0.01    0.01    0.01    2.88 	0.130905 	-0.0480341 	-0.00138816 	1.10794e-12 	-2.68511e-13 	1.2993e-13 	2.74558e-13 	-1.68835e-14 	2.52706e-13 	2.24991e-09 	1.09067e-09 	2.85126e-09 	5.28717e-10 	1.38218e-09 	3.61333e-09
0.01      0.01    0.01    0.01    0.01    2.97 	0.0873316 	0.0113082 	0.0215601 	6.83475e-13 	-1.61598e-13 	-2.97552e-14 	2.12248e-13 	5.14865e-14 	2.14938e-13 	2.02625e-12 	-2.39948e-11 	5.93501e-11 	2.84145e-10 	-7.02822e-10 	1.7384e-09
0.01      0.01    0.01    0.01    0.01    3.06 	0.0873316 	0.0113082 	0.0215601 	6.83475e-13 	-1.61598e-13 	-2.97552e-14 	2.12248e-13 	5.14865e-14 	2.14938e-13 	2.02625e-12 	-2.39948e-11 	5.93501e-11 	2.84145e-10 	-7.02822e-10 	1.7384e-09
0.01      0.01    0.01    0.01    0.01    3.15 	0.0999944 	-0.0666893 	0.0345472 	5.05721e-13 	-1.62975e-13 	-2.47224e-14 	2.1942e-13 	3.37267e-14 	2.0377e-13 	8.76198e-10 	3.8836e-10 	-1.51481e-09 	1.72134e-10 	-6.71416e-10 	2.61889e-09
0.01      0.01    0.01    0.01    0.01    3.24 	0.0999944 	-0.0666893 	0.0345472 	5.05721e-13 	-1.62975e-13 	-2.47224e-14 	2.1942e-13 	3.37267e-14 	2.0377e-13 	8.76198e-10 	3.8836e-10 	-1.51481e-09 	1.72134e-10 	-6.71416e-10 	2.61889e-09
0.01      0.01    0.01    0.01    0.01    3.33 	0.152167 	-0.0447885 	0.0665592 	5.15896e-13 	-1.4367e-13 	5.98737e-14 	1.61362e-13 	-1.01225e-14 	2.19576e-13 	2.91053e-09 	-2.33649e-10 	-9.89252e-10 	1.87567e-11 	7.94143e-11 	3.36234e-10
0.01      0.01    0.01    0.01    0.01    3.42 	0.152167 	-0.0447885 	0.0665592 	5.15896e-13 	-1.4367e-13 	5.98737e-14 	1.61362e-13 	-1.01225e-14 	2.19576e-13 	2.91053e-09 	-2.33649e-10 	-9.89252e-10 	1.87567e-11 	7.94143e-11 	3.36234e-10
0.01      0.01    0.01    0.01    0.01    3.51 	0.152167 	-0.0447885 	0.0665592 	5.15896e-13 	-1.4367e-13 	5.98737e-14 	1.61362e-13 	-1.01225e-14 	2.19576e-13 	2.91053e-09 	-2.33649e-10 	-9.89252e-10 	1.87567e-11 	7.94143e-11 	3.36234e-10
0.01      0.01    0.01    0.01    0.01    3.6 	0.0931677 	-0.00163584 	0.0278181 	4.58971e-13 	-1.61525e-13 	1.65873e-14 	1.36938e-13 	-2.16297e-14 	1.96276e-13 	2.26482e-10 	-6.39489e-10 	-8.49983e-10 	1.80564e-09 	2.39999e-09 	3.18997e-09
0.01      0.01    0.01    0.01    0.01    3.69 	0.0931677 	-0.00163584 	0.0278181 	4.58971e-13 	-1.61525e-13 	1.65873e-14 	1.36938e-13 	-2.16297e-14 	1.96276e-13 	2.26482e-10 	-6.39489e-10 	-8.49983e-10 	1.80564e-09 	2.39999e-09 	3.18997e-09
0.01      0.01    0.01    0.01    0.01    3.78 	0.119412 	-0.025548 	-0.00518613 	6.71018e-13 	-2.19577e-13 	7.46803e-14 	2.36621e-13 	-4.21508e-14 	1.91873e-13 	7.92209e-10 	1.49372e-10 	-1.60035e-09 	2.81643e-11 	-3.01749e-10 	3.2329e-09
0.01      0.01    0.01    0.01    0.01    3.87 	0.119412 	-0.025548 	-0.00518613 	6.71018e-13 	-2.19577e-13 	7.46803e-14 	2.36621e-13 	-4.21508e-14 	1.91873e-13 	7.92209e-10 	1.49372e-10 	-1.60035e-09 	2.81643e-11 	-3.01749e-10 	3.2329e-09
0.01      0.01    0.01    0.01    0.01    3.96 	0.0788188 	0.0225042 	0.0327237 	5.51338e-13 	-1.72516e-13 	1.50566e-14 	1.7945e-13 	6.42601e-15 	2.34736e-13 	1.47273e-09 	-1.12465e-10 	-2.17998e-09 	8.58839e-12 	1.66474e-10 	3.22687e-09
0.01      0.01    0.01    0.01    0.01    4.05 	0.0788188 	0.0225042 	0.0327237 	5.51338e-13 	-1.72516e-13 	1.50566e-14 	1.7945e-13 	6.42601e-15 	2.34736e-13 	1.47273e-09 	-1.12465e-10 	-2.17998e-09 	8.58839e-12 	1.66474e-10 	3.22687e-09
0.01      0.01    0.01    0.01    0.01    4.14 	0.133742 	-0.0222207 	0.00897388 	8.25002e-13 	-2.44945e-13 	1.6201e-13 	1.88534e-13 	-9.5292e-15 	2.57929e-13 	1.06731e-08 	-3.57967e-09 	-1.62261e-08 	1.20059e-09 	5.44209e-09 	2.46682e-08
0.01      0.01    0.01    0.01    0.01    4.23 	0.133742 	-0.0222207 	0.00897388 	8.25002e-13 	-2.44945e-13 	1.6201e-13 	1.88534e-13 	-9.5292e-15 	2.57929e-13 	1.06731e-08 	-3.57967e-09 	-1.62261e-08 	1.20059e-09 	5.44209e-09 	2.46682e-08
0.01      0.01    0.01    0.01    0.01    4.32 	0.152427 	-0.0534466 	-0.0294052 	1.2156e-12 	-3.99762e-13 	6.15404e-14 	3.15309e-13 	3.13482e-15 	1.35967e-13 	1.18183e-08 	-4.68957e-09 	-8.74263e-10 	1.86085e-09 	3.46913e-10 	6.46739e-11
0.01      0.01    0.01    0.01    0.01    4.41 	0.152427 	-0.0534466 	-0.0294052 	1.2156e-12 	-3.99762e-13 	6.15404e-14 	3.15309e-13 	3.13482e-15 	1.35967e-13 	1.18183e-08 	-4.68957e-09 	-8.74263e-10 	1.86085e-09 	3.46913e-10 	6.46739e-11
0.01      0.01    0.01    0.01    0.01    4.5 	0.152427 	-0.0534466 	-0.0294052 	1.2156e-12 	-3.99762e-13 	6.15404e-14 	3.15309e-13 	3.13482e-15 	1.35967e-13 	1.18183e-08 	-4.68957e-09 	-8.74263e-10 	1.86085e-09 	3.46913e-10 	6.46739e-11
0.02      0.02    0.02    0.02    0.02    0 	0.129942 	-0.0582025 	0.0115887 	8.81219e-13 	-3.76384e-13 	1.81742e-13 	2.6432e-13 	-3.99384e-14 	1.70751e-13 	1.5171e-07 	1.5716e-08 	5.03169e-08 	1.62809e-09 	5.21256e-09 	1.66888e-08
0.02      0.02    0.02    0.02    0.02    0.09 	0.129942 	-0.0582025 	0.0115887 	8.81219e-13 	-3.76384e-13 	1.81742e-13 	2.6432e-13 	-3.99384e-14 	1.70751e-13 	1.5171e-07 	1.5716e-08 	5.03169e-08 	1.62809e-09 	5.21256e-09 	1.66888e-08
0.02      0.02    0.02    0.02    0.02    0.18 	0.129942 	-0.0582025 	0.0115887 	8.81219e-13 	-3.76384e-13 	1.81742e-13 	2.6432e-13 	-3.99384e-14 	1.70751e-13 	1.5171e-07 	1.5716e-08 	5.03169e-08 	1.62809e-09 	5.21256e-09 	1.66888e-08
0.02      0.02    0.02    0.02    0.02    0.27 	0.162566 	-0.048609 	-0.0472352 	6.9661e-13 	-3.19755e-13 	-6.63679e-14 	2.35007e-13 	-4.74378e-15 	1.64259e-13 	1.57382e-08 	2.28507e-09 	1.47768e-09 	3.32328e-10 	2.13256e-10 	1.4185e-10
0.02      0.02    0.02    0.02    0.02    0.36 	0.162566 	-0.048609 	-0.0472352 	6.9661e-13 	-3.19755e-13 	-6.63679e-14 	2.35007e-13 	-4.74378e-15 	1.64259e-13 	1.57382e-08 	2.28507e-09 	1.47768e-09 	3.32328e-10 	2.13256e-10 	1.4185e-10
0.02      0.02    0.02    0.02    0.02    0.45 	0.0530737 	-0.0193684 	-0.0076053 	4.98131e-13 	-2.1277e-13 	4.71594e-14 	2.36316e-13 	-2.5553e-14 	1.73167e-13 	1.24611e-08 	7.35212e-09 	5.49218e-09 	4.33992e-09 	3.24259e-09 	2.42301e-09
0.02      0.02    0.02    0.02    0.02    0.54 	0.0530737 	-0.0193684 	-0.0076053 	4.98131e-13 	-2.1277e-13 	4.71594e-14 	2.36316e-13 	-2.5553e-14 	1.73167e-13 	1.24611e-08 	7.35212e-09 	5.49218e-09 	4.33992e-09 	3.24259e-09 	2.42301e-09
0.02      0.02    0.02    0.02    0.02    0.63 	0.0975233 	-0.0269262 	-0.0326157 	7.03082e-13 	-3.8329e-13 	9.34349e-14 	3.15e-13 	-4.36109e-14 	2.10356e-13 	5.71871e-08 	1.01937e-08 	9.82842e-09 	1.81828e-09 	1.75107e-09 	1.69328e-09
0.02      0.02    0.02    0.02    0.02    0.72 	0.0975233 	-0.0269262 	-0.0326157 	7.03082e-13 	-3.8329e-13 	9.34349e-14 	3.15e-13 	-4.36109e-14 	2.10356e-13 	5.71871e-08 	1.01937e-08 	9.82842e-09 	1.81828e-09 	1.75107e-09 	1.69328e-09
0.02      0.02    0.02    0.02    0.02    0.81 	0.0774245 	-0.00626172 	0.0019744 	1.10539e-12 	-5.79279e-13 	-1.71563e-13 	4.69563e-13 	4.39029e-14 	1.38216e-13 	9.689e-08 	-1.77424e-08 	1.34737e-08 	3.25065e-09 	-2.46856e-09 	1.87464e-09
0.02      0.02    0.02    0.02    0.02    0.9 	0.0774245 	-0.00626172 	0.0019744 	1.10539e-12 	-5.79279e-13 	-1.71563e-13 	4.69563e-13 	4.39029e-14 	1.38216e-13 	9.689e-08 	-1.77424e-08 	1.34737e-08 	3.25065e-09 	-2.46856e-09 	1.87464e-09
0.02      0.02    0.02    0.02    0.02    0.99 	0.114651 	0.0139017 	0.0176083 	1.33302e-12 	-5.46784e-13 	-1.81385e-13 	3.01517e-13 	-8.66505e-15 	1.59255e-13 	4.28948e-08 	2.2069e-08 	-1.75168e-08 	1.136e-08 	-9.0171e-09 	7.15997e-09
0.02      0.02    0.02    0.02    0.02    1.08 	0.114651 	0.0139017 	0.0176083 	1.33302e-12 	-5.46784e-13 	-1.81385e-13 	3.01517e-13 	-8.66505e-15 	1.59255e-13 	4.28948e-08 	2.2069e-08 	-1.75168e-08 	1.136e-08 	-9.0171e-09 	7.15997e-09
0.02      0.02    0.02    0.02    0.02    1.17 	0.114651 	0.0139017 	0.0176083 	1.33302e-12 	-5.46784e-13 	-1.81385e-13 	3.01517e-13 	-8.66505e-15 	1.59255e-13 	4.28948e-08 	2.2069e-08 	-1.75168e-08 	1.136e-08 	-9.0171e-09 	7.15997e-09
0.02      0.02    0.02    0.02    0.02    1.26 	0.0171101 	0.0479032 	0.027681 	6.17274e-13 	-1.22622e-13 	6.67446e-14 	1.55053e-13 	6.33542e-15 	2.11212e-13 	3.93033e-09 	-1.88113e-09 	-1.01795e-09 	9.06522e-10 	4.84996e-10 	2.64508e-10
0.02      0.02    0.02    0.02    0.02    1.35 	0.0171101 	0.0479032 	0.027681 	6.17274e-13 	-1.22622e-13 	6.67446e-14 	1.55053e-13 	6.33542e-15 	2.11212e-13 	3.93033e-09 	-1.88113e-09 	-1.01795e-09 	9.06522e-10 	4.84996e-10 	2.64508e-10
0.02      0.02    0.02    0.02    0.02    1.44 	0.0633552 	0.0338687 	-0.0149335 	8.15489e-13 	-3.12127e-13 	5.47468e-14 	2.92643e-13 	-1.86028e-14 	1.70148e-13 	6.31176e-09 	-8.12188e-10 	-2.41215e-09 	1.06882e-10 	3.09248e-10 	9.22395e-10
0.02      0.02    0.02    0.02    0.02    1.53 	0.0633552 	0.0338687 	-0.0149335 	8.15489e-13 	-3.12127e-13 	5.47468e-14 	2.92643e-13 	-1.86028e-14 	1.70148e-13 	6.31176e-09 	-8.12188e-10 	-2.41215e-09 	1.06882e-10 	3.09248e-10 	9.22395e-10
0.02      0.02    0.02    0.02    0.02    1.62 	0.0671473 	0.0357751 	0.0522631 	8.27429e-13 	-2.64594e-13 	-1.44768e-13 	2.29791e-13 	3.54064e-14 	2.21937e-13 	2.91302e-08 	7.61775e-09 	-2.27914e-08 	1.99335e-09 	-5.96054e-09 	1.78342e-08
0.02      0.02    0.02    0.02    0.02    1.71 	0.0671473 	0.0357751 	0.0522631 	8.27429e-13 	-2.64594e-13 	-1.44768e-13 	2.29791e-13 	3.54064e-14 	2.21937e-13 	2.91302e-08 	7.61775e-09 	-2.27914e-08 	1.99335e-09 	-5.96054e-09 	1.78342e-08
0.02      0.02    0.02    0.02    0.02    1.8 	0.0709429 	0.00924286 	0.0396774 	5.937e-13 	-1.6229e-13 	9.57889e-14 	1.52365e-13 	-1.83754e-14 	2.28728e-13 	9.56184e-11 	4.8514e-10 	4.71534e-10 	2.62503e-09 	2.57737e-09 	2.53454e-09
0.02      0.02    0.02    0.02    0.02    1.89 	0.0709429 	0.00924286 	0.0396774 	5.937e-13 	-1.6229e-13 	9.57889e-14 	1.52365e-13 	-1.83754e-14 	2.28728e-13 	9.56184e-11 	4.8514e-10 	4.71534e-10 	2.62503e-09 	2.57737e-09 	2.53454e-09
0.02      0.02    0.02    0.02    0.02    1.98 	0.0593494 	0.0329481 	0.0575147 	5.04001e-13 	-1.48652e-13 	2.33153e-14 	1.35018e-13 	-3.87683e-15 	2.28129e-13 	5.1201e-09 	-1.03045e-08 	-2.99016e-09 	2.0746e-08 	6.01772e-09 	1.74627e-09
0.02      0.02    0.02    0.02    0.02    2.07 	0.0593494 	0.0329481 	0.0575147 	5.04001e-13 	-1.48652e-13 	2.33153e-14 	1.35018e-13 	-3.87683e-15 	2.28129e-13 	5.1201e-09 	-1.03045e-08 	-2.99016e-09 	2.0746e-08 	6.01772e-09 	1.74627e-09
0.02      0.02    0.02    0.02    0.02    2.16 	0.0589485 	-0.0142715 	-0.00719827 	3.81199e-13 	-1.36282e-13 	8.08056e-17 	1.46891e-13 	4.14611e-14 	2.52221e-13 	2.51127e-09 	8.18353e-10 	6.05373e-09 	2.70706e-10 	1.96507e-09 	1.46133e-08
0.02      0.02    0.02    0.02    0.02    2.25 	0.0589485 	-0.0142715 	-0.00719827 	3.81199e-13 	-1.36282e-13 	8.08056e-17 	1.46891e-13 	4.14611e-14 	2.52221e-13 	2.51127e-09 	8.18353e-10 	6.05373e-09 	2.70706e-10 	1.96507e-09 	1.46133e-08
0.02      0.02    0.02    0.02    0.02    2.34 	0.0589485 	-0.0142715 	-0.00719827 	3.81199e-13 	-1.36282e-13 	8.08056e-17 	1.46891e-13 	4.14611e-14 	2.52221e-13 	2.51127e-09 	8.18353e-10 	6.05373e-09 	2.70706e-10 	1.96507e-09 	1.46133e-08
0.02      0.02    0.02    0.02    0.02    2.43 	0.0820119 	-0.0577471 	-0.0267205 	3.54576e-13 	-1.49026e-13 	1.01701e-14 	1.92833e-13 	-1.50661e-14 	1.98013e-13 	2.02843e-08 	-1.40728e-08 	8.94859e-10 	9.78072e-09 	-6.24428e-10 	4.02251e-11
0.02      0.02    0.02    0.02    0.02    2.52 	0.0820119 	-0.0577471 	-0.0267205 	3.54576e-13 	-1.49026e-13 	1.01701e-14 	1.92833e-13 	-1.50661e-14 	1.98013e-13 	2.02843e-08 	-1.40728e-08 	8.94859e-10 	9.78072e-09 	-6.24428e-10 	4.02251e-11
0.02      0.02    0.02    0.02    0.02    2.61 	0.0956081 	0.0166689 	-0.0486817 	8.38928e-13 	-2.89683e-13 	5.86397e-14 	2.59301e-13 	2.24138e-14 	2.76196e-13 	6.22386e-08 	-5.20116e-08 	3.0941e-08 	4.3466e-08 	-2.58566e-08 	1.5382e-08
0.02      0.02    0.02    0.02    0.02    2.7 	0.0956081 	0.0166689 	-0.0486817 	8.38928e-13 	-2.89683e-13 	5.86397e-14 	2.59301e-13 	2.24138e-14 	2.76196e-13 	6.22386e-08 	-5.20116e-08 	3.0941e-08 	4.3466e-08 	-2.58566e-08 	1.5382e-08
0.02      0.02    0.02    0.02    0.02    2.79 	0.131106 	-0.0479392 	-0.001156 	1.1084e-12 	-2.68303e-13 	1.29789e-13 	2.74394e-13 	-1.6811e-14 	2.52622e-13 	1.21173e-08 	5.7766e-09 	1.44355e-08 	2.75427e-09 	6.88423e-09 	1.7213e-08
0.02      0.02    0.02    0.02    0.02    2.88 	0.131106 	-0.0479392 	-0.001156 	1.1084e-12 	-2.68303e-13 	1.29789e-13 	2.74394e-13 	-1.6811e-14 	2.52622e-13 	1.21173e-08 	5.7766e-09 	1.44355e-08 	2.75427e-09 	6.88423e-09 	1.7213e-08
0.02      0.02    0.02    0.02    0.02    2.97 	0.0873271 	0.0113733 	0.0213857 	6.83552e-13 	-1.61532e-13 	-3.00346e-14 	2.12158e-13 	5.15779e-14 	2.15109e-13 	8.81784e-12 	-1.06004e-10 	2.77746e-10 	1.34355e-09 	-3.52014e-09 	9.22628e-09
0.02      0.02    0.02    0.02    0.02    3.06 	0.0873271 	0.0113733 	0.0213857 	6.83552e-13 	-1.61532e-13 	-3.00346e-14 	2.12158e-13 	5.15779e-14 	2.15109e-13 	8.81784e-12 	-1.06004e-10 	2.77746e-10 	1.34355e-09 	-3.52014e-09 	9.22628e-09
0.02      0.02    0.02    0.02    0.02    3.15 	0.100112 	-0.0666222 	0.0343426 	5.06224e-13 	-1.63016e-13 	-2.50938e-14 	2.19591e-13 	3.38857e-14 	2.03697e-13 	4.37452e-09 	2.28614e-09 	-7.57186e-09 	1.20594e-09 	-3.96116e-09 	1.31081e-08
0.02      0.02    0.02    0.02    0.02    3.24 	0.100112 	-0.0666222 	0.0343426 	5.06224e-13 	-1.63016e-13 	-2.50938e-14 	2.19591e-13 	3.38857e-14 	2.03697e-13 	4.37452e-09 	2.28614e-09 	-7.57186e-09 	1.20594e-09 	-3.96116e-09 	1.31081e-08
0.02      0.02    0.02    0.02    0.02    3.33 	0.152377 	-0.0448043 	0.0664911 	5.16019e-13 	-1.43432e-13 	5.93247e-14 	1.61282e-13 	-9.89841e-15 	2.1956e-13 	1.40827e-08 	-1.09623e-09 	-4.64806e-09 	8.5766e-11 	3.62451e-10 	1.53511e-09
0.02      0.02    0.02    0.02    0.02    3.42 	0.152377 	-0.0448043 	0.0664911 	5.16019e-13 	-1.43432e-13 	5.93247e-14 	1.61282e-13 	-9.89841e-15 	2.1956e-13 	1.40827e-08 	-1.09623e-09 	-4.64806e-09 	8.5766e-11 	3.62451e-10 	1.53511e-09
0.02      0.02    0.02    0.02    0.02    3.51 	0.152377 	-0.0448043 	0.0664911 	5.16019e-13 	-1.43432e-13 	5.93247e-14 	1.61282e-13 	-9.89841e-15 	2.1956e-13 	1.40827e-08 	-1.09623e-09 	-4.64806e-09 	8.5766e-11 	3.62451e-10 	1.53511e-09
0.02      0.02    0.02    0.02    0.02    3.6 	0.0931345 	-0.00146923 	0.0280561 	4.58113e-13 	-1.61298e-13 	1.65904e-14 	1.36911e-13 	-2.17093e-14 	1.96486e-13 	5.52137e-10 	-2.18382e-09 	-3.03716e-09 	8.84557e-09 	1.23394e-08 	1.72208e-08
0.02      0.02    0.02    0.02    0.02    3.69 	0.0931345 	-0.00146923 	0.0280561 	4.58113e-13 	-1.61298e-13 	1.65904e-14 	1.36911e-13 	-2.17093e-14 	1.96486e-13 	5.52137e-10 	-2.18382e-09 	-3.03716e-09 	8.84557e-09 	1.23394e-08 	1.72208e-08
0.02      0.02    0.02    0.02    0.02    3.78 	0.119288 	-0.025562 	-0.00495477 	6.71051e-13 	-2.19572e-13 	7.46371e-14 	2.36676e-13 	-4.21876e-14 	1.91941e-13 	4.53563e-09 	6.20028e-10 	-8.6796e-09 	8.77873e-11 	-1.19297e-09 	1.66235e-08
0.02      0.02    0.02    0.02    0.02    3.87 	0.119288 	-0.025562 	-0.00495477 	6.71051e-13 	-2.19572e-13 	7.46371e-14 	2.36676e-13 	-4.21876e-14 	1.91941e-13 	4.53563e-09 	6.20028e-10 	-8.6796e-09 	8.77873e-11 	-1.19297e-09 	1.66235e-08
0.02      0.02    0.02    0.02    0.02    3.96 	0.0789781 	0.0225194 	0.0324873 	5.51833e-13 	-1.72765e-13 	1.49272e-14 	1.7971e-13 	6.4815e-15 	2.34721e-13 	7.76641e-09 	3.14769e-10 	-1.15239e-08 	3.17612e-11 	-4.6656e-10 	1.70993e-08
0.02      0.02    0.02    0.02    0.02    4.05 	0.0789781 	0.0225194 	0.0324873 	5.51833e-13 	-1.72765e-13 	1.49272e-14 	1.7971e-13 	6.4815e-15 	2.34721e-13 	7.76641e-09 	3.14769e-10 	-1.15239e-08 	3.17612e-11 	-4.6656e-10 	1.70993e-08
0.02      0.02    0.02    0.02    0.02    4.14 	0.133299 	-0.0220688 	0.00959816 	8.24191e-13 	-2.44625e-13 	1.6248e-13 	1.88465e-13 	-9.52908e-15 	2.57901e-13 	5.88119e-08 	-2.00206e-08 	-8.48357e-08 	6.81602e-09 	2.88755e-08 	1.22415e-07
0.02      0.02    0.02    0.02    0.02    4.23 	0.133299 	-0.0220688 	0.00959816 	8.24191e-13 	-2.44625e-13 	1.6248e-13 	1.88465e-13 	-9.52908e-15 	2.57901e-13 	5.88119e-08 	-2.00206e-08 	-8.48357e-08 	6.81602e-09 	2.88755e-08 	1.22415e-07
0.02      0.02    0.02    0.02    0.02    4.32 	0.151985 	-0.0532732 	-0.0293661 	1.21212e-12 	-3.9765e-13 	6.11411e-14 	3.14211e-13 	3.34961e-15 	1.35888e-13 	6.07353e-08 	-2.38644e-08 	-5.10047e-09 	9.37718e-09 	2.00402e-09 	4.2915e-10
0.02      0.02    0.02    0.02    0.02    4.41 	0.151985 	-0.0532732 	-0.0293661 	1.21212e-12 	-3.9765e-13 	6.11411e-14 	3.14211e-13 	3.34961e-15 	1.35888e-13 	6.07353e-08 	-2.38644e-08 	-5.10047e-09 	9.37718e-09 	2.00402e-09 	4.2915e-10
0.02      0.02    0.02    0.02    0.02    4.5 	0.151985 	-0.0532732 	-0.0293661 	1.21212e-12 	-3.9765e-13 	6.11411e-14 	3.14211e-13 	3.34961e-15 	1.35888e-13 	6.07353e-08 	-2.38644e-08 	-5.10047e-09 	9.37718e-09 	2.00402e-09 	4.2915e-10
0.03      0.03    0.03    0.03    0.03    0 	0.12932 	-0.0582645 	0.0113863 	8.78598e-13 	-3.75016e-13 	1.814e-13 	2.63595e-13 	-3.97664e-14 	1.70627e-13 	3.27587e-07 	3.35579e-08 	1.08066e-07 	3.43799e-09 	1.10708e-08 	3.56507e-08
0.03      0.03    0.03    0.03    0.03    0.09 	0.12932 	-0.0582645 	0.0113863 	8.78598e-13 	-3.75016e-13 	1.814e-13 	2.63595e-13 	-3.97664e-14 	1.70627e-13 	3.27587e-07 	3.35579e-08 	1.08066e-07 	3.43799e-09 	1.10708e-08 	3.56507e-08
0.03      0.03    0.03    0.03    0.03    0.18 	0.12932 	-0.0582645 	0.0113863 	8.78598e-13 	-3.75016e-13 	1.814e-13 	2.63595e-13 	-3.97664e-14 	1.70627e-13 	3.27587e-07 	3.35579e-08 	1.08066e-07 	3.43799e-09 	1.10708e-08 	3.56507e-08
0.03      0.03    0.03    0.03    0.03    0.27 	0.162342 	-0.0486334 	-0.0472667 	6.9566e-13 	-3.18913e-13 	-6.55212e-14 	2.34639e-13 	-4.90877e-15 	1.64233e-13 	3.71028e-08 	4.85821e-09 	4.23368e-09 	6.40001e-10 	5.48687e-10 	4.91801e-10
0.03      0.03    0.03    0.03    0.03    0.36 	0.162342 	-0.0486334 	-0.0472667 	6.9566e-13 	-3.18913e-13 	-6.55212e-14 	2.34639e-13 	-4.90877e-15 	1.64233e-13 	3.71028e-08 	4.85821e-09 	4.23368e-09 	6.40001e-10 	5.48687e-10 	4.91801e-10
0.03      0.03    0.03    0.03    0.03    0.45 	0.0529015 	-0.019474 	-0.00769185 	4.98253e-13 	-2.12912e-13 	4.71455e-14 	2.36499e-13 	-2.55282e-14 	1.73101e-13 	2.60775e-08 	1.56591e-08 	1.21028e-08 	9.40579e-09 	7.27215e-09 	5.62609e-09
0.03      0.03    0.03    0.03    0.03    0.54 	0.0529015 	-0.019474 	-0.00769185 	4.98253e-13 	-2.12912e-13 	4.71455e-14 	2.36499e-13 	-2.55282e-14 	1.73101e-13 	2.60775e-08 	1.56591e-08 	1.21028e-08 	9.40579e-09 	7.27215e-09 	5.62609e-09
0.03      0.03    0.03    0.03    0.03    0.63 	0.0971461 	-0.027019 	-0.0326533 	7.02423e-13 	-3.8312e-13 	9.37211e-14 	3.15025e-13 	-4.36881e-14 	2.10396e-13 	1.22236e-07 	2.44919e-08 	1.79129e-08 	4.94423e-09 	3.54901e-09 	2.67144e-09
0.03      0.03    0.03    0.03    0.03    0.72 	0.0971461 	-0.027019 	-0.0326533 	7.02423e-13 	-3.8312e-13 	9.37211e-14 	3.15025e-13 	-4.36881e-14 	2.10396e-13 	1.22236e-07 	2.44919e-08 	1.79129e-08 	4.94423e-09 	3.54901e-09 	2.67144e-09
0.03      0.03    0.03    0.03    0.03    0.81 	0.0779 	-0.00635371 	0.00204297 	1.10444e-12 	-5.78567e-13 	-1.72328e-13 	4.69278e-13 	4.41032e-14 	1.38341e-13 	2.03285e-07 	-3.81204e-08 	2.87639e-08 	7.15141e-09 	-5.39574e-09 	4.07117e-09
0.03      0.03    0.03    0.03    0.03    0.9 	0.0779 	-0.00635371 	0.00204297 	1.10444e-12 	-5.78567e-13 	-1.72328e-13 	4.69278e-13 	4.41032e-14 	1.38341e-13 	2.03285e-07 	-3.81204e-08 	2.87639e-08 	7.15141e-09 	-5.39574e-09 	4.07117e-09
0.03      0.03    0.03    0.03    0.03    0.99 	0.114301 	0.0137148 	0.0177174 	1.33313e-12 	-5.47447e-13 	-1.82406e-13 	3.01983e-13 	-8.38343e-15 	1.59051e-13 	9.72223e-08 	5.04022e-08 	-3.62186e-08 	2.61359e-08 	-1.87694e-08 	1.35608e-08
0.03      0.03    0.03    0.03    0.03    1.08 	0.114301 	0.0137148 	0.0177174 	1.33313e-12 	-5.47447e-13 	-1.82406e-13 	3.01983e-13 	-8.38343e-15 	1.59051e-13 	9.72223e-08 	5.04022e-08 	-3.62186e-08 	2.61359e-08 	-1.87694e-08 	1.35608e-08
0.03      0.03    0.03    0.03    0.03    1.17 	0.114301 	0.0137148 	0.0177174 	1.33313e-12 	-5.47447e-13 	-1.82406e-13 	3.01983e-13 	-8.38343e-15 	1.59051e-13 	9.72223e-08 	5.04022e-08 	-3.62186e-08 	2.61359e-08 	-1.87694e-08 	1.35608e-08
0.03      0.03    0.03    0.03    0.03    1.26 	0.0172191 	0.0478386 	0.0276634 	6.18673e-13 	-1.23469e-13 	6.63154e-14 	1.55118e-13 	6.30351e-15 	2.11101e-13 	8.90926e-09 	-4.71532e-09 	-1.9676e-09 	2.5099e-09 	1.03196e-09 	4.41463e-10
0.03      0.03    0.03    0.03    0.03    1.35 	0.0172191 	0.0478386 	0.0276634 	6.18673e-13 	-1.23469e-13 	6.63154e-14 	1.55118e-13 	6.30351e-15 	2.11101e-13 	8.90926e-09 	-4.71532e-09 	-1.9676e-09 	2.5099e-09 	1.03196e-09 	4.41463e-10
0.03      0.03    0.03    0.03    0.03    1.44 	0.0634661 	0.0338447 	-0.0149716 	8.15984e-13 	-3.12455e-13 	5.50777e-14 	2.92557e-13 	-1.86866e-14 	1.70207e-13 	1.25784e-08 	-2.00466e-09 	-4.63628e-09 	3.27818e-10 	7.35195e-10 	1.71054e-09
0.03      0.03    0.03    0.03    0.03    1.53 	0.0634661 	0.0338447 	-0.0149716 	8.15984e-13 	-3.12455e-13 	5.50777e-14 	2.92557e-13 	-1.86866e-14 	1.70207e-13 	1.25784e-08 	-2.00466e-09 	-4.63628e-09 	3.27818e-10 	7.35195e-10 	1.71054e-09
0.03      0.03    0.03    0.03    0.03    1.62 	0.0674128 	0.0358429 	0.0520175 	8.28669e-13 	-2.65168e-13 	-1.4562e-13 	2.30119e-13 	3.55228e-14 	2.22139e-13 	6.17593e-08 	1.61419e-08 	-5.11901e-08 	4.22004e-09 	-1.33776e-08 	4.25126e-08
0.03      0.03    0.03    0.03    0.03    1.71 	0.0674128 	0.0358429 	0.0520175 	8.28669e-13 	-2.65168e-13 	-1.4562e-13 	2.30119e-13 	3.55228e-14 	2.22139e-13 	6.17593e-08 	1.61419e-08 	-5.11901e-08 	4.22004e-09 	-1.33776e-08 	4.25126e-08
0.03      0.03    0.03    0.03    0.03    1.8 	0.0709796 	0.00932928 	0.0397566 	5.9436e-13 	-1.62486e-13 	9.53594e-14 	1.52534e-13 	-1.82595e-14 	2.28644e-13 	4.8738e-10 	1.64489e-09 	1.55014e-09 	5.90743e-09 	5.6067e-09 	5.3266e-09
0.03      0.03    0.03    0.03    0.03    1.89 	0.0709796 	0.00932928 	0.0397566 	5.9436e-13 	-1.62486e-13 	9.53594e-14 	1.52534e-13 	-1.82595e-14 	2.28644e-13 	4.8738e-10 	1.64489e-09 	1.55014e-09 	5.90743e-09 	5.6067e-09 	5.3266e-09
0.03      0.03    0.03    0.03    0.03    1.98 	0.0592238 	0.0332046 	0.057588 	5.04269e-13 	-1.48717e-13 	2.33e-14 	1.35028e-13 	-3.8919e-15 	2.28169e-13 	1.17759e-08 	-2.39433e-08 	-6.86447e-09 	4.86899e-08 	1.39569e-08 	4.00149e-09
0.03      0.03    0.03    0.03    0.03    2.07 	0.0592238 	0.0332046 	0.057588 	5.04269e-13 	-1.48717e-13 	2.33e-14 	1.35028e-13 	-3.8919e-15 	2.28169e-13 	1.17759e-08 	-2.39433e-08 	-6.86447e-09 	4.86899e-08 	1.39569e-08 	4.00149e-09
0.03      0.03    0.03    0.03    0.03    2.16 	0.059031 	-0.0142329 	-0.00695676 	3.81543e-13 	-1.3618e-13 	3.46481e-16 	1.4677e-13 	4.14114e-14 	2.52244e-13 	5.6395e-09 	2.15827e-09 	1.44537e-08 	8.37245e-10 	5.55282e-09 	3.71506e-08
0.03      0.03    0.03    0.03    0.03    2.25 	0.059031 	-0.0142329 	-0.00695676 	3.81543e-13 	-1.3618e-13 	3.46481e-16 	1.4677e-13 	4.14114e-14 	2.52244e-13 	5.6395e-09 	2.15827e-09 	1.44537e-08 	8.37245e-10 	5.55282e-09 	3.71506e-08
0.03      0.03    0.03    0.03    0.03    2.34 	0.059031 	-0.0142329 	-0.00695676 	3.81543e-13 	-1.3618e-13 	3.46481e-16 	1.4677e-13 	4.14114e-14 	2.52244e-13 	5.6395e-09 	2.15827e-09 	1.44537e-08 	8.37245e-10 	5.55282e-09 	3.71506e-08
0.03      0.03    0.03    0.03    0.03    2.43 	0.0817642 	-0.0575561 	-0.0267383 	3.54479e-13 	-1.48857e-13 	1.02022e-14 	1.92672e-13 	-1.50394e-14 	1.98127e-13 	4.63906e-08 	-3.37888e-08 	2.55903e-09 	2.4646e-08 	-1.87431e-09 	1.44389e-10
0.03      0.03    0.03    0.03    0.03    2.52 	0.0817642 	-0.0575561 	-0.0267383 	3.54479e-13 	-1.48857e-13 	1.02022e-14 	1.92672e-13 	-1.50394e-14 	1.98127e-13 	4.63906e-08 	-3.37888e-08 	2.55903e-09 	2.4646e-08 	-1.87431e-09 	1.44389e-10
0.03      0.03    0.03    0.03    0.03    2.61 	0.096048 	0.0163146 	-0.0484678 	8.40093e-13 	-2.90349e-13 	5.87158e-14 	2.59742e-13 	2.24709e-14 	2.76333e-13 	1.43904e-07 	-1.18793e-07 	7.09147e-08 	9.80736e-08 	-5.85436e-08 	3.49477e-08
0.03      0.03    0.03    0.03    0.03    2.7 	0.096048 	0.0163146 	-0.0484678 	8.40093e-13 	-2.90349e-13 	5.87158e-14 	2.59742e-13 	2.24709e-14 	2.76333e-13 	1.43904e-07 	-1.18793e-07 	7.09147e-08 	9.80736e-08 	-5.85436e-08 	3.49477e-08
0.03      0.03    0.03    0.03    0.03    2.79 	0.131341 	-0.0478399 	-0.000922023 	1.10883e-12 	-2.68089e-13 	1.29641e-13 	2.74241e-13 	-1.67381e-14 	2.52549e-13 	3.27019e-08 	1.48267e-08 	3.60715e-08 	6.72978e-09 	1.63827e-08 	3.98971e-08
0.03      0.03    0.03    0.03    0.03    2.88 	0.131341 	-0.0478399 	-0.000922023 	1.10883e-12 	-2.68089e-13 	1.29641e-13 	2.74241e-13 	-1.67381e-14 	2.52549e-13 	3.27019e-08 	1.48267e-08 	3.60715e-08 	6.72978e-09 	1.63827e-08 	3.98971e-08
0.03      0.03    0.03    0.03    0.03    2.97 	0.0873371 	0.0114487 	0.0212022 	6.83625e-13 	-1.61467e-13 	-3.0314e-14 	2.12068e-13 	5.16687e-14 	2.15279e-13 	1.23551e-11 	3.03392e-11 	-6.7664e-11 	3.48644e-09 	-8.90459e-09 	2.27536e-08
0.03      0.03    0.03    0.03    0.03    3.06 	0.0873371 	0.0114487 	0.0212022 	6.83625e-13 	-1.61467e-13 	-3.0314e-14 	2.12068e-13 	5.16687e-14 	2.15279e-13 	1.23551e-11 	3.03392e-11 	-6.7664e-11 	3.48644e-09 	-8.90459e-09 	2.27536e-08
0.03      0.03    0.03    0.03    0.03    3.15 	0.100207 	-0.0665201 	0.0341472 	5.06726e-13 	-1.63057e-13 	-2.54644e-14 	2.19761e-13 	3.40435e-14 	2.03625e-13 	8.8208e-09 	6.16029e-09 	-1.61319e-08 	4.47787e-09 	-1.13643e-08 	2.95581e-08
0.03      0.03    0.03    0.03    0.03    3.24 	0.100207 	-0.0665201 	0.0341472 	5.06726e-13 	-1.63057e-13 	-2.54644e-14 	2.19761e-13 	3.40435e-14 	2.03625e-13 	8.8208e-09 	6.16029e-09 	-1.61319e-08 	4.47787e-09 	-1.13643e-08 	2.95581e-08
0.03      0.03    0.03    0.03    0.03    3.33 	0.152584 	-0.0448053 	0.0664391 	5.16138e-13 	-1.43195e-13 	5.87765e-14 	1.61203e-13 	-9.67568e-15 	2.19542e-13 	3.21714e-08 	-1.64842e-09 	-9.66473e-09 	9.6688e-11 	5.08664e-10 	2.91834e-09
0.03      0.03    0.03    0.03    0.03    3.42 	0.152584 	-0.0448053 	0.0664391 	5.16138e-13 	-1.43195e-13 	5.87765e-14 	1.61203e-13 	-9.67568e-15 	2.19542e-13 	3.21714e-08 	-1.64842e-09 	-9.66473e-09 	9.6688e-11 	5.08664e-10 	2.91834e-09
0.03      0.03    0.03    0.03    0.03    3.51 	0.152584 	-0.0448053 	0.0664391 	5.16138e-13 	-1.43195e-13 	5.87765e-14 	1.61203e-13 	-9.67568e-15 	2.19542e-13 	3.21714e-08 	-1.64842e-09 	-9.66473e-09 	9.6688e-11 	5.08664e-10 	2.91834e-09
0.03      0.03    0.03    0.03    0.03    3.6 	0.0930951 	-0.00133092 	0.0282703 	4.57267e-13 	-1.61072e-13 	1.6593e-14 	1.36888e-13 	-2.17877e-14 	1.96698e-13 	1.11947e-09 	-4.47001e-09 	-6.47687e-09 	1.80257e-08 	2.61292e-08 	3.79106e-08
0.03      0.03    0.03    0.03    0.03    3.69 	0.0930951 	-0.00133092 	0.0282703 	4.57267e-13 	-1.61072e-13 	1.6593e-14 	1.36888e-13 	-2.17877e-14 	1.96698e-13 	1.11947e-09 	-4.47001e-09 	-6.47687e-09 	1.80257e-08 	2.61292e-08 	3.79106e-08
0.03      0.03    0.03    0.03    0.03    3.78 	0.119153 	-0.0255581 	-0.00474887 	6.71095e-13 	-2.19569e-13 	7.45931e-14 	2.36735e-13 	-4.22232e-14 	1.92014e-13 	1.16767e-08 	7.7504e-10 	-2.04359e-08 	7.77183e-11 	-1.41765e-09 	3.59085e-08
0.03      0.03    0.03    0.03    0.03    3.87 	0.119153 	-0.0255581 	-0.00474887 	6.71095e-13 	-2.19569e-13 	7.45931e-14 	2.36735e-13 	-4.22232e-14 	1.92014e-13 	1.16767e-08 	7.7504e-10 	-2.04359e-08 	7.77183e-11 	-1.41765e-09 	3.59085e-08
0.03      0.03    0.03    0.03    0.03    3.96 	0.0791327 	0.0225589 	0.0322689 	5.52332e-13 	-1.73015e-13 	1.48039e-14 	1.79971e-13 	6.53598e-15 	2.34707e-13 	1.79348e-08 	2.31205e-09 	-2.61703e-08 	3.74899e-10 	-3.35396e-09 	3.81937e-08
0.03      0.03    0.03    0.03    0.03    4.05 	0.0791327 	0.0225589 	0.0322689 	5.52332e-13 	-1.73015e-13 	1.48039e-14 	1.79971e-13 	6.53598e-15 	2.34707e-13 	1.79348e-08 	2.31205e-09 	-2.61703e-08 	3.74899e-10 	-3.35396e-09 	3.81937e-08
0.03      0.03    0.03    0.03    0.03    4.14 	0.132882 	-0.0219147 	0.0102037 	8.23386e-13 	-2.44307e-13 	1.62943e-13 	1.88405e-13 	-9.52855e-15 	2.57878e-13 	1.34687e-07 	-4.72906e-08 	-1.93726e-07 	1.66127e-08 	6.80175e-08 	2.78678e-07
0.03      0.03    0.03    0.03    0.03    4.23 	0.132882 	-0.0219147 	0.0102037 	8.23386e-13 	-2.44307e-13 	1.62943e-13 	1.88405e-13 	-9.52855e-15 	2.57878e-13 	1.34687e-07 	-4.72906e-08 	-1.93726e-07 	1.66127e-08 	6.80175e-08 	2.78678e-07
0.03      0.03    0.03    0.03    0.03    4.32 	0.151589 	-0.0531077 	-0.0293306 	1.20868e-12 	-3.95553e-13 	6.07428e-14 	3.13126e-13 	3.56379e-15 	1.35818e-13 	1.31632e-07 	-5.28306e-08 	-1.14355e-08 	2.12094e-08 	4.59107e-09 	9.94493e-10
0.03      0.03    0.03    0.03    0.03    4.41 	0.151589 	-0.0531077 	-0.0293306 	1.20868e-12 	-3.95553e-13 	6.07428e-14 	3.13126e-13 	3.56379e-15 	1.35818e-13 	1.31632e-07 	-5.28306e-08 	-1.14355e-08 	2.12094e-08 	4.59107e-09 	9.94493e-10
0.03      0.03    0.03    0.03    0.03    4.5 	0.151589 	-0.0531077 	-0.0293306 	1.20868e-12 	-3.95553e-13 	6.07428e-14 	3.13126e-13 	3.56379e-15 	1.35818e-13 	1.31632e-07 	-5.28306e-08 	-1.14355e-08 	2.12094e-08 	4.59107e-09 	9.94493e-10
0.1      0.1    0.1    0.1    0.1    0 	0.126393 	-0.0584905 	0.0105607 	8.61113e-13 	-3.6568e-13 	1.79016e-13 	2.58592e-13 	-3.85625e-14 	1.69776e-13 	1.90297e-06 	1.6463e-07 	5.7183e-07 	1.43477e-08 	4.96794e-08 	1.72249e-07
0.1      0.1    0.1    0.1    0.1    0.09 	0.126393 	-0.0584905 	0.0105607 	8.61113e-13 	-3.6568e-13 	1.79016e-13 	2.58592e-13 	-3.85625e-14 	1.69776e-13 	1.90297e-06 	1.6463e-07 	5.7183e-07 	1.43477e-08 	4.96794e-08 	1.72249e-07
0.1      0.1    0.1    0.1    0.1    0.18 	0.126393 	-0.0584905 	0.0105607 	8.61113e-13 	-3.6568e-13 	1.79016e-13 	2.58592e-13 	-3.85625e-14 	1.69776e-13 	1.90297e-06 	1.6463e-07 	5.7183e-07 	1.43477e-08 	4.96794e-08 	1.72249e-07
0.1      0.1    0.1    0.1    0.1    0.27 	0.161144 	-0.0487261 	-0.0474387 	6.89042e-13 	-3.13089e-13 	-5.97005e-14 	2.3215e-13 	-6.04764e-15 	1.64092e-13 	2.88355e-07 	2.53914e-08 	4.16716e-08 	2.2756e-09 	3.65447e-09 	6.04608e-09
0.1      0.1    0.1    0.1    0.1    0.36 	0.161144 	-0.0487261 	-0.0474387 	6.89042e-13 	-3.13089e-13 	-5.97005e-14 	2.3215e-13 	-6.04764e-15 	1.64092e-13 	2.88355e-07 	2.53914e-08 	4.16716e-08 	2.2756e-09 	3.65447e-09 	6.04608e-09
0.1      0.1    0.1    0.1    0.1    0.45 	0.0519763 	-0.0199592 	-0.00821015 	4.99178e-13 	-2.13901e-13 	4.71115e-14 	2.37799e-13 	-2.53639e-14 	1.72683e-13 	1.71184e-07 	9.59127e-08 	9.22795e-08 	5.39147e-08 	5.16163e-08 	4.98291e-08
0.1      0.1    0.1    0.1    0.1    0.54 	0.0519763 	-0.0199592 	-0.00821015 	4.99178e-13 	-2.13901e-13 	4.71115e-14 	2.37799e-13 	-2.53639e-14 	1.72683e-13 	1.71184e-07 	9.59127e-08 	9.22795e-08 	5.39147e-08 	5.16163e-08 	4.98291e-08
0.1      0.1    0.1    0.1    0.1    0.63 	0.0954226 	-0.0279275 	-0.0324656 	6.97742e-13 	-3.81819e-13 	9.56418e-14 	3.15164e-13 	-4.42187e-14 	2.10697e-13 	6.78145e-07 	2.77525e-07 	-1.49147e-08 	1.19781e-07 	-1.07328e-08 	3.79634e-09
0.1      0.1    0.1    0.1    0.1    0.72 	0.0954226 	-0.0279275 	-0.0324656 	6.97742e-13 	-3.81819e-13 	9.56418e-14 	3.15164e-13 	-4.42187e-14 	2.10697e-13 	6.78145e-07 	2.77525e-07 	-1.49147e-08 	1.19781e-07 	-1.07328e-08 	3.79634e-09
0.1      0.1    0.1    0.1    0.1    0.81 	0.0795716 	-0.00657845 	0.0022552 	1.09746e-12 	-5.73401e-13 	-1.77544e-13 	4.67152e-13 	4.54674e-14 	1.3922e-13 	8.17641e-07 	-1.34663e-07 	1.11066e-07 	2.25201e-08 	-1.8388e-08 	1.5114e-08
0.1      0.1    0.1    0.1    0.1    0.9 	0.0795716 	-0.00657845 	0.0022552 	1.09746e-12 	-5.73401e-13 	-1.77544e-13 	4.67152e-13 	4.54674e-14 	1.3922e-13 	8.17641e-07 	-1.34663e-07 	1.11066e-07 	2.25201e-08 	-1.8388e-08 	1.5114e-08
0.1      0.1    0.1    0.1    0.1    0.99 	0.11286 	0.0124864 	0.0177532 	1.33391e-12 	-5.521e-13 	-1.89268e-13 	3.05314e-13 	-6.39716e-15 	1.57659e-13 	5.17667e-07 	3.66082e-07 	-8.0283e-08 	2.65033e-07 	-5.12528e-08 	1.75497e-08
0.1      0.1    0.1    0.1    0.1    1.08 	0.11286 	0.0124864 	0.0177532 	1.33391e-12 	-5.521e-13 	-1.89268e-13 	3.05314e-13 	-6.39716e-15 	1.57659e-13 	5.17667e-07 	3.66082e-07 	-8.0283e-08 	2.65033e-07 	-5.12528e-08 	1.75497e-08
0.1      0.1    0.1    0.1    0.1    1.17 	0.11286 	0.0124864 	0.0177532 	1.33391e-12 	-5.521e-13 	-1.89268e-13 	3.05314e-13 	-6.39716e-15 	1.57659e-13 	5.17667e-07 	3.66082e-07 	-8.0283e-08 	2.65033e-07 	-5.12528e-08 	1.75497e-08
0.1      0.1    0.1    0.1    0.1    1.26 	0.0180322 	0.0473561 	0.0276449 	6.28703e-13 	-1.29551e-13 	6.32068e-14 	1.55652e-13 	6.08777e-15 	2.10367e-13 	1.08905e-07 	-6.41792e-08 	-6.60358e-09 	3.78373e-08 	3.86223e-09 	5.98045e-10
0.1      0.1    0.1    0.1    0.1    1.35 	0.0180322 	0.0473561 	0.0276449 	6.28703e-13 	-1.29551e-13 	6.32068e-14 	1.55652e-13 	6.08777e-15 	2.10367e-13 	1.08905e-07 	-6.41792e-08 	-6.60358e-09 	3.78373e-08 	3.86223e-09 	5.98045e-10
0.1      0.1    0.1    0.1    0.1    1.44 	0.0636179 	0.0337757 	-0.0149975 	8.19262e-13 	-3.14643e-13 	5.73719e-14 	2.91864e-13 	-1.92779e-14 	1.70615e-13 	2.34398e-08 	-6.24276e-09 	-7.40819e-09 	1.78158e-09 	1.90032e-09 	2.3911e-09
0.1      0.1    0.1    0.1    0.1    1.53 	0.0636179 	0.0337757 	-0.0149975 	8.19262e-13 	-3.14643e-13 	5.73719e-14 	2.91864e-13 	-1.92779e-14 	1.70615e-13 	2.34398e-08 	-6.24276e-09 	-7.40819e-09 	1.78158e-09 	1.90032e-09 	2.3911e-09
0.1      0.1    0.1    0.1    0.1    1.62 	0.0684662 	0.0360108 	0.0502169 	8.37343e-13 	-2.69229e-13 	-1.51611e-13 	2.32477e-13 	3.63323e-14 	2.23591e-13 	2.8601e-07 	5.8021e-08 	-3.8389e-07 	1.20531e-08 	-7.544e-08 	5.36321e-07
0.1      0.1    0.1    0.1    0.1    1.71 	0.0684662 	0.0360108 	0.0502169 	8.37343e-13 	-2.69229e-13 	-1.51611e-13 	2.32477e-13 	3.63323e-14 	2.23591e-13 	2.8601e-07 	5.8021e-08 	-3.8389e-07 	1.20531e-08 	-7.544e-08 	5.36321e-07
0.1      0.1    0.1    0.1    0.1    1.8 	0.0713632 	0.00974342 	0.0402874 	5.98954e-13 	-1.63851e-13 	9.23074e-14 	1.53715e-13 	-1.74433e-14 	2.28038e-13 	2.08431e-08 	2.72045e-08 	3.17704e-08 	3.75217e-08 	4.28265e-08 	4.93924e-08
0.1      0.1    0.1    0.1    0.1    1.89 	0.0713632 	0.00974342 	0.0402874 	5.98954e-13 	-1.63851e-13 	9.23074e-14 	1.53715e-13 	-1.74433e-14 	2.28038e-13 	2.08431e-08 	2.72045e-08 	3.17704e-08 	3.75217e-08 	4.28265e-08 	4.93924e-08
0.1      0.1    0.1    0.1    0.1    1.98 	0.058347 	0.0346385 	0.0580734 	5.06282e-13 	-1.4922e-13 	2.31468e-14 	1.35162e-13 	-3.97957e-15 	2.28467e-13 	1.30708e-07 	-2.28963e-07 	-7.42163e-08 	4.03057e-07 	1.30242e-07 	4.21724e-08
0.1      0.1    0.1    0.1    0.1    2.07 	0.058347 	0.0346385 	0.0580734 	5.06282e-13 	-1.4922e-13 	2.31468e-14 	1.35162e-13 	-3.97957e-15 	2.28467e-13 	1.30708e-07 	-2.28963e-07 	-7.42163e-08 	4.03057e-07 	1.30242e-07 	4.21724e-08
0.1      0.1    0.1    0.1    0.1    2.16 	0.059246 	-0.014056 	-0.00485647 	3.8409e-13 	-1.35466e-13 	2.14995e-15 	1.45961e-13 	4.10667e-14 	2.52439e-13 	1.86417e-08 	1.11826e-08 	1.03856e-07 	6.98761e-09 	6.73219e-08 	6.73267e-07
0.1      0.1    0.1    0.1    0.1    2.25 	0.059246 	-0.014056 	-0.00485647 	3.8409e-13 	-1.35466e-13 	2.14995e-15 	1.45961e-13 	4.10667e-14 	2.52439e-13 	1.86417e-08 	1.11826e-08 	1.03856e-07 	6.98761e-09 	6.73219e-08 	6.73267e-07
0.1      0.1    0.1    0.1    0.1    2.34 	0.059246 	-0.014056 	-0.00485647 	3.8409e-13 	-1.35466e-13 	2.14995e-15 	1.45961e-13 	4.10667e-14 	2.52439e-13 	1.86417e-08 	1.11826e-08 	1.03856e-07 	6.98761e-09 	6.73219e-08 	6.73267e-07
0.1      0.1    0.1    0.1    0.1    2.43 	0.0802072 	-0.0564547 	-0.0269276 	3.53841e-13 	-1.47658e-13 	1.04228e-14 	1.91511e-13 	-1.48292e-14 	1.98929e-13 	4.39093e-07 	-3.19425e-07 	4.71385e-08 	2.32596e-07 	-3.41923e-08 	5.1644e-09
0.1      0.1    0.1    0.1    0.1    2.52 	0.0802072 	-0.0564547 	-0.0269276 	3.53841e-13 	-1.47658e-13 	1.04228e-14 	1.91511e-13 	-1.48292e-14 	1.98929e-13 	4.39093e-07 	-3.19425e-07 	4.71385e-08 	2.32596e-07 	-3.41923e-08 	5.1644e-09
0.1      0.1    0.1    0.1    0.1    2.61 	0.0988704 	0.0142662 	-0.0471183 	8.48163e-13 	-2.95076e-13 	5.9218e-14 	2.6292e-13 	2.28676e-14 	2.7731e-13 	1.42277e-06 	-1.06535e-06 	6.83177e-07 	7.98528e-07 	-5.11633e-07 	3.28055e-07
0.1      0.1    0.1    0.1    0.1    2.7 	0.0988704 	0.0142662 	-0.0471183 	8.48163e-13 	-2.95076e-13 	5.9218e-14 	2.6292e-13 	2.28676e-14 	2.7731e-13 	1.42277e-06 	-1.06535e-06 	6.83177e-07 	7.98528e-07 	-5.11633e-07 	3.28055e-07
0.1      0.1    0.1    0.1    0.1    2.79 	0.133417 	-0.0470825 	0.000832086 	1.11123e-12 	-2.66526e-13 	1.28442e-13 	2.73162e-13 	-1.62125e-14 	2.52054e-13 	6.54059e-07 	2.46006e-07 	5.73452e-07 	9.26692e-08 	2.16089e-07 	5.03925e-07
0.1      0.1    0.1    0.1    0.1    2.88 	0.133417 	-0.0470825 	0.000832086 	1.11123e-12 	-2.66526e-13 	1.28442e-13 	2.73162e-13 	-1.62125e-14 	2.52054e-13 	6.54059e-07 	2.46006e-07 	5.73452e-07 	9.26692e-08 	2.16089e-07 	5.03925e-07
0.1      0.1    0.1    0.1    0.1    2.97 	0.0876127 	0.0121383 	0.0198335 	6.8407e-13 	-1.61004e-13 	-3.22838e-14 	2.11404e-13 	5.22878e-14 	2.16463e-13 	8.95464e-09 	2.47584e-08 	-5.09358e-08 	7.09854e-08 	-1.47578e-07 	3.0776e-07
0.1      0.1    0.1    0.1    0.1    3.06 	0.0876127 	0.0121383 	0.0198335 	6.8407e-13 	-1.61004e-13 	-3.22838e-14 	2.11404e-13 	5.22878e-14 	2.16463e-13 	8.95464e-09 	2.47584e-08 	-5.09358e-08 	7.09854e-08 	-1.47578e-07 	3.0776e-07
0.1      0.1    0.1    0.1    0.1    3.15 	0.100524 	-0.0653318 	0.0328932 	5.10269e-13 	-1.63343e-13 	-2.80731e-14 	2.20927e-13 	3.51397e-14 	2.03139e-13 	3.13471e-08 	7.18943e-08 	-9.14244e-08 	1.92342e-07 	-2.29198e-07 	2.80532e-07
0.1      0.1    0.1    0.1    0.1    3.24 	0.100524 	-0.0653318 	0.0328932 	5.10269e-13 	-1.63343e-13 	-2.80731e-14 	2.20927e-13 	3.51397e-14 	2.03139e-13 	3.13471e-08 	7.18943e-08 	-9.14244e-08 	1.92342e-07 	-2.29198e-07 	2.80532e-07
0.1      0.1    0.1    0.1    0.1    3.33 	0.153933 	-0.0445874 	0.0662496 	5.16866e-13 	-1.41537e-13 	5.49029e-14 	1.60673e-13 	-8.12147e-15 	2.19375e-13 	3.21509e-07 	3.56435e-08 	-5.52288e-08 	4.81945e-09 	-5.55216e-09 	9.87683e-09
0.1      0.1    0.1    0.1    0.1    3.42 	0.153933 	-0.0445874 	0.0662496 	5.16866e-13 	-1.41537e-13 	5.49029e-14 	1.60673e-13 	-8.12147e-15 	2.19375e-13 	3.21509e-07 	3.56435e-08 	-5.52288e-08 	4.81945e-09 	-5.55216e-09 	9.87683e-09
0.1      0.1    0.1    0.1    0.1    3.51 	0.153933 	-0.0445874 	0.0662496 	5.16866e-13 	-1.41537e-13 	5.49029e-14 	1.60673e-13 	-8.12147e-15 	2.19375e-13 	3.21509e-07 	3.56435e-08 	-5.52288e-08 	4.81945e-09 	-5.55216e-09 	9.87683e-09
0.1      0.1    0.1    0.1    0.1    3.6 	0.0924495 	-0.000800893 	0.0292299 	4.51536e-13 	-1.59505e-13 	1.66013e-14 	1.3676e-13 	-2.23157e-14 	1.9818e-13 	5.22085e-08 	-5.78209e-08 	-9.95695e-08 	7.47896e-08 	1.25949e-07 	2.12828e-07
0.1      0.1    0.1    0.1    0.1    3.69 	0.0924495 	-0.000800893 	0.0292299 	4.51536e-13 	-1.59505e-13 	1.66013e-14 	1.3676e-13 	-2.23157e-14 	1.9818e-13 	5.22085e-08 	-5.78209e-08 	-9.95695e-08 	7.47896e-08 	1.25949e-07 	2.12828e-07
0.1      0.1    0.1    0.1    0.1    3.78 	0.118117 	-0.0252954 	-0.00378466 	6.71599e-13 	-2.19569e-13 	7.42558e-14 	2.37207e-13 	-4.24532e-14 	1.92612e-13 	1.7386e-07 	-3.38599e-08 	-1.87499e-07 	7.35796e-09 	3.4564e-08 	2.07204e-07
0.1      0.1    0.1    0.1    0.1    3.87 	0.118117 	-0.0252954 	-0.00378466 	6.71599e-13 	-2.19569e-13 	7.42558e-14 	2.37207e-13 	-4.24532e-14 	1.92612e-13 	1.7386e-07 	-3.38599e-08 	-1.87499e-07 	7.35796e-09 	3.4564e-08 	2.07204e-07
0.1      0.1    0.1    0.1    0.1    3.96 	0.0801307 	0.0229236 	0.0311844 	5.55942e-13 	-1.74815e-13 	1.40523e-14 	1.81864e-13 	6.90374e-15 	2.34605e-13 	1.76981e-07 	5.86864e-08 	-2.09962e-07 	1.98276e-08 	-6.89707e-08 	2.50888e-07
0.1      0.1    0.1    0.1    0.1    4.05 	0.0801307 	0.0229236 	0.0311844 	5.55942e-13 	-1.74815e-13 	1.40523e-14 	1.81864e-13 	6.90374e-15 	2.34605e-13 	1.76981e-07 	5.86864e-08 	-2.09962e-07 	1.98276e-08 	-6.89707e-08 	2.50888e-07
0.1      0.1    0.1    0.1    0.1    4.14 	0.130755 	-0.0209703 	0.0140979 	8.17874e-13 	-2.42155e-13 	1.66021e-13 	1.88059e-13 	-9.51296e-15 	2.57763e-13 	9.47258e-07 	-3.93163e-07 	-1.59682e-06 	1.63793e-07 	6.65726e-07 	2.70662e-06
0.1      0.1    0.1    0.1    0.1    4.23 	0.130755 	-0.0209703 	0.0140979 	8.17874e-13 	-2.42155e-13 	1.66021e-13 	1.88059e-13 	-9.51296e-15 	2.57763e-13 	9.47258e-07 	-3.93163e-07 	-1.59682e-06 	1.63793e-07 	6.65726e-07 	2.70662e-06
0.1      0.1    0.1    0.1    0.1    4.32 	0.149752 	-0.0521391 	-0.0292708 	1.1852e-12 	-3.81098e-13 	5.79094e-14 	3.05678e-13 	5.06835e-15 	1.35427e-13 	7.57158e-07 	-3.64817e-07 	-4.30902e-08 	1.76827e-07 	2.02143e-08 	2.7519e-09
0.1      0.1    0.1    0.1    0.1    4.41 	0.149752 	-0.0521391 	-0.0292708 	1.1852e-12 	-3.81098e-13 	5.79094e-14 	3.05678e-13 	5.06835e-15 	1.35427e-13 	7.57158e-07 	-3.64817e-07 	-4.30902e-08 	1.76827e-07 	2.02143e-08 	2.7519e-09
0.1      0.1    0.1    0.1    0.1    4.5 	0.149752 	-0.0521391 	-0.0292708 	1.1852e-12 	-3.81098e-13 	5.79094e-14 	3.05678e-13 	5.06835e-15 	1.35427e-13 	7.57158e-07 	-3.64817e-07 	-4.30902e-08 	1.76827e-07 	2.02143e-08 	2.7519e-09
0.2      0.2    0.2    0.2    0.2    0 	0.123774 	-0.058524 	0.0101613 	8.38361e-13 	-3.52924e-13 	1.75737e-13 	2.51579e-13 	-3.68593e-14 	1.68604e-13 	4.1525e-06 	2.44699e-07 	1.0149e-06 	1.59371e-08 	6.28631e-08 	2.54208e-07
0.2      0.2    0.2    0.2    0.2    0.09 	0.123774 	-0.058524 	0.0101613 	8.38361e-13 	-3.52924e-13 	1.75737e-13 	2.51579e-13 	-3.68593e-14 	1.68604e-13 	4.1525e-06 	2.44699e-07 	1.0149e-06 	1.59371e-08 	6.28631e-08 	2.54208e-07
0.2      0.2    0.2    0.2    0.2    0.18 	0.123774 	-0.058524 	0.0101613 	8.38361e-13 	-3.52924e-13 	1.75737e-13 	2.51579e-13 	-3.68593e-14 	1.68604e-13 	4.1525e-06 	2.44699e-07 	1.0149e-06 	1.59371e-08 	6.28631e-08 	2.54208e-07
0.2      0.2    0.2    0.2    0.2    0.27 	0.160074 	-0.0488206 	-0.0473757 	6.79751e-13 	-3.04947e-13 	-5.16628e-14 	2.28637e-13 	-7.62639e-15 	1.63902e-13 	6.8273e-07 	5.82668e-08 	5.34868e-08 	4.99532e-09 	4.55685e-09 	5.91127e-09
0.2      0.2    0.2    0.2    0.2    0.36 	0.160074 	-0.0488206 	-0.0473757 	6.79751e-13 	-3.04947e-13 	-5.16628e-14 	2.28637e-13 	-7.62639e-15 	1.63902e-13 	6.8273e-07 	5.82668e-08 	5.34868e-08 	4.99532e-09 	4.55685e-09 	5.91127e-09
0.2      0.2    0.2    0.2    0.2    0.45 	0.0507574 	-0.0203087 	-0.0088341 	5.00669e-13 	-2.15309e-13 	4.71176e-14 	2.39642e-13 	-2.5131e-14 	1.72139e-13 	5.49988e-07 	2.3184e-07 	2.94756e-07 	1.0074e-07 	1.24484e-07 	1.5807e-07
0.2      0.2    0.2    0.2    0.2    0.54 	0.0507574 	-0.0203087 	-0.0088341 	5.00669e-13 	-2.15309e-13 	4.71176e-14 	2.39642e-13 	-2.5131e-14 	1.72139e-13 	5.49988e-07 	2.3184e-07 	2.94756e-07 	1.0074e-07 	1.24484e-07 	1.5807e-07
0.2      0.2    0.2    0.2    0.2    0.63 	0.094095 	-0.0294423 	-0.0318329 	6.91037e-13 	-3.79739e-13 	9.82772e-14 	3.15175e-13 	-4.49585e-14 	2.11104e-13 	1.33009e-06 	8.9543e-07 	-2.54633e-07 	6.50357e-07 	-2.01753e-07 	6.81596e-08
0.2      0.2    0.2    0.2    0.2    0.72 	0.094095 	-0.0294423 	-0.0318329 	6.91037e-13 	-3.79739e-13 	9.82772e-14 	3.15175e-13 	-4.49585e-14 	2.11104e-13 	1.33009e-06 	8.9543e-07 	-2.54633e-07 	6.50357e-07 	-2.01753e-07 	6.81596e-08
0.2      0.2    0.2    0.2    0.2    0.81 	0.079838 	-0.00626014 	0.00211882 	1.0869e-12 	-5.65704e-13 	-1.84697e-13 	4.6385e-13 	4.72957e-14 	1.40519e-13 	8.73366e-07 	-6.75321e-08 	8.71459e-08 	1.61263e-08 	-1.15973e-08 	1.08848e-08
0.2      0.2    0.2    0.2    0.2    0.9 	0.079838 	-0.00626014 	0.00211882 	1.0869e-12 	-5.65704e-13 	-1.84697e-13 	4.6385e-13 	4.72957e-14 	1.40519e-13 	8.73366e-07 	-6.75321e-08 	8.71459e-08 	1.61263e-08 	-1.15973e-08 	1.08848e-08
0.2      0.2    0.2    0.2    0.2    0.99 	0.11235 	0.0108216 	0.0170312 	1.33498e-12 	-5.5858e-13 	-1.98569e-13 	3.10135e-13 	-3.48164e-15 	1.55753e-13 	6.94246e-07 	7.73549e-07 	7.95063e-08 	9.79691e-07 	1.64177e-07 	5.80257e-08
0.2      0.2    0.2    0.2    0.2    1.08 	0.11235 	0.0108216 	0.0170312 	1.33498e-12 	-5.5858e-13 	-1.98569e-13 	3.10135e-13 	-3.48164e-15 	1.55753e-13 	6.94246e-07 	7.73549e-07 	7.95063e-08 	9.79691e-07 	1.64177e-07 	5.80257e-08
0.2      0.2    0.2    0.2    0.2    1.17 	0.11235 	0.0108216 	0.0170312 	1.33498e-12 	-5.5858e-13 	-1.98569e-13 	3.10135e-13 	-3.48164e-15 	1.55753e-13 	6.94246e-07 	7.73549e-07 	7.95063e-08 	9.79691e-07 	1.64177e-07 	5.80257e-08
0.2      0.2    0.2    0.2    0.2    1.26 	0.0192463 	0.0467151 	0.0276803 	6.43753e-13 	-1.38696e-13 	5.85256e-14 	1.5658e-13 	5.80345e-15 	2.09374e-13 	4.70424e-07 	-2.63061e-07 	8.27647e-10 	1.47237e-07 	-3.17794e-10 	3.71201e-10
0.2      0.2    0.2    0.2    0.2    1.35 	0.0192463 	0.0467151 	0.0276803 	6.43753e-13 	-1.38696e-13 	5.85256e-14 	1.5658e-13 	5.80345e-15 	2.09374e-13 	4.70424e-07 	-2.63061e-07 	8.27647e-10 	1.47237e-07 	-3.17794e-10 	3.71201e-10
0.2      0.2    0.2    0.2    0.2    1.44 	0.0631782 	0.0339669 	-0.0147865 	8.23764e-13 	-3.17696e-13 	6.06526e-14 	2.90665e-13 	-2.01356e-14 	1.71138e-13 	2.32437e-08 	-8.05225e-09 	-1.00244e-08 	3.01318e-09 	3.61749e-09 	4.86655e-09
0.2      0.2    0.2    0.2    0.2    1.53 	0.0631782 	0.0339669 	-0.0147865 	8.23764e-13 	-3.17696e-13 	6.06526e-14 	2.90665e-13 	-2.01356e-14 	1.71138e-13 	2.32437e-08 	-8.05225e-09 	-1.00244e-08 	3.01318e-09 	3.61749e-09 	4.86655e-09
0.2      0.2    0.2    0.2    0.2    1.62 	0.0691304 	0.0358605 	0.0475789 	8.49688e-13 	-2.75155e-13 	-1.6031e-13 	2.35874e-13 	3.74844e-14 	2.25645e-13 	4.54354e-07 	3.97068e-08 	-9.68429e-07 	7.92294e-09 	-5.58545e-08 	2.2526e-06
0.2      0.2    0.2    0.2    0.2    1.71 	0.0691304 	0.0358605 	0.0475789 	8.49688e-13 	-2.75155e-13 	-1.6031e-13 	2.35874e-13 	3.74844e-14 	2.25645e-13 	4.54354e-07 	3.97068e-08 	-9.68429e-07 	7.92294e-09 	-5.58545e-08 	2.2526e-06
0.2      0.2    0.2    0.2    0.2    1.8 	0.0718748 	0.0100404 	0.0410902 	6.05546e-13 	-1.65838e-13 	8.77779e-14 	1.5542e-13 	-1.62583e-14 	2.27135e-13 	9.29098e-08 	8.00638e-08 	1.37306e-07 	7.30277e-08 	1.18896e-07 	2.03622e-07
0.2      0.2    0.2    0.2    0.2    1.89 	0.0718748 	0.0100404 	0.0410902 	6.05546e-13 	-1.65838e-13 	8.77779e-14 	1.5542e-13 	-1.62583e-14 	2.27135e-13 	9.29098e-08 	8.00638e-08 	1.37306e-07 	7.30277e-08 	1.18896e-07 	2.03622e-07
0.2      0.2    0.2    0.2    0.2    1.98 	0.0571131 	0.0358989 	0.0585604 	5.09486e-13 	-1.50056e-13 	2.28262e-14 	1.35455e-13 	-4.05319e-15 	2.28883e-13 	5.18808e-07 	-7.01616e-07 	-2.48879e-07 	9.68316e-07 	3.41088e-07 	1.20462e-07
0.2      0.2    0.2    0.2    0.2    2.07 	0.0571131 	0.0358989 	0.0585604 	5.09486e-13 	-1.50056e-13 	2.28262e-14 	1.35455e-13 	-4.05319e-15 	2.28883e-13 	5.18808e-07 	-7.01616e-07 	-2.48879e-07 	9.68316e-07 	3.41088e-07 	1.20462e-07
0.2      0.2    0.2    0.2    0.2    2.16 	0.0590487 	-0.01397 	-0.0015513 	3.88078e-13 	-1.34438e-13 	4.54689e-15 	1.44838e-13 	4.05869e-14 	2.5275e-13 	1.2164e-08 	7.36096e-09 	7.03999e-08 	1.04698e-08 	1.74068e-07 	3.28615e-06
0.2      0.2    0.2    0.2    0.2    2.25 	0.0590487 	-0.01397 	-0.0015513 	3.88078e-13 	-1.34438e-13 	4.54689e-15 	1.44838e-13 	4.05869e-14 	2.5275e-13 	1.2164e-08 	7.36096e-09 	7.03999e-08 	1.04698e-08 	1.74068e-07 	3.28615e-06
0.2      0.2    0.2    0.2    0.2    2.34 	0.0590487 	-0.01397 	-0.0015513 	3.88078e-13 	-1.34438e-13 	4.54689e-15 	1.44838e-13 	4.05869e-14 	2.5275e-13 	1.2164e-08 	7.36096e-09 	7.03999e-08 	1.04698e-08 	1.74068e-07 	3.28615e-06
0.2      0.2    0.2    0.2    0.2    2.43 	0.078278 	-0.0555815 	-0.0271199 	3.53063e-13 	-1.45944e-13 	1.07294e-14 	1.89753e-13 	-1.44854e-14 	2.00067e-13 	1.45789e-06 	-8.74451e-07 	1.64699e-07 	5.32168e-07 	-9.8973e-08 	1.87254e-08
0.2      0.2    0.2    0.2    0.2    2.52 	0.078278 	-0.0555815 	-0.0271199 	3.53063e-13 	-1.45944e-13 	1.07294e-14 	1.89753e-13 	-1.44854e-14 	2.00067e-13 	1.45789e-06 	-8.74451e-07 	1.64699e-07 	5.32168e-07 	-9.8973e-08 	1.87254e-08
0.2      0.2    0.2    0.2    0.2    2.61 	0.102534 	0.01175 	-0.0453243 	8.5922e-13 	-3.01883e-13 	5.98608e-14 	2.67536e-13 	2.34065e-14 	2.78663e-13 	4.96602e-06 	-3.52834e-06 	2.40232e-06 	2.50871e-06 	-1.7067e-06 	1.16217e-06
0.2      0.2    0.2    0.2    0.2    2.7 	0.102534 	0.01175 	-0.0453243 	8.5922e-13 	-3.01883e-13 	5.98608e-14 	2.67536e-13 	2.34065e-14 	2.78663e-13 	4.96602e-06 	-3.52834e-06 	2.40232e-06 	2.50871e-06 	-1.7067e-06 	1.16217e-06
0.2      0.2    0.2    0.2    0.2    2.79 	0.136529 	-0.0459425 	0.00347139 	1.11313e-12 	-2.64127e-13 	1.26176e-13 	2.71526e-13 	-1.53972e-14 	2.5134e-13 	3.05258e-06 	1.11905e-06 	2.593e-06 	4.1034e-07 	9.50874e-07 	2.20348e-06
0.2      0.2    0.2    0.2    0.2    2.88 	0.136529 	-0.0459425 	0.00347139 	1.11313e-12 	-2.64127e-13 	1.26176e-13 	2.71526e-13 	-1.53972e-14 	2.5134e-13 	3.05258e-06 	1.11905e-06 	2.593e-06 	4.1034e-07 	9.50874e-07 	2.20348e-06
0.2      0.2    0.2    0.2    0.2    2.97 	0.0880621 	0.0132668 	0.0179535 	6.84547e-13 	-1.6033e-13 	-3.50937e-14 	2.10382e-13 	5.31082e-14 	2.18159e-13 	5.85002e-08 	1.46292e-07 	-2.6611e-07 	3.67493e-07 	-6.70231e-07 	1.22669e-06
0.2      0.2    0.2    0.2    0.2    3.06 	0.0880621 	0.0132668 	0.0179535 	6.84547e-13 	-1.6033e-13 	-3.50937e-14 	2.10382e-13 	5.31082e-14 	2.18159e-13 	5.85002e-08 	1.46292e-07 	-2.6611e-07 	3.67493e-07 	-6.70231e-07 	1.22669e-06
0.2      0.2    0.2    0.2    0.2    3.15 	0.100584 	-0.0632593 	0.0311888 	5.15402e-13 	-1.63775e-13 	-3.18223e-14 	2.22552e-13 	3.66778e-14 	2.02488e-13 	3.3068e-08 	1.64277e-07 	-1.64532e-07 	1.16196e-06 	-1.08568e-06 	1.0269e-06
0.2      0.2    0.2    0.2    0.2    3.24 	0.100584 	-0.0632593 	0.0311888 	5.15402e-13 	-1.63775e-13 	-3.18223e-14 	2.22552e-13 	3.66778e-14 	2.02488e-13 	3.3068e-08 	1.64277e-07 	-1.64532e-07 	1.16196e-06 	-1.08568e-06 	1.0269e-06
0.2      0.2    0.2    0.2    0.2    3.33 	0.155759 	-0.0440009 	0.0659107 	5.17595e-13 	-1.3918e-13 	4.92873e-14 	1.59958e-13 	-5.90786e-15 	2.1901e-13 	1.17674e-06 	2.69708e-07 	-1.90338e-07 	6.58801e-08 	-4.35274e-08 	3.11861e-08
0.2      0.2    0.2    0.2    0.2    3.42 	0.155759 	-0.0440009 	0.0659107 	5.17595e-13 	-1.3918e-13 	4.92873e-14 	1.59958e-13 	-5.90786e-15 	2.1901e-13 	1.17674e-06 	2.69708e-07 	-1.90338e-07 	6.58801e-08 	-4.35274e-08 	3.11861e-08
0.2      0.2    0.2    0.2    0.2    3.51 	0.155759 	-0.0440009 	0.0659107 	5.17595e-13 	-1.3918e-13 	4.92873e-14 	1.59958e-13 	-5.90786e-15 	2.1901e-13 	1.17674e-06 	2.69708e-07 	-1.90338e-07 	6.58801e-08 	-4.35274e-08 	3.11861e-08
0.2      0.2    0.2    0.2    0.2    3.6 	0.0908587 	-0.000417155 	0.0298947 	4.4396e-13 	-1.57377e-13 	1.65789e-14 	1.36604e-13 	-2.30139e-14 	2.00252e-13 	5.20521e-07 	-2.31629e-07 	-4.13379e-07 	1.25015e-07 	2.20551e-07 	3.89868e-07
0.2      0.2    0.2    0.2    0.2    3.69 	0.0908587 	-0.000417155 	0.0298947 	4.4396e-13 	-1.57377e-13 	1.65789e-14 	1.36604e-13 	-2.30139e-14 	2.00252e-13 	5.20521e-07 	-2.31629e-07 	-4.13379e-07 	1.25015e-07 	2.20551e-07 	3.89868e-07
0.2      0.2    0.2    0.2    0.2    3.78 	0.116742 	-0.0246965 	-0.00294508 	6.72622e-13 	-2.19597e-13 	7.36615e-14 	2.37926e-13 	-4.27298e-14 	1.93586e-13 	6.80852e-07 	-2.24741e-07 	-5.42837e-07 	7.71414e-08 	1.73154e-07 	4.45306e-07
0.2      0.2    0.2    0.2    0.2    3.87 	0.116742 	-0.0246965 	-0.00294508 	6.72622e-13 	-2.19597e-13 	7.36615e-14 	2.37926e-13 	-4.27298e-14 	1.93586e-13 	6.80852e-07 	-2.24741e-07 	-5.42837e-07 	7.71414e-08 	1.73154e-07 	4.45306e-07
0.2      0.2    0.2    0.2    0.2    3.96 	0.081323 	0.0231471 	0.030246 	5.61343e-13 	-1.77512e-13 	1.31701e-14 	1.8472e-13 	7.41426e-15 	2.34429e-13 	5.8618e-07 	1.67458e-07 	-5.64771e-07 	4.89493e-08 	-1.63023e-07 	5.51535e-07
0.2      0.2    0.2    0.2    0.2    4.05 	0.081323 	0.0231471 	0.030246 	5.61343e-13 	-1.77512e-13 	1.31701e-14 	1.8472e-13 	7.41426e-15 	2.34429e-13 	5.8618e-07 	1.67458e-07 	-5.64771e-07 	4.89493e-08 	-1.63023e-07 	5.51535e-07
0.2      0.2    0.2    0.2    0.2    4.14 	0.12903 	-0.0199624 	0.0191801 	8.10355e-13 	-2.39302e-13 	1.69903e-13 	1.87679e-13 	-9.45651e-15 	2.57656e-13 	2.04056e-06 	-9.803e-07 	-4.36294e-06 	4.74944e-07 	2.12433e-06 	9.53227e-06
0.2      0.2    0.2    0.2    0.2    4.23 	0.12903 	-0.0199624 	0.0191801 	8.10355e-13 	-2.39302e-13 	1.69903e-13 	1.87679e-13 	-9.45651e-15 	2.57656e-13 	2.04056e-06 	-9.803e-07 	-4.36294e-06 	4.74944e-07 	2.12433e-06 	9.53227e-06
0.2      0.2    0.2    0.2    0.2    4.32 	0.148112 	-0.0508896 	-0.0295661 	1.153e-12 	-3.60951e-13 	5.36961e-14 	2.95408e-13 	7.20834e-15 	1.3513e-13 	1.62793e-06 	-9.65392e-07 	5.10072e-08 	5.81679e-07 	-3.77117e-08 	7.74585e-09
0.2      0.2    0.2    0.2    0.2    4.41 	0.148112 	-0.0508896 	-0.0295661 	1.153e-12 	-3.60951e-13 	5.36961e-14 	2.95408e-13 	7.20834e-15 	1.3513e-13 	1.62793e-06 	-9.65392e-07 	5.10072e-08 	5.81679e-07 	-3.77117e-08 	7.74585e-09
0.2      0.2    0.2    0.2    0.2    4.5 	0.148112 	-0.0508896 	-0.0295661 	1.153e-12 	-3.60951e-13 	5.36961e-14 	2.95408e-13 	7.20834e-15 	1.3513e-13 	1.62793e-06 	-9.65392e-07 	5.10072e-08 	5.81679e-07 	-3.77117e-08 	7.74585e-09
0.3      0.3    0.3    0.3    0.3    0 	0.121701 	-0.0583954 	0.010118 	8.17879e-13 	-3.40736e-13 	1.72648e-13 	2.44703e-13 	-3.51843e-14 	1.67478e-13 	6.43257e-06 	1.85098e-07 	1.20213e-06 	1.13621e-08 	4.61481e-08 	2.46802e-07
0.3      0.3    0.3    0.3    0.3    0.09 	0.121701 	-0.0583954 	0.010118 	8.17879e-13 	-3.40736e-13 	1.72648e-13 	2.44703e-13 	-3.51843e-14 	1.67478e-13 	6.43257e-06 	1.85098e-07 	1.20213e-06 	1.13621e-08 	4.61481e-08 	2.46802e-07
0.3      0.3    0.3    0.3    0.3    0.18 	0.121701 	-0.0583954 	0.010118 	8.17879e-13 	-3.40736e-13 	1.72648e-13 	2.44703e-13 	-3.51843e-14 	1.67478e-13 	6.43257e-06 	1.85098e-07 	1.20213e-06 	1.13621e-08 	4.61481e-08 	2.46802e-07
0.3      0.3    0.3    0.3    0.3    0.27 	0.159344 	-0.048858 	-0.0470518 	6.70752e-13 	-2.96977e-13 	-4.39168e-14 	2.25112e-13 	-9.14691e-15 	1.6374e-13 	1.01811e-06 	8.34034e-08 	-2.63442e-08 	6.87112e-09 	-1.71273e-09 	1.25838e-08
0.3      0.3    0.3    0.3    0.3    0.36 	0.159344 	-0.048858 	-0.0470518 	6.70752e-13 	-2.96977e-13 	-4.39168e-14 	2.25112e-13 	-9.14691e-15 	1.6374e-13 	1.01811e-06 	8.34034e-08 	-2.63442e-08 	6.87112e-09 	-1.71273e-09 	1.25838e-08
0.3      0.3    0.3    0.3    0.3    0.45 	0.0494871 	-0.0204829 	-0.00941312 	5.02347e-13 	-2.16716e-13 	4.70999e-14 	2.41454e-13 	-2.48828e-14 	1.71631e-13 	1.19617e-06 	3.75387e-07 	6.08281e-07 	1.26796e-07 	1.92876e-07 	3.09873e-07
0.3      0.3    0.3    0.3    0.3    0.54 	0.0494871 	-0.0204829 	-0.00941312 	5.02347e-13 	-2.16716e-13 	4.70999e-14 	2.41454e-13 	-2.48828e-14 	1.71631e-13 	1.19617e-06 	3.75387e-07 	6.08281e-07 	1.26796e-07 	1.92876e-07 	3.09873e-07
0.3      0.3    0.3    0.3    0.3    0.63 	0.0932711 	-0.0309982 	-0.0310836 	6.84464e-13 	-3.77437e-13 	1.00857e-13 	3.14981e-13 	-4.56777e-14 	2.11508e-13 	1.78028e-06 	1.62226e-06 	-5.9398e-07 	1.62117e-06 	-6.27773e-07 	2.50641e-07
0.3      0.3    0.3    0.3    0.3    0.72 	0.0932711 	-0.0309982 	-0.0310836 	6.84464e-13 	-3.77437e-13 	1.00857e-13 	3.14981e-13 	-4.56777e-14 	2.11508e-13 	1.78028e-06 	1.62226e-06 	-5.9398e-07 	1.62117e-06 	-6.27773e-07 	2.50641e-07
0.3      0.3    0.3    0.3    0.3    0.81 	0.0792849 	-0.00568467 	0.00170389 	1.07611e-12 	-5.57795e-13 	-1.91601e-13 	4.60319e-13 	4.89844e-14 	1.41885e-13 	6.34755e-07 	-8.01348e-09 	4.09726e-08 	6.94793e-08 	-4.01668e-08 	2.5552e-08
0.3      0.3    0.3    0.3    0.3    0.9 	0.0792849 	-0.00568467 	0.00170389 	1.07611e-12 	-5.57795e-13 	-1.91601e-13 	4.60319e-13 	4.89844e-14 	1.41885e-13 	6.34755e-07 	-8.01348e-09 	4.09726e-08 	6.94793e-08 	-4.01668e-08 	2.5552e-08
0.3      0.3    0.3    0.3    0.3    0.99 	0.112484 	0.00922138 	0.0160332 	1.33586e-12 	-5.64729e-13 	-2.07506e-13 	3.14938e-13 	-4.60152e-16 	1.53935e-13 	5.94043e-07 	9.33409e-07 	2.28034e-07 	2.102e-06 	7.36061e-07 	3.12612e-07
0.3      0.3    0.3    0.3    0.3    1.08 	0.112484 	0.00922138 	0.0160332 	1.33586e-12 	-5.64729e-13 	-2.07506e-13 	3.14938e-13 	-4.60152e-16 	1.53935e-13 	5.94043e-07 	9.33409e-07 	2.28034e-07 	2.102e-06 	7.36061e-07 	3.12612e-07
0.3      0.3    0.3    0.3    0.3    1.17 	0.112484 	0.00922138 	0.0160332 	1.33586e-12 	-5.64729e-13 	-2.07506e-13 	3.14938e-13 	-4.60152e-16 	1.53935e-13 	5.94043e-07 	9.33409e-07 	2.28034e-07 	2.102e-06 	7.36061e-07 	3.12612e-07
0.3      0.3    0.3    0.3    0.3    1.26 	0.0204518 	0.0461105 	0.0276811 	6.59698e-13 	-1.48373e-13 	5.36247e-14 	1.57657e-13 	5.54803e-15 	2.08406e-13 	1.07924e-06 	-5.7712e-07 	8.99807e-09 	3.08994e-07 	-4.65063e-09 	3.43659e-10
0.3      0.3    0.3    0.3    0.3    1.35 	0.0204518 	0.0461105 	0.0276811 	6.59698e-13 	-1.48373e-13 	5.36247e-14 	1.57657e-13 	5.54803e-15 	2.08406e-13 	1.07924e-06 	-5.7712e-07 	8.99807e-09 	3.08994e-07 	-4.65063e-09 	3.43659e-10
0.3      0.3    0.3    0.3    0.3    1.44 	0.0625472 	0.0343288 	-0.0144581 	8.28304e-13 	-3.20789e-13 	6.39672e-14 	2.89323e-13 	-2.10018e-14 	1.71642e-13 	1.10354e-07 	-5.43124e-08 	-5.59107e-08 	2.73143e-08 	2.78172e-08 	2.87931e-08
0.3      0.3    0.3    0.3    0.3    1.53 	0.0625472 	0.0343288 	-0.0144581 	8.28304e-13 	-3.20789e-13 	6.39672e-14 	2.89323e-13 	-2.10018e-14 	1.71642e-13 	1.10354e-07 	-5.43124e-08 	-5.59107e-08 	2.73143e-08 	2.78172e-08 	2.87931e-08
0.3      0.3    0.3    0.3    0.3    1.62 	0.0696373 	0.0355037 	0.0449131 	8.61913e-13 	-2.81194e-13 	-1.6918e-13 	2.39242e-13 	3.86382e-14 	2.27629e-13 	5.75875e-07 	-3.76742e-08 	-1.64438e-06 	2.20405e-08 	2.03129e-07 	5.17514e-06
0.3      0.3    0.3    0.3    0.3    1.71 	0.0696373 	0.0355037 	0.0449131 	8.61913e-13 	-2.81194e-13 	-1.6918e-13 	2.39242e-13 	3.86382e-14 	2.27629e-13 	5.75875e-07 	-3.76742e-08 	-1.64438e-06 	2.20405e-08 	2.03129e-07 	5.17514e-06
0.3      0.3    0.3    0.3    0.3    1.8 	0.0722714 	0.0101904 	0.0419044 	6.12225e-13 	-1.67891e-13 	8.30361e-14 	1.57177e-13 	-1.50458e-14 	2.26217e-13 	1.80358e-07 	1.24149e-07 	2.92375e-07 	9.12061e-08 	1.98918e-07 	4.7701e-07
0.3      0.3    0.3    0.3    0.3    1.89 	0.0722714 	0.0101904 	0.0419044 	6.12225e-13 	-1.67891e-13 	8.30361e-14 	1.57177e-13 	-1.50458e-14 	2.26217e-13 	1.80358e-07 	1.24149e-07 	2.92375e-07 	9.12061e-08 	1.98918e-07 	4.7701e-07
0.3      0.3    0.3    0.3    0.3    1.98 	0.0559658 	0.0366441 	0.0588712 	5.13025e-13 	-1.50992e-13 	2.24008e-14 	1.35826e-13 	-4.06712e-15 	2.29279e-13 	1.11464e-06 	-1.21798e-06 	-4.52525e-07 	1.38202e-06 	5.08448e-07 	1.87585e-07
0.3      0.3    0.3    0.3    0.3    2.07 	0.0559658 	0.0366441 	0.0588712 	5.13025e-13 	-1.50992e-13 	2.24008e-14 	1.35826e-13 	-4.06712e-15 	2.29279e-13 	1.11464e-06 	-1.21798e-06 	-4.52525e-07 	1.38202e-06 	5.08448e-07 	1.87585e-07
0.3      0.3    0.3    0.3    0.3    2.16 	0.0586622 	-0.0138946 	0.00170573 	3.92422e-13 	-1.33388e-13 	6.71911e-15 	1.43726e-13 	4.01231e-14 	2.53068e-13 	3.04659e-08 	-5.69029e-09 	-2.97389e-07 	1.24165e-08 	2.8966e-07 	7.75654e-06
0.3      0.3    0.3    0.3    0.3    2.25 	0.0586622 	-0.0138946 	0.00170573 	3.92422e-13 	-1.33388e-13 	6.71911e-15 	1.43726e-13 	4.01231e-14 	2.53068e-13 	3.04659e-08 	-5.69029e-09 	-2.97389e-07 	1.24165e-08 	2.8966e-07 	7.75654e-06
0.3      0.3    0.3    0.3    0.3    2.34 	0.0586622 	-0.0138946 	0.00170573 	3.92422e-13 	-1.33388e-13 	6.71911e-15 	1.43726e-13 	4.01231e-14 	2.53068e-13 	3.04659e-08 	-5.69029e-09 	-2.97389e-07 	1.24165e-08 	2.8966e-07 	7.75654e-06
0.3      0.3    0.3    0.3    0.3    2.43 	0.0764849 	-0.0551535 	-0.0271245 	3.52456e-13 	-1.44239e-13 	1.10261e-14 	1.87925e-13 	-1.41082e-14 	2.01209e-13 	2.91268e-06 	-1.39385e-06 	2.48269e-07 	6.96787e-07 	-1.25093e-07 	2.28577e-08
0.3      0.3    0.3    0.3    0.3    2.52 	0.0764849 	-0.0551535 	-0.0271245 	3.52456e-13 	-1.44239e-13 	1.10261e-14 	1.87925e-13 	-1.41082e-14 	2.01209e-13 	2.91268e-06 	-1.39385e-06 	2.48269e-07 	6.96787e-07 	-1.25093e-07 	2.28577e-08
0.3      0.3    0.3    0.3    0.3    2.61 	0.106125 	0.00926518 	-0.0435191 	8.69565e-13 	-3.08653e-13 	6.04476e-14 	2.72139e-13 	2.38911e-14 	2.79911e-13 	1.04681e-05 	-7.32142e-06 	5.1276e-06 	5.12244e-06 	-3.58583e-06 	2.51191e-06
0.3      0.3    0.3    0.3    0.3    2.7 	0.106125 	0.00926518 	-0.0435191 	8.69565e-13 	-3.08653e-13 	6.04476e-14 	2.72139e-13 	2.38911e-14 	2.79911e-13 	1.04681e-05 	-7.32142e-06 	5.1276e-06 	5.12244e-06 	-3.58583e-06 	2.51191e-06
0.3      0.3    0.3    0.3    0.3    2.79 	0.139457 	-0.0448313 	0.00606893 	1.11331e-12 	-2.61518e-13 	1.23196e-13 	2.69789e-13 	-1.44923e-14 	2.50637e-13 	6.86168e-06 	2.53836e-06 	5.89328e-06 	9.39141e-07 	2.18046e-06 	5.06255e-06
0.3      0.3    0.3    0.3    0.3    2.88 	0.139457 	-0.0448313 	0.00606893 	1.11331e-12 	-2.61518e-13 	1.23196e-13 	2.69789e-13 	-1.44923e-14 	2.50637e-13 	6.86168e-06 	2.53836e-06 	5.89328e-06 	9.39141e-07 	2.18046e-06 	5.06255e-06
0.3      0.3    0.3    0.3    0.3    2.97 	0.0884311 	0.0144242 	0.0161875 	6.84891e-13 	-1.59647e-13 	-3.78702e-14 	2.09287e-13 	5.38427e-14 	2.19861e-13 	1.27903e-07 	3.39919e-07 	-5.77316e-07 	9.06596e-07 	-1.53769e-06 	2.61708e-06
0.3      0.3    0.3    0.3    0.3    3.06 	0.0884311 	0.0144242 	0.0161875 	6.84891e-13 	-1.59647e-13 	-3.78702e-14 	2.09287e-13 	5.38427e-14 	2.19861e-13 	1.27903e-07 	3.39919e-07 	-5.77316e-07 	9.06596e-07 	-1.53769e-06 	2.61708e-06
0.3      0.3    0.3    0.3    0.3    3.15 	0.100471 	-0.0611497 	0.0295181 	5.20629e-13 	-1.64257e-13 	-3.55861e-14 	2.24165e-13 	3.81807e-14 	2.01906e-13 	2.40575e-08 	1.60687e-07 	-1.52978e-07 	2.96118e-06 	-2.5539e-06 	2.21665e-06
0.3      0.3    0.3    0.3    0.3    3.24 	0.100471 	-0.0611497 	0.0295181 	5.20629e-13 	-1.64257e-13 	-3.55861e-14 	2.24165e-13 	3.81807e-14 	2.01906e-13 	2.40575e-08 	1.60687e-07 	-1.52978e-07 	2.96118e-06 	-2.5539e-06 	2.21665e-06
0.3      0.3    0.3    0.3    0.3    3.33 	0.157624 	-0.0432471 	0.0653384 	5.17959e-13 	-1.36846e-13 	4.36158e-14 	1.59291e-13 	-3.70524e-15 	2.18526e-13 	2.60192e-06 	7.74819e-07 	-5.31836e-07 	2.39363e-07 	-1.62311e-07 	1.11823e-07
0.3      0.3    0.3    0.3    0.3    3.42 	0.157624 	-0.0432471 	0.0653384 	5.17959e-13 	-1.36846e-13 	4.36158e-14 	1.59291e-13 	-3.70524e-15 	2.18526e-13 	2.60192e-06 	7.74819e-07 	-5.31836e-07 	2.39363e-07 	-1.62311e-07 	1.11823e-07
0.3      0.3    0.3    0.3    0.3    3.51 	0.157624 	-0.0432471 	0.0653384 	5.17959e-13 	-1.36846e-13 	4.36158e-14 	1.59291e-13 	-3.70524e-15 	2.18526e-13 	2.60192e-06 	7.74819e-07 	-5.31836e-07 	2.39363e-07 	-1.62311e-07 	1.11823e-07
0.3      0.3    0.3    0.3    0.3    3.6 	0.0889224 	-8.77514e-05 	0.0302008 	4.37123e-13 	-1.55393e-13 	1.65031e-14 	1.36491e-13 	-2.36471e-14 	2.0228e-13 	1.75307e-06 	-5.10631e-07 	-8.15047e-07 	1.744e-07 	2.85922e-07 	4.72965e-07
0.3      0.3    0.3    0.3    0.3    3.69 	0.0889224 	-8.77514e-05 	0.0302008 	4.37123e-13 	-1.55393e-13 	1.65031e-14 	1.36491e-13 	-2.36471e-14 	2.0228e-13 	1.75307e-06 	-5.10631e-07 	-8.15047e-07 	1.744e-07 	2.85922e-07 	4.72965e-07
0.3      0.3    0.3    0.3    0.3    3.78 	0.115561 	-0.0240327 	-0.00236172 	6.73808e-13 	-2.19629e-13 	7.29156e-14 	2.38628e-13 	-4.29409e-14 	1.9461e-13 	1.3725e-06 	-5.61971e-07 	-9.33803e-07 	2.36904e-07 	3.71411e-07 	6.53627e-07
0.3      0.3    0.3    0.3    0.3    3.87 	0.115561 	-0.0240327 	-0.00236172 	6.73808e-13 	-2.19629e-13 	7.29156e-14 	2.38628e-13 	-4.29409e-14 	1.9461e-13 	1.3725e-06 	-5.61971e-07 	-9.33803e-07 	2.36904e-07 	3.71411e-07 	6.53627e-07
0.3      0.3    0.3    0.3    0.3    3.96 	0.0823128 	0.0230541 	0.0295219 	5.66962e-13 	-1.80335e-13 	1.23946e-14 	1.8774e-13 	7.92885e-15 	2.34216e-13 	1.08807e-06 	2.0084e-07 	-9.47378e-07 	4.5555e-08 	-1.82278e-07 	8.35274e-07
0.3      0.3    0.3    0.3    0.3    4.05 	0.0823128 	0.0230541 	0.0295219 	5.66962e-13 	-1.80335e-13 	1.23946e-14 	1.8774e-13 	7.92885e-15 	2.34216e-13 	1.08807e-06 	2.0084e-07 	-9.47378e-07 	4.5555e-08 	-1.82278e-07 	8.35274e-07
0.3      0.3    0.3    0.3    0.3    4.14 	0.127965 	-0.0191587 	0.0240325 	8.03255e-13 	-2.36712e-13 	1.7313e-13 	1.87428e-13 	-9.36898e-15 	2.57615e-13 	2.81869e-06 	-1.5111e-06 	-7.33788e-06 	8.21858e-07 	4.02943e-06 	1.9886e-05
0.3      0.3    0.3    0.3    0.3    4.23 	0.127965 	-0.0191587 	0.0240325 	8.03255e-13 	-2.36712e-13 	1.7313e-13 	1.87428e-13 	-9.36898e-15 	2.57615e-13 	2.81869e-06 	-1.5111e-06 	-7.33788e-06 	8.21858e-07 	4.02943e-06 	1.9886e-05
0.3      0.3    0.3    0.3    0.3    4.32 	0.146695 	-0.0495582 	-0.0300574 	1.12211e-12 	-3.4149e-13 	4.94286e-14 	2.8556e-13 	9.24598e-15 	1.35021e-13 	2.59205e-06 	-1.79729e-06 	3.15608e-07 	1.27297e-06 	-2.42445e-07 	5.93466e-08
0.3      0.3    0.3    0.3    0.3    4.41 	0.146695 	-0.0495582 	-0.0300574 	1.12211e-12 	-3.4149e-13 	4.94286e-14 	2.8556e-13 	9.24598e-15 	1.35021e-13 	2.59205e-06 	-1.79729e-06 	3.15608e-07 	1.27297e-06 	-2.42445e-07 	5.93466e-08
0.3      0.3    0.3    0.3    0.3    4.5 	0.146695 	-0.0495582 	-0.0300574 	1.12211e-12 	-3.4149e-13 	4.94286e-14 	2.8556e-13 	9.24598e-15 	1.35021e-13 	2.59205e-06 	-1.79729e-06 	3.15608e-07 	1.27297e-06 	-2.42445e-07 	5.93466e-08
