0.01      0.01    0.01    0.01    0.01    0 	0.170139 	0.0104029 	-0.00390508 	8.11543e-13 	8.10925e-14 	1.07235e-13 	4.0689e-13 	-1.73599e-13 	8.59766e-13 	4.23756e-11 	2.33915e-10 	9.71404e-11 	1.29122e-09 	5.36219e-10 	2.22681e-10
0.01      0.01    0.01    0.01    0.01    0.09 	0.170139 	0.0104029 	-0.00390508 	8.11543e-13 	8.10925e-14 	1.07235e-13 	4.0689e-13 	-1.73599e-13 	8.59766e-13 	4.23756e-11 	2.33915e-10 	9.71404e-11 	1.29122e-09 	5.36219e-10 	2.22681e-10
0.01      0.01    0.01    0.01    0.01    0.18 	0.170139 	0.0104029 	-0.00390508 	8.11543e-13 	8.10925e-14 	1.07235e-13 	4.0689e-13 	-1.73599e-13 	8.59766e-13 	4.23756e-11 	2.33915e-10 	9.71404e-11 	1.29122e-09 	5.36219e-10 	2.22681e-10
0.01      0.01    0.01    0.01    0.01    0.27 	0.208083 	0.00853322 	-0.0342656 	6.29317e-13 	-7.20895e-14 	-4.36578e-14 	3.65143e-13 	7.57846e-15 	4.00471e-13 	1.28365e-09 	2.65382e-09 	9.67847e-10 	5.48649e-09 	2.00092e-09 	7.29737e-10
0.01      0.01    0.01    0.01    0.01    0.36 	0.208083 	0.00853322 	-0.0342656 	6.29317e-13 	-7.20895e-14 	-4.36578e-14 	3.65143e-13 	7.57846e-15 	4.00471e-13 	1.28365e-09 	2.65382e-09 	9.67847e-10 	5.48649e-09 	2.00092e-09 	7.29737e-10
0.01      0.01    0.01    0.01    0.01    0.45 	0.178977 	-0.00261025 	-0.0222744 	5.23534e-13 	2.15083e-14 	4.45662e-14 	4.4274e-13 	1.03475e-13 	3.53996e-13 	6.52606e-10 	2.7275e-09 	8.8256e-10 	1.13993e-08 	3.68857e-09 	1.19354e-09
0.01      0.01    0.01    0.01    0.01    0.54 	0.178977 	-0.00261025 	-0.0222744 	5.23534e-13 	2.15083e-14 	4.45662e-14 	4.4274e-13 	1.03475e-13 	3.53996e-13 	6.52606e-10 	2.7275e-09 	8.8256e-10 	1.13993e-08 	3.68857e-09 	1.19354e-09
0.01      0.01    0.01    0.01    0.01    0.63 	0.18173 	-0.00589367 	0.0276022 	6.91983e-13 	7.89889e-14 	1.80418e-13 	5.59264e-13 	-1.07275e-13 	8.96944e-13 	1.71806e-09 	1.34121e-09 	2.57966e-10 	1.04702e-09 	2.01382e-10 	3.87334e-11
0.01      0.01    0.01    0.01    0.01    0.72 	0.18173 	-0.00589367 	0.0276022 	6.91983e-13 	7.89889e-14 	1.80418e-13 	5.59264e-13 	-1.07275e-13 	8.96944e-13 	1.71806e-09 	1.34121e-09 	2.57966e-10 	1.04702e-09 	2.01382e-10 	3.87334e-11
0.01      0.01    0.01    0.01    0.01    0.81 	0.18197 	-0.00409058 	-0.0124333 	6.58495e-13 	-6.62023e-14 	1.78789e-13 	5.46254e-13 	2.97822e-13 	6.87852e-13 	1.13318e-09 	1.0179e-09 	4.65466e-10 	9.14339e-10 	4.18111e-10 	1.91195e-10
0.01      0.01    0.01    0.01    0.01    0.9 	0.18197 	-0.00409058 	-0.0124333 	6.58495e-13 	-6.62023e-14 	1.78789e-13 	5.46254e-13 	2.97822e-13 	6.87852e-13 	1.13318e-09 	1.0179e-09 	4.65466e-10 	9.14339e-10 	4.18111e-10 	1.91195e-10
0.01      0.01    0.01    0.01    0.01    0.99 	0.115784 	0.00639782 	0.0194929 	4.61019e-13 	-1.13479e-13 	9.88486e-14 	2.64121e-13 	3.34098e-14 	3.93987e-13 	6.93263e-12 	-9.44598e-12 	-3.02679e-11 	1.28705e-11 	4.12411e-11 	1.32149e-10
0.01      0.01    0.01    0.01    0.01    1.08 	0.115784 	0.00639782 	0.0194929 	4.61019e-13 	-1.13479e-13 	9.88486e-14 	2.64121e-13 	3.34098e-14 	3.93987e-13 	6.93263e-12 	-9.44598e-12 	-3.02679e-11 	1.28705e-11 	4.12411e-11 	1.32149e-10
0.01      0.01    0.01    0.01    0.01    1.17 	0.115784 	0.00639782 	0.0194929 	4.61019e-13 	-1.13479e-13 	9.88486e-14 	2.64121e-13 	3.34098e-14 	3.93987e-13 	6.93263e-12 	-9.44598e-12 	-3.02679e-11 	1.28705e-11 	4.12411e-11 	1.32149e-10
0.01      0.01    0.01    0.01    0.01    1.26 	0.104399 	0.0115687 	0.000148959 	5.90799e-13 	-1.50867e-13 	2.15411e-14 	2.68306e-13 	5.14198e-14 	4.34682e-13 	3.59473e-11 	-2.94776e-11 	9.1589e-11 	2.41723e-11 	-7.51049e-11 	2.33357e-10
0.01      0.01    0.01    0.01    0.01    1.35 	0.11766 	0.00852163 	0.00681717 	5.75762e-13 	-1.35484e-13 	5.36491e-14 	2.66156e-13 	3.46943e-14 	4.50611e-13 	2.56079e-11 	-6.50919e-11 	5.77326e-11 	1.65455e-10 	-1.46749e-10 	1.30157e-10
0.01      0.01    0.01    0.01    0.01    1.44 	0.123206 	0.0121221 	0.0226104 	4.96019e-13 	-1.0621e-13 	1.29526e-13 	2.34216e-13 	-1.79666e-14 	4.42527e-13 	5.95088e-12 	-4.90337e-11 	4.55709e-11 	4.04025e-10 	-3.75492e-10 	3.48974e-10
0.01      0.01    0.01    0.01    0.01    1.53 	0.123206 	0.0121221 	0.0226104 	4.96019e-13 	-1.0621e-13 	1.29526e-13 	2.34216e-13 	-1.79666e-14 	4.42527e-13 	5.95088e-12 	-4.90337e-11 	4.55709e-11 	4.04025e-10 	-3.75492e-10 	3.48974e-10
0.01      0.01    0.01    0.01    0.01    1.62 	0.119143 	0.011383 	-0.00696832 	4.94658e-13 	-5.08601e-14 	9.48458e-14 	2.46762e-13 	-3.93933e-14 	5.58918e-13 	7.39477e-11 	7.447e-11 	-2.38718e-10 	7.49959e-11 	-2.40404e-10 	7.70629e-10
0.01      0.01    0.01    0.01    0.01    1.71 	0.127067 	0.0153522 	-0.0130016 	4.37775e-13 	-3.76874e-14 	8.72679e-14 	2.38964e-13 	-6.07941e-14 	5.36421e-13 	1.24377e-10 	-1.09209e-10 	4.27406e-12 	9.58917e-11 	-3.75285e-12 	1.46873e-13
0.01      0.01    0.01    0.01    0.01    1.8 	0.0517526 	0.00740733 	-0.0236225 	4.76129e-13 	-7.94257e-14 	-9.69014e-14 	2.10038e-13 	-5.15514e-14 	4.35657e-13 	2.28578e-10 	7.15185e-12 	-5.15505e-11 	2.2377e-13 	-1.61293e-12 	1.1626e-11
0.01      0.01    0.01    0.01    0.01    1.89 	0.0517526 	0.00740733 	-0.0236225 	4.76129e-13 	-7.94257e-14 	-9.69014e-14 	2.10038e-13 	-5.15514e-14 	4.35657e-13 	2.28578e-10 	7.15185e-12 	-5.15505e-11 	2.2377e-13 	-1.61293e-12 	1.1626e-11
0.01      0.01    0.01    0.01    0.01    1.98 	0.0909821 	-0.00103009 	-0.0117771 	7.29187e-13 	-1.27504e-13 	-1.86537e-13 	2.56739e-13 	-2.75794e-14 	4.31753e-13 	4.87203e-11 	3.4439e-11 	3.85749e-11 	2.4344e-11 	2.72675e-11 	3.05421e-11
0.01      0.01    0.01    0.01    0.01    2.07 	0.0909821 	-0.00103009 	-0.0117771 	7.29187e-13 	-1.27504e-13 	-1.86537e-13 	2.56739e-13 	-2.75794e-14 	4.31753e-13 	4.87203e-11 	3.4439e-11 	3.85749e-11 	2.4344e-11 	2.72675e-11 	3.05421e-11
0.01      0.01    0.01    0.01    0.01    2.16 	0.145514 	-0.0104036 	-0.0393122 	4.80698e-13 	-7.68203e-14 	-6.93838e-14 	2.50654e-13 	-9.24604e-14 	4.29421e-13 	2.80284e-10 	-3.06762e-11 	2.2137e-10 	3.35742e-12 	-2.42282e-11 	1.74839e-10
0.01      0.01    0.01    0.01    0.01    2.25 	0.145514 	-0.0104036 	-0.0393122 	4.80698e-13 	-7.68203e-14 	-6.93838e-14 	2.50654e-13 	-9.24604e-14 	4.29421e-13 	2.80284e-10 	-3.06762e-11 	2.2137e-10 	3.35742e-12 	-2.42282e-11 	1.74839e-10
0.01      0.01    0.01    0.01    0.01    2.34 	0.145514 	-0.0104036 	-0.0393122 	4.80698e-13 	-7.68203e-14 	-6.93838e-14 	2.50654e-13 	-9.24604e-14 	4.29421e-13 	2.80284e-10 	-3.06762e-11 	2.2137e-10 	3.35742e-12 	-2.42282e-11 	1.74839e-10
0.01      0.01    0.01    0.01    0.01    2.43 	0.106197 	0.00539373 	-0.050808 	4.54732e-13 	-5.78509e-14 	-5.73678e-14 	2.428e-13 	-1.17394e-13 	4.31037e-13 	4.33126e-14 	1.29454e-12 	-6.98052e-12 	3.86914e-11 	-2.08635e-10 	1.12502e-09
0.01      0.01    0.01    0.01    0.01    2.52 	0.114613 	0.0111052 	-0.0197509 	4.18002e-13 	-6.26809e-14 	-2.95831e-14 	2.3235e-13 	-1.16904e-13 	4.41609e-13 	7.7969e-11 	-8.37365e-11 	-1.74874e-11 	8.99306e-11 	1.8781e-11 	3.92219e-12
0.01      0.01    0.01    0.01    0.01    2.61 	0.138408 	0.00495395 	-0.000179493 	4.19423e-13 	-8.00493e-14 	-8.64503e-14 	2.27514e-13 	-3.05145e-14 	3.68062e-13 	3.08016e-10 	9.59262e-11 	-5.73591e-10 	2.98746e-11 	-1.78635e-10 	1.06815e-09
0.01      0.01    0.01    0.01    0.01    2.7 	0.101401 	-0.0147674 	-0.0190141 	5.24385e-13 	-1.66518e-13 	-1.13742e-13 	2.69476e-13 	1.02079e-14 	3.45643e-13 	2.48529e-09 	1.79813e-09 	-1.12864e-09 	1.30097e-09 	-8.16585e-10 	5.1255e-10
0.01      0.01    0.01    0.01    0.01    2.79 	0.192077 	-0.0325456 	-0.0388975 	5.77389e-13 	-2.17185e-13 	-9.46564e-14 	3.58072e-13 	5.95548e-15 	2.73149e-13 	6.42875e-11 	9.92161e-11 	1.14612e-10 	1.53122e-10 	1.76883e-10 	2.04331e-10
0.01      0.01    0.01    0.01    0.01    2.88 	0.192077 	-0.0325456 	-0.0388975 	5.77389e-13 	-2.17185e-13 	-9.46564e-14 	3.58072e-13 	5.95548e-15 	2.73149e-13 	6.42875e-11 	9.92161e-11 	1.14612e-10 	1.53122e-10 	1.76883e-10 	2.04331e-10
0.01      0.01    0.01    0.01    0.01    2.97 	0.166157 	-0.0277744 	0.00582171 	4.82214e-13 	-1.78275e-13 	-2.65602e-15 	2.58453e-13 	8.64901e-15 	2.77287e-13 	3.80236e-10 	5.10914e-11 	9.40697e-11 	6.86502e-12 	1.26399e-11 	2.32727e-11
0.01      0.01    0.01    0.01    0.01    3.06 	0.166157 	-0.0277744 	0.00582171 	4.82214e-13 	-1.78275e-13 	-2.65602e-15 	2.58453e-13 	8.64901e-15 	2.77287e-13 	3.80236e-10 	5.10914e-11 	9.40697e-11 	6.86502e-12 	1.26399e-11 	2.32727e-11
0.01      0.01    0.01    0.01    0.01    3.15 	0.142478 	0.00143127 	-0.0222495 	5.63556e-13 	-1.60955e-13 	-6.22789e-14 	2.52986e-13 	7.27194e-14 	3.35192e-13 	3.56514e-09 	5.5536e-10 	-5.9679e-10 	8.65112e-11 	-9.29649e-11 	9.99001e-11
0.01      0.01    0.01    0.01    0.01    3.24 	0.142478 	0.00143127 	-0.0222495 	5.63556e-13 	-1.60955e-13 	-6.22789e-14 	2.52986e-13 	7.27194e-14 	3.35192e-13 	3.56514e-09 	5.5536e-10 	-5.9679e-10 	8.65112e-11 	-9.29649e-11 	9.99001e-11
0.01      0.01    0.01    0.01    0.01    3.33 	0.156265 	0.00847473 	0.00434694 	5.68253e-13 	-2.07861e-13 	-5.55366e-14 	3.44998e-13 	3.5233e-15 	3.12954e-13 	2.3248e-09 	-5.07416e-10 	1.31672e-09 	1.1075e-10 	-2.8739e-10 	7.45763e-10
0.01      0.01    0.01    0.01    0.01    3.42 	0.061018 	-0.00360593 	0.011842 	5.91193e-13 	-2.15931e-13 	-3.48998e-14 	2.91937e-13 	1.7301e-14 	3.20594e-13 	2.73321e-09 	5.14747e-10 	1.2228e-10 	9.69424e-11 	2.3029e-11 	5.47059e-12
0.01      0.01    0.01    0.01    0.01    3.51 	0.061018 	-0.00360593 	0.011842 	5.91193e-13 	-2.15931e-13 	-3.48998e-14 	2.91937e-13 	1.7301e-14 	3.20594e-13 	2.73321e-09 	5.14747e-10 	1.2228e-10 	9.69424e-11 	2.3029e-11 	5.47059e-12
0.01      0.01    0.01    0.01    0.01    3.6 	0.151386 	-0.00409449 	0.0357241 	5.51715e-13 	-1.82835e-13 	2.62539e-14 	2.53073e-13 	1.35024e-14 	3.06196e-13 	7.48152e-14 	7.05953e-12 	-7.13789e-12 	6.66162e-10 	-6.73556e-10 	6.81032e-10
0.01      0.01    0.01    0.01    0.01    3.69 	0.151386 	-0.00409449 	0.0357241 	5.51715e-13 	-1.82835e-13 	2.62539e-14 	2.53073e-13 	1.35024e-14 	3.06196e-13 	7.48152e-14 	7.05953e-12 	-7.13789e-12 	6.66162e-10 	-6.73556e-10 	6.81032e-10
0.01      0.01    0.01    0.01    0.01    3.78 	0.109389 	0.0132864 	-0.00884268 	6.06734e-13 	-2.22171e-13 	3.47915e-14 	2.61499e-13 	2.71524e-15 	3.30719e-13 	4.88232e-09 	3.22679e-09 	5.63789e-10 	2.13263e-09 	3.72616e-10 	6.51038e-11
0.01      0.01    0.01    0.01    0.01    3.87 	0.109389 	0.0132864 	-0.00884268 	6.06734e-13 	-2.22171e-13 	3.47915e-14 	2.61499e-13 	2.71524e-15 	3.30719e-13 	4.88232e-09 	3.22679e-09 	5.63789e-10 	2.13263e-09 	3.72616e-10 	6.51038e-11
0.01      0.01    0.01    0.01    0.01    3.96 	0.12124 	0.00224817 	-0.0122238 	6.90016e-13 	-2.19804e-13 	-7.92976e-15 	2.48048e-13 	2.52971e-14 	2.49873e-13 	1.59564e-09 	1.12764e-09 	8.19087e-10 	7.96906e-10 	5.7885e-10 	4.2046e-10
0.01      0.01    0.01    0.01    0.01    4.05 	0.12124 	0.00224817 	-0.0122238 	6.90016e-13 	-2.19804e-13 	-7.92976e-15 	2.48048e-13 	2.52971e-14 	2.49873e-13 	1.59564e-09 	1.12764e-09 	8.19087e-10 	7.96906e-10 	5.7885e-10 	4.2046e-10
0.01      0.01    0.01    0.01    0.01    4.14 	0.108695 	-0.0425146 	0.0253213 	1.00614e-12 	-3.30495e-13 	-4.84028e-14 	3.26701e-13 	6.91856e-15 	2.81506e-13 	4.93702e-10 	-2.00842e-10 	3.86312e-10 	8.17042e-11 	-1.57155e-10 	3.02282e-10
0.01      0.01    0.01    0.01    0.01    4.23 	0.038906 	0.0320467 	0.0415899 	1.51404e-12 	-5.90777e-13 	1.11955e-13 	2.94527e-13 	-7.51394e-14 	3.0782e-13 	3.45204e-09 	-2.38844e-10 	1.91736e-09 	1.65254e-11 	-1.3266e-10 	1.06495e-09
0.01      0.01    0.01    0.01    0.01    4.32 	0.113635 	0.0223259 	0.023092 	6.10719e-13 	-2.18258e-13 	-1.1263e-14 	2.26822e-13 	-4.85001e-15 	2.37627e-13 	1.02847e-10 	-6.30425e-11 	1.78502e-10 	3.86435e-11 	-1.09417e-10 	3.09808e-10
0.01      0.01    0.01    0.01    0.01    4.41 	0.113635 	0.0223259 	0.023092 	6.10719e-13 	-2.18258e-13 	-1.1263e-14 	2.26822e-13 	-4.85001e-15 	2.37627e-13 	1.02847e-10 	-6.30425e-11 	1.78502e-10 	3.86435e-11 	-1.09417e-10 	3.09808e-10
0.01      0.01    0.01    0.01    0.01    4.5 	0.113635 	0.0223259 	0.023092 	6.10719e-13 	-2.18258e-13 	-1.1263e-14 	2.26822e-13 	-4.85001e-15 	2.37627e-13 	1.02847e-10 	-6.30425e-11 	1.78502e-10 	3.86435e-11 	-1.09417e-10 	3.09808e-10
0.02      0.02    0.02    0.02    0.02    0 	0.170092 	0.0103725 	-0.00397624 	8.11599e-13 	8.0805e-14 	1.07448e-13 	4.06696e-13 	-1.7382e-13 	8.60795e-13 	5.01357e-10 	7.79772e-10 	8.31572e-10 	1.77589e-09 	1.34856e-09 	1.38816e-09
0.02      0.02    0.02    0.02    0.02    0.09 	0.170092 	0.0103725 	-0.00397624 	8.11599e-13 	8.0805e-14 	1.07448e-13 	4.06696e-13 	-1.7382e-13 	8.60795e-13 	5.01357e-10 	7.79772e-10 	8.31572e-10 	1.77589e-09 	1.34856e-09 	1.38816e-09
0.02      0.02    0.02    0.02    0.02    0.18 	0.170092 	0.0103725 	-0.00397624 	8.11599e-13 	8.0805e-14 	1.07448e-13 	4.06696e-13 	-1.7382e-13 	8.60795e-13 	5.01357e-10 	7.79772e-10 	8.31572e-10 	1.77589e-09 	1.34856e-09 	1.38816e-09
0.02      0.02    0.02    0.02    0.02    0.27 	0.207916 	0.00837367 	-0.0343727 	6.29046e-13 	-7.21136e-14 	-4.36848e-14 	3.65233e-13 	7.77401e-15 	4.00637e-13 	7.99562e-09 	1.0277e-08 	5.30318e-09 	1.40086e-08 	6.82124e-09 	3.52847e-09
0.02      0.02    0.02    0.02    0.02    0.36 	0.207916 	0.00837367 	-0.0343727 	6.29046e-13 	-7.21136e-14 	-4.36848e-14 	3.65233e-13 	7.77401e-15 	4.00637e-13 	7.99562e-09 	1.0277e-08 	5.30318e-09 	1.40086e-08 	6.82124e-09 	3.52847e-09
0.02      0.02    0.02    0.02    0.02    0.45 	0.17886 	-0.0029233 	-0.0224065 	5.23287e-13 	2.11707e-14 	4.46942e-14 	4.43245e-13 	1.03735e-13 	3.53906e-13 	3.92863e-09 	1.23692e-08 	4.73194e-09 	3.9827e-08 	1.50446e-08 	5.72406e-09
0.02      0.02    0.02    0.02    0.02    0.54 	0.17886 	-0.0029233 	-0.0224065 	5.23287e-13 	2.11707e-14 	4.46942e-14 	4.43245e-13 	1.03735e-13 	3.53906e-13 	3.92863e-09 	1.23692e-08 	4.73194e-09 	3.9827e-08 	1.50446e-08 	5.72406e-09
0.02      0.02    0.02    0.02    0.02    0.63 	0.181547 	-0.00589596 	0.0275779 	6.9216e-13 	7.89217e-14 	1.80696e-13 	5.59303e-13 	-1.06991e-13 	8.97358e-13 	9.74636e-09 	2.27532e-09 	1.43377e-09 	8.9856e-10 	3.71518e-10 	2.2548e-10
0.02      0.02    0.02    0.02    0.02    0.72 	0.181547 	-0.00589596 	0.0275779 	6.9216e-13 	7.89217e-14 	1.80696e-13 	5.59303e-13 	-1.06991e-13 	8.97358e-13 	9.74636e-09 	2.27532e-09 	1.43377e-09 	8.9856e-10 	3.71518e-10 	2.2548e-10
0.02      0.02    0.02    0.02    0.02    0.81 	0.181826 	-0.00410893 	-0.0124765 	6.58614e-13 	-6.63585e-14 	1.79294e-13 	5.46468e-13 	2.97378e-13 	6.89069e-13 	6.16591e-09 	2.20808e-09 	2.05788e-09 	1.05071e-09 	7.75356e-10 	6.9251e-10
0.02      0.02    0.02    0.02    0.02    0.9 	0.181826 	-0.00410893 	-0.0124765 	6.58614e-13 	-6.63585e-14 	1.79294e-13 	5.46468e-13 	2.97378e-13 	6.89069e-13 	6.16591e-09 	2.20808e-09 	2.05788e-09 	1.05071e-09 	7.75356e-10 	6.9251e-10
0.02      0.02    0.02    0.02    0.02    0.99 	0.115815 	0.00639349 	0.0194381 	4.61138e-13 	-1.1373e-13 	9.88263e-14 	2.64372e-13 	3.32548e-14 	3.93766e-13 	2.02237e-10 	-5.41965e-11 	-4.09017e-10 	2.15168e-11 	1.25047e-10 	8.61346e-10
0.02      0.02    0.02    0.02    0.02    1.08 	0.115815 	0.00639349 	0.0194381 	4.61138e-13 	-1.1373e-13 	9.88263e-14 	2.64372e-13 	3.32548e-14 	3.93766e-13 	2.02237e-10 	-5.41965e-11 	-4.09017e-10 	2.15168e-11 	1.25047e-10 	8.61346e-10
0.02      0.02    0.02    0.02    0.02    1.17 	0.115815 	0.00639349 	0.0194381 	4.61138e-13 	-1.1373e-13 	9.88263e-14 	2.64372e-13 	3.32548e-14 	3.93766e-13 	2.02237e-10 	-5.41965e-11 	-4.09017e-10 	2.15168e-11 	1.25047e-10 	8.61346e-10
0.02      0.02    0.02    0.02    0.02    1.26 	0.10445 	0.0115715 	0.000212797 	5.9051e-13 	-1.50847e-13 	2.1667e-14 	2.68308e-13 	5.13461e-14 	4.34587e-13 	5.75765e-10 	-4.04661e-11 	8.35907e-10 	1.43727e-11 	-7.70532e-11 	1.24438e-09
0.02      0.02    0.02    0.02    0.02    1.35 	0.1177 	0.00849013 	0.00686524 	5.75426e-13 	-1.35491e-13 	5.36735e-14 	2.66147e-13 	3.46751e-14 	4.50422e-13 	3.58399e-10 	-3.85896e-10 	4.96378e-10 	4.50949e-10 	-5.56323e-10 	7.0104e-10
0.02      0.02    0.02    0.02    0.02    1.44 	0.123232 	0.0120504 	0.02268 	4.95803e-13 	-1.06073e-13 	1.29516e-13 	2.34007e-13 	-1.79464e-14 	4.42592e-13 	1.37029e-10 	-4.67701e-10 	4.46836e-10 	1.78751e-09 	-1.6691e-09 	1.56832e-09
0.02      0.02    0.02    0.02    0.02    1.53 	0.123232 	0.0120504 	0.02268 	4.95803e-13 	-1.06073e-13 	1.29516e-13 	2.34007e-13 	-1.79464e-14 	4.42592e-13 	1.37029e-10 	-4.67701e-10 	4.46836e-10 	1.78751e-09 	-1.6691e-09 	1.56832e-09
0.02      0.02    0.02    0.02    0.02    1.62 	0.11912 	0.0113839 	-0.00687061 	4.94514e-13 	-5.07321e-14 	9.49178e-14 	2.46645e-13 	-3.92322e-14 	5.58905e-13 	2.11096e-10 	8.46709e-11 	-8.18288e-10 	5.21604e-11 	-3.11462e-10 	3.19124e-09
0.02      0.02    0.02    0.02    0.02    1.71 	0.127031 	0.0154257 	-0.01301 	4.37709e-13 	-3.74889e-14 	8.72447e-14 	2.38914e-13 	-6.06448e-14 	5.36517e-13 	4.60384e-10 	-7.52861e-10 	8.10584e-11 	1.27268e-09 	-1.39648e-10 	1.69751e-11
0.02      0.02    0.02    0.02    0.02    1.8 	0.0518347 	0.00742595 	-0.0236443 	4.76284e-13 	-7.92934e-14 	-9.70952e-14 	2.10041e-13 	-5.15653e-14 	4.35515e-13 	1.82234e-09 	3.35337e-10 	-4.58426e-10 	6.46292e-11 	-8.50488e-11 	1.15952e-10
0.02      0.02    0.02    0.02    0.02    1.89 	0.0518347 	0.00742595 	-0.0236443 	4.76284e-13 	-7.92934e-14 	-9.70952e-14 	2.10041e-13 	-5.15653e-14 	4.35515e-13 	1.82234e-09 	3.35337e-10 	-4.58426e-10 	6.46292e-11 	-8.50488e-11 	1.15952e-10
0.02      0.02    0.02    0.02    0.02    1.98 	0.09104 	-0.000976354 	-0.0117591 	7.28792e-13 	-1.27431e-13 	-1.86424e-13 	2.56734e-13 	-2.77534e-14 	4.3185e-13 	7.70674e-10 	6.87176e-10 	3.01329e-10 	6.1406e-10 	2.65631e-10 	1.24813e-10
0.02      0.02    0.02    0.02    0.02    2.07 	0.09104 	-0.000976354 	-0.0117591 	7.28792e-13 	-1.27431e-13 	-1.86424e-13 	2.56734e-13 	-2.77534e-14 	4.3185e-13 	7.70674e-10 	6.87176e-10 	3.01329e-10 	6.1406e-10 	2.65631e-10 	1.24813e-10
0.02      0.02    0.02    0.02    0.02    2.16 	0.145474 	-0.0103773 	-0.0393671 	4.80385e-13 	-7.67105e-14 	-6.92709e-14 	2.50672e-13 	-9.26223e-14 	4.29682e-13 	7.47064e-10 	-2.93808e-10 	8.04455e-10 	1.35244e-10 	-3.39512e-10 	8.94689e-10
0.02      0.02    0.02    0.02    0.02    2.25 	0.145474 	-0.0103773 	-0.0393671 	4.80385e-13 	-7.67105e-14 	-6.92709e-14 	2.50672e-13 	-9.26223e-14 	4.29682e-13 	7.47064e-10 	-2.93808e-10 	8.04455e-10 	1.35244e-10 	-3.39512e-10 	8.94689e-10
0.02      0.02    0.02    0.02    0.02    2.34 	0.145474 	-0.0103773 	-0.0393671 	4.80385e-13 	-7.67105e-14 	-6.92709e-14 	2.50672e-13 	-9.26223e-14 	4.29682e-13 	7.47064e-10 	-2.93808e-10 	8.04455e-10 	1.35244e-10 	-3.39512e-10 	8.94689e-10
0.02      0.02    0.02    0.02    0.02    2.43 	0.106224 	0.00539096 	-0.0506682 	4.54936e-13 	-5.76839e-14 	-5.75249e-14 	2.42767e-13 	-1.17336e-13 	4.31029e-13 	1.22881e-10 	-3.87252e-11 	7.73779e-10 	4.92472e-11 	-4.53008e-10 	6.05387e-09
0.02      0.02    0.02    0.02    0.02    2.52 	0.114599 	0.0111655 	-0.0197375 	4.18204e-13 	-6.2598e-14 	-2.9671e-14 	2.32375e-13 	-1.16952e-13 	4.41704e-13 	1.51838e-10 	-3.34705e-10 	-8.52263e-11 	8.85148e-10 	2.07433e-10 	5.37967e-11
0.02      0.02    0.02    0.02    0.02    2.61 	0.138364 	0.00494729 	-4.07193e-05 	4.19473e-13 	-8.00283e-14 	-8.65224e-14 	2.27597e-13 	-3.0532e-14 	3.67991e-13 	9.11927e-10 	2.27501e-10 	-2.27161e-09 	6.27274e-11 	-5.34435e-10 	5.85112e-09
0.02      0.02    0.02    0.02    0.02    2.7 	0.101212 	-0.0148992 	-0.0189191 	5.24485e-13 	-1.66532e-13 	-1.13817e-13 	2.69655e-13 	1.01854e-14 	3.45622e-13 	1.16831e-08 	8.24859e-09 	-5.67402e-09 	5.82415e-09 	-4.00538e-09 	2.75883e-09
0.02      0.02    0.02    0.02    0.02    2.79 	0.192114 	-0.0324806 	-0.0388359 	5.772e-13 	-2.17253e-13 	-9.46817e-14 	3.58524e-13 	5.93951e-15 	2.73232e-13 	3.82595e-10 	6.5337e-10 	6.56108e-10 	1.11937e-09 	1.12586e-09 	1.13802e-09
0.02      0.02    0.02    0.02    0.02    2.88 	0.192114 	-0.0324806 	-0.0388359 	5.772e-13 	-2.17253e-13 	-9.46817e-14 	3.58524e-13 	5.93951e-15 	2.73232e-13 	3.82595e-10 	6.5337e-10 	6.56108e-10 	1.11937e-09 	1.12586e-09 	1.13802e-09
0.02      0.02    0.02    0.02    0.02    2.97 	0.166096 	-0.0277719 	0.00580147 	4.81927e-13 	-1.78153e-13 	-2.6237e-15 	2.58512e-13 	8.5625e-15 	2.77201e-13 	1.42149e-09 	5.14131e-11 	4.23104e-10 	7.28951e-12 	1.32427e-11 	1.26778e-10
0.02      0.02    0.02    0.02    0.02    3.06 	0.166096 	-0.0277719 	0.00580147 	4.81927e-13 	-1.78153e-13 	-2.6237e-15 	2.58512e-13 	8.5625e-15 	2.77201e-13 	1.42149e-09 	5.14131e-11 	4.23104e-10 	7.28951e-12 	1.32427e-11 	1.26778e-10
0.02      0.02    0.02    0.02    0.02    3.15 	0.142259 	0.001416 	-0.0222136 	5.63009e-13 	-1.60773e-13 	-6.20526e-14 	2.52943e-13 	7.25941e-14 	3.35209e-13 	1.60454e-08 	1.63957e-09 	-2.62697e-09 	1.81153e-10 	-2.67517e-10 	4.30336e-10
0.02      0.02    0.02    0.02    0.02    3.24 	0.142259 	0.001416 	-0.0222136 	5.63009e-13 	-1.60773e-13 	-6.20526e-14 	2.52943e-13 	7.25941e-14 	3.35209e-13 	1.60454e-08 	1.63957e-09 	-2.62697e-09 	1.81153e-10 	-2.67517e-10 	4.30336e-10
0.02      0.02    0.02    0.02    0.02    3.33 	0.156083 	0.0085294 	0.00424186 	5.68399e-13 	-2.08022e-13 	-5.54629e-14 	3.45162e-13 	3.46058e-15 	3.13066e-13 	1.07619e-08 	-2.91263e-09 	6.17916e-09 	7.9649e-10 	-1.67334e-09 	3.54801e-09
0.02      0.02    0.02    0.02    0.02    3.42 	0.0608125 	-0.00363782 	0.0118296 	5.90993e-13 	-2.15918e-13 	-3.4872e-14 	2.91958e-13 	1.71882e-14 	3.20578e-13 	1.34149e-08 	2.24511e-09 	7.37994e-10 	3.77648e-10 	1.2284e-10 	4.08548e-11
0.02      0.02    0.02    0.02    0.02    3.51 	0.0608125 	-0.00363782 	0.0118296 	5.90993e-13 	-2.15918e-13 	-3.4872e-14 	2.91958e-13 	1.71882e-14 	3.20578e-13 	1.34149e-08 	2.24511e-09 	7.37994e-10 	3.77648e-10 	1.2284e-10 	4.08548e-11
0.02      0.02    0.02    0.02    0.02    3.6 	0.151396 	-0.00397653 	0.035621 	5.51635e-13 	-1.82868e-13 	2.61034e-14 	2.53084e-13 	1.3478e-14 	3.06246e-13 	1.8046e-11 	2.57279e-10 	-2.32288e-10 	4.01677e-09 	-3.6761e-09 	3.3709e-09
0.02      0.02    0.02    0.02    0.02    3.69 	0.151396 	-0.00397653 	0.035621 	5.51635e-13 	-1.82868e-13 	2.61034e-14 	2.53084e-13 	1.3478e-14 	3.06246e-13 	1.8046e-11 	2.57279e-10 	-2.32288e-10 	4.01677e-09 	-3.6761e-09 	3.3709e-09
0.02      0.02    0.02    0.02    0.02    3.78 	0.109105 	0.0131064 	-0.00887039 	6.06829e-13 	-2.22323e-13 	3.46549e-14 	2.61583e-13 	2.77708e-15 	3.30734e-13 	2.50109e-08 	1.60765e-08 	2.59169e-09 	1.03349e-08 	1.66683e-09 	2.69293e-10
0.02      0.02    0.02    0.02    0.02    3.87 	0.109105 	0.0131064 	-0.00887039 	6.06829e-13 	-2.22323e-13 	3.46549e-14 	2.61583e-13 	2.77708e-15 	3.30734e-13 	2.50109e-08 	1.60765e-08 	2.59169e-09 	1.03349e-08 	1.66683e-09 	2.69293e-10
0.02      0.02    0.02    0.02    0.02    3.96 	0.121409 	0.00237431 	-0.0121375 	6.90172e-13 	-2.19865e-13 	-7.82878e-15 	2.48088e-13 	2.5387e-14 	2.49826e-13 	8.5969e-09 	6.32366e-09 	4.40068e-09 	4.65234e-09 	3.23698e-09 	2.25268e-09
0.02      0.02    0.02    0.02    0.02    4.05 	0.121409 	0.00237431 	-0.0121375 	6.90172e-13 	-2.19865e-13 	-7.82878e-15 	2.48088e-13 	2.5387e-14 	2.49826e-13 	8.5969e-09 	6.32366e-09 	4.40068e-09 	4.65234e-09 	3.23698e-09 	2.25268e-09
0.02      0.02    0.02    0.02    0.02    4.14 	0.108618 	-0.0424653 	0.0252528 	1.00503e-12 	-3.2999e-13 	-4.84713e-14 	3.26402e-13 	6.93097e-15 	2.81246e-13 	2.06577e-09 	-1.13504e-09 	1.74922e-09 	6.35974e-10 	-9.67188e-10 	1.48419e-09
0.02      0.02    0.02    0.02    0.02    4.23 	0.039143 	0.0320356 	0.0417201 	1.51604e-12 	-5.91484e-13 	1.11767e-13 	2.94354e-13 	-7.50841e-14 	3.07827e-13 	1.74845e-08 	-9.29701e-10 	9.65393e-09 	4.99341e-11 	-5.13469e-10 	5.33057e-09
0.02      0.02    0.02    0.02    0.02    4.32 	0.113679 	0.0222881 	0.0231689 	6.11033e-13 	-2.18593e-13 	-1.12604e-14 	2.26863e-13 	-4.92872e-15 	2.37782e-13 	5.93042e-10 	-4.63093e-10 	1.01925e-09 	3.64189e-10 	-7.97419e-10 	1.75462e-09
0.02      0.02    0.02    0.02    0.02    4.41 	0.113679 	0.0222881 	0.0231689 	6.11033e-13 	-2.18593e-13 	-1.12604e-14 	2.26863e-13 	-4.92872e-15 	2.37782e-13 	5.93042e-10 	-4.63093e-10 	1.01925e-09 	3.64189e-10 	-7.97419e-10 	1.75462e-09
0.02      0.02    0.02    0.02    0.02    4.5 	0.113679 	0.0222881 	0.0231689 	6.11033e-13 	-2.18593e-13 	-1.12604e-14 	2.26863e-13 	-4.92872e-15 	2.37782e-13 	5.93042e-10 	-4.63093e-10 	1.01925e-09 	3.64189e-10 	-7.97419e-10 	1.75462e-09
0.03      0.03    0.03    0.03    0.03    0 	0.170032 	0.0104022 	-0.0040769 	8.11657e-13 	8.052e-14 	1.07665e-13 	4.06492e-13 	-1.74044e-13 	8.61823e-13 	1.76801e-09 	6.73146e-10 	2.91583e-09 	1.23443e-09 	1.14994e-09 	4.81486e-09
0.03      0.03    0.03    0.03    0.03    0.09 	0.170032 	0.0104022 	-0.0040769 	8.11657e-13 	8.052e-14 	1.07665e-13 	4.06492e-13 	-1.74044e-13 	8.61823e-13 	1.76801e-09 	6.73146e-10 	2.91583e-09 	1.23443e-09 	1.14994e-09 	4.81486e-09
0.03      0.03    0.03    0.03    0.03    0.18 	0.170032 	0.0104022 	-0.0040769 	8.11657e-13 	8.052e-14 	1.07665e-13 	4.06492e-13 	-1.74044e-13 	8.61823e-13 	1.76801e-09 	6.73146e-10 	2.91583e-09 	1.23443e-09 	1.14994e-09 	4.81486e-09
0.03      0.03    0.03    0.03    0.03    0.27 	0.20776 	0.00835664 	-0.0345171 	6.28771e-13 	-7.21383e-14 	-4.37097e-14 	3.65315e-13 	7.96777e-15 	4.00796e-13 	1.85959e-08 	1.46068e-08 	1.40736e-08 	1.4041e-08 	1.06537e-08 	1.07418e-08
0.03      0.03    0.03    0.03    0.03    0.36 	0.20776 	0.00835664 	-0.0345171 	6.28771e-13 	-7.21383e-14 	-4.37097e-14 	3.65315e-13 	7.96777e-15 	4.00796e-13 	1.85959e-08 	1.46068e-08 	1.40736e-08 	1.4041e-08 	1.06537e-08 	1.07418e-08
0.03      0.03    0.03    0.03    0.03    0.45 	0.178738 	-0.00306577 	-0.0225055 	5.23041e-13 	2.08343e-14 	4.48227e-14 	4.43742e-13 	1.03992e-13 	3.53813e-13 	9.9217e-09 	2.24331e-08 	1.0233e-08 	5.44011e-08 	2.38401e-08 	1.06891e-08
0.03      0.03    0.03    0.03    0.03    0.54 	0.178738 	-0.00306577 	-0.0225055 	5.23041e-13 	2.08343e-14 	4.48227e-14 	4.43742e-13 	1.03992e-13 	3.53813e-13 	9.9217e-09 	2.24331e-08 	1.0233e-08 	5.44011e-08 	2.38401e-08 	1.06891e-08
0.03      0.03    0.03    0.03    0.03    0.63 	0.181352 	-0.00586067 	0.0275994 	6.92336e-13 	7.88549e-14 	1.80979e-13 	5.59337e-13 	-1.06707e-13 	8.97773e-13 	2.49876e-08 	7.37296e-10 	9.48507e-10 	6.53853e-10 	2.67534e-10 	1.67733e-10
0.03      0.03    0.03    0.03    0.03    0.72 	0.181352 	-0.00586067 	0.0275994 	6.92336e-13 	7.88549e-14 	1.80979e-13 	5.59337e-13 	-1.06707e-13 	8.97773e-13 	2.49876e-08 	7.37296e-10 	9.48507e-10 	6.53853e-10 	2.67534e-10 	1.67733e-10
0.03      0.03    0.03    0.03    0.03    0.81 	0.181665 	-0.0040818 	-0.0125227 	6.5873e-13 	-6.65151e-14 	1.79804e-13 	5.46677e-13 	2.96938e-13 	6.90281e-13 	1.62448e-08 	1.63081e-09 	4.98625e-09 	7.29165e-10 	5.64345e-10 	1.53825e-09
0.03      0.03    0.03    0.03    0.03    0.9 	0.181665 	-0.0040818 	-0.0125227 	6.5873e-13 	-6.65151e-14 	1.79804e-13 	5.46677e-13 	2.96938e-13 	6.90281e-13 	1.62448e-08 	1.63081e-09 	4.98625e-09 	7.29165e-10 	5.64345e-10 	1.53825e-09
0.03      0.03    0.03    0.03    0.03    0.99 	0.115858 	0.00640044 	0.019389 	4.61251e-13 	-1.13983e-13 	9.88066e-14 	2.64612e-13 	3.3101e-14 	3.9354e-13 	8.14445e-10 	-1.75159e-11 	-1.23131e-09 	1.58258e-11 	5.91905e-11 	1.93088e-09
0.03      0.03    0.03    0.03    0.03    1.08 	0.115858 	0.00640044 	0.019389 	4.61251e-13 	-1.13983e-13 	9.88066e-14 	2.64612e-13 	3.3101e-14 	3.9354e-13 	8.14445e-10 	-1.75159e-11 	-1.23131e-09 	1.58258e-11 	5.91905e-11 	1.93088e-09
0.03      0.03    0.03    0.03    0.03    1.17 	0.115858 	0.00640044 	0.019389 	4.61251e-13 	-1.13983e-13 	9.88066e-14 	2.64612e-13 	3.3101e-14 	3.9354e-13 	8.14445e-10 	-1.75159e-11 	-1.23131e-09 	1.58258e-11 	5.91905e-11 	1.93088e-09
0.03      0.03    0.03    0.03    0.03    1.26 	0.104511 	0.0115804 	0.000272589 	5.90219e-13 	-1.50831e-13 	2.17926e-14 	2.68298e-13 	5.12741e-14 	4.34486e-13 	1.90022e-09 	8.65384e-11 	2.28578e-09 	1.87406e-11 	7.67621e-11 	2.80232e-09
0.03      0.03    0.03    0.03    0.03    1.35 	0.117745 	0.00846815 	0.00691086 	5.75088e-13 	-1.35502e-13 	5.36987e-14 	2.66128e-13 	3.46567e-14 	4.50227e-13 	1.13499e-09 	-8.65733e-10 	1.33836e-09 	7.16336e-10 	-1.05652e-09 	1.60096e-09
0.03      0.03    0.03    0.03    0.03    1.44 	0.123274 	0.012014 	0.022758 	4.95584e-13 	-1.05941e-13 	1.29509e-13 	2.3379e-13 	-1.79265e-14 	4.4265e-13 	6.81811e-10 	-1.24574e-09 	1.60441e-09 	2.69781e-09 	-3.1926e-09 	3.94263e-09
0.03      0.03    0.03    0.03    0.03    1.53 	0.123274 	0.012014 	0.022758 	4.95584e-13 	-1.05941e-13 	1.29509e-13 	2.3379e-13 	-1.79265e-14 	4.4265e-13 	6.81811e-10 	-1.24574e-09 	1.60441e-09 	2.69781e-09 	-3.1926e-09 	3.94263e-09
0.03      0.03    0.03    0.03    0.03    1.62 	0.119089 	0.0113854 	-0.00675037 	4.94365e-13 	-5.06071e-14 	9.49924e-14 	2.46516e-13 	-3.90738e-14 	5.58888e-13 	5.5261e-10 	8.28639e-11 	-2.16752e-09 	3.68685e-11 	-3.1182e-10 	8.51499e-09
0.03      0.03    0.03    0.03    0.03    1.71 	0.126987 	0.0154999 	-0.0129993 	4.37636e-13 	-3.7293e-14 	8.72245e-14 	2.38853e-13 	-6.04966e-14 	5.36607e-13 	1.18384e-09 	-2.02131e-09 	4.39795e-12 	3.48129e-09 	-7.82222e-12 	1.65761e-11
0.03      0.03    0.03    0.03    0.03    1.8 	0.051903 	0.00743677 	-0.0236668 	4.76435e-13 	-7.9163e-14 	-9.72901e-14 	2.10034e-13 	-5.15811e-14 	4.3537e-13 	3.99461e-09 	7.2664e-10 	-1.13143e-09 	1.34267e-10 	-2.06026e-10 	3.22766e-10
0.03      0.03    0.03    0.03    0.03    1.89 	0.051903 	0.00743677 	-0.0236668 	4.76435e-13 	-7.9163e-14 	-9.72901e-14 	2.10034e-13 	-5.15811e-14 	4.3537e-13 	3.99461e-09 	7.2664e-10 	-1.13143e-09 	1.34267e-10 	-2.06026e-10 	3.22766e-10
0.03      0.03    0.03    0.03    0.03    1.98 	0.0910948 	-0.00092894 	-0.0117572 	7.28395e-13 	-1.27361e-13 	-1.86315e-13 	2.56717e-13 	-2.79278e-14 	4.31938e-13 	2.01458e-09 	1.7986e-09 	4.71001e-10 	1.60696e-09 	4.1914e-10 	1.34008e-10
0.03      0.03    0.03    0.03    0.03    2.07 	0.0910948 	-0.00092894 	-0.0117572 	7.28395e-13 	-1.27361e-13 	-1.86315e-13 	2.56717e-13 	-2.79278e-14 	4.31938e-13 	2.01458e-09 	1.7986e-09 	4.71001e-10 	1.60696e-09 	4.1914e-10 	1.34008e-10
0.03      0.03    0.03    0.03    0.03    2.16 	0.145436 	-0.0103399 	-0.039447 	4.8007e-13 	-7.66029e-14 	-6.91608e-14 	2.50683e-13 	-9.2784e-14 	4.29935e-13 	1.35932e-09 	-8.44503e-10 	1.9767e-09 	5.80985e-10 	-1.31543e-09 	3.01336e-09
0.03      0.03    0.03    0.03    0.03    2.25 	0.145436 	-0.0103399 	-0.039447 	4.8007e-13 	-7.66029e-14 	-6.91608e-14 	2.50683e-13 	-9.2784e-14 	4.29935e-13 	1.35932e-09 	-8.44503e-10 	1.9767e-09 	5.80985e-10 	-1.31543e-09 	3.01336e-09
0.03      0.03    0.03    0.03    0.03    2.34 	0.145436 	-0.0103399 	-0.039447 	4.8007e-13 	-7.66029e-14 	-6.91608e-14 	2.50683e-13 	-9.2784e-14 	4.29935e-13 	1.35932e-09 	-8.44503e-10 	1.9767e-09 	5.80985e-10 	-1.31543e-09 	3.01336e-09
0.03      0.03    0.03    0.03    0.03    2.43 	0.106273 	0.00541152 	-0.0505637 	4.55134e-13 	-5.75189e-14 	-5.76816e-14 	2.42725e-13 	-1.17281e-13 	4.31016e-13 	8.02829e-10 	1.33911e-10 	2.84346e-09 	7.14353e-11 	1.95466e-10 	1.16547e-08
0.03      0.03    0.03    0.03    0.03    2.52 	0.114598 	0.01124 	-0.019757 	4.184e-13 	-6.2516e-14 	-2.97589e-14 	2.3239e-13 	-1.17e-13 	4.41792e-13 	1.42362e-10 	-5.25104e-10 	-4.12696e-11 	2.89435e-09 	-9.49476e-12 	5.46614e-11
0.03      0.03    0.03    0.03    0.03    2.61 	0.138356 	0.00497162 	8.08652e-05 	4.19522e-13 	-8.00086e-14 	-8.65956e-14 	2.27674e-13 	-3.055e-14 	3.67919e-13 	9.8451e-10 	3.70299e-11 	-3.30316e-09 	9.05097e-11 	2.40785e-10 	1.25978e-08
0.03      0.03    0.03    0.03    0.03    2.7 	0.101074 	-0.0150038 	-0.0188341 	5.24581e-13 	-1.6655e-13 	-1.13892e-13 	2.69825e-13 	1.01629e-14 	3.45594e-13 	2.1708e-08 	1.55888e-08 	-1.13914e-08 	1.11976e-08 	-8.18752e-09 	6.00197e-09
0.03      0.03    0.03    0.03    0.03    2.79 	0.192172 	-0.0324062 	-0.0387755 	5.77012e-13 	-2.17324e-13 	-9.47087e-14 	3.58971e-13 	5.92373e-15 	2.7331e-13 	1.45647e-09 	2.1681e-09 	1.95154e-09 	3.24775e-09 	2.9378e-09 	2.67146e-09
0.03      0.03    0.03    0.03    0.03    2.88 	0.192172 	-0.0324062 	-0.0387755 	5.77012e-13 	-2.17324e-13 	-9.47087e-14 	3.58971e-13 	5.92373e-15 	2.7331e-13 	1.45647e-09 	2.1681e-09 	1.95154e-09 	3.24775e-09 	2.9378e-09 	2.67146e-09
0.03      0.03    0.03    0.03    0.03    2.97 	0.166059 	-0.0277572 	0.00579147 	4.81641e-13 	-1.78034e-13 	-2.59113e-15 	2.58568e-13 	8.47639e-15 	2.77112e-13 	2.23596e-09 	-1.7816e-10 	6.72601e-10 	4.17682e-11 	-5.49533e-11 	2.03106e-10
0.03      0.03    0.03    0.03    0.03    3.06 	0.166059 	-0.0277572 	0.00579147 	4.81641e-13 	-1.78034e-13 	-2.59113e-15 	2.58568e-13 	8.47639e-15 	2.77112e-13 	2.23596e-09 	-1.7816e-10 	6.72601e-10 	4.17682e-11 	-5.49533e-11 	2.03106e-10
0.03      0.03    0.03    0.03    0.03    3.15 	0.142083 	0.00143307 	-0.0221779 	5.62466e-13 	-1.60595e-13 	-6.18285e-14 	2.52892e-13 	7.24698e-14 	3.35221e-13 	3.11641e-08 	1.11344e-09 	-5.49086e-09 	1.32151e-10 	-1.79842e-10 	9.70579e-10
0.03      0.03    0.03    0.03    0.03    3.24 	0.142083 	0.00143307 	-0.0221779 	5.62466e-13 	-1.60595e-13 	-6.18285e-14 	2.52892e-13 	7.24698e-14 	3.35221e-13 	3.11641e-08 	1.11344e-09 	-5.49086e-09 	1.32151e-10 	-1.79842e-10 	9.70579e-10
0.03      0.03    0.03    0.03    0.03    3.33 	0.155914 	0.0086012 	0.00413911 	5.68546e-13 	-2.08185e-13 	-5.53905e-14 	3.45323e-13 	3.39951e-15 	3.13173e-13 	2.33351e-08 	-7.68607e-09 	1.36536e-08 	2.57806e-09 	-4.50608e-09 	7.99063e-09
0.03      0.03    0.03    0.03    0.03    3.42 	0.0606307 	-0.00365349 	0.0118116 	5.90791e-13 	-2.15908e-13 	-3.48447e-14 	2.91974e-13 	1.7076e-14 	3.20557e-13 	2.8467e-08 	3.92631e-09 	1.98719e-09 	5.56105e-10 	2.66542e-10 	1.42746e-10
0.03      0.03    0.03    0.03    0.03    3.51 	0.0606307 	-0.00365349 	0.0118116 	5.90791e-13 	-2.15908e-13 	-3.48447e-14 	2.91974e-13 	1.7076e-14 	3.20557e-13 	2.8467e-08 	3.92631e-09 	1.98719e-09 	5.56105e-10 	2.66542e-10 	1.42746e-10
0.03      0.03    0.03    0.03    0.03    3.6 	0.151409 	-0.00385801 	0.0355309 	5.51557e-13 	-1.82903e-13 	2.59552e-14 	2.5309e-13 	1.34541e-14 	3.06292e-13 	7.55816e-11 	8.4658e-10 	-7.09312e-10 	9.8579e-09 	-8.35197e-09 	7.09916e-09
0.03      0.03    0.03    0.03    0.03    3.69 	0.151409 	-0.00385801 	0.0355309 	5.51557e-13 	-1.82903e-13 	2.59552e-14 	2.5309e-13 	1.34541e-14 	3.06292e-13 	7.55816e-11 	8.4658e-10 	-7.09312e-10 	9.8579e-09 	-8.35197e-09 	7.09916e-09
0.03      0.03    0.03    0.03    0.03    3.78 	0.108842 	0.0129418 	-0.00889184 	6.06925e-13 	-2.22476e-13 	3.45197e-14 	2.61661e-13 	2.83849e-15 	3.30743e-13 	5.54666e-08 	3.52272e-08 	5.24729e-09 	2.23753e-08 	3.33495e-09 	4.99017e-10
0.03      0.03    0.03    0.03    0.03    3.87 	0.108842 	0.0129418 	-0.00889184 	6.06925e-13 	-2.22476e-13 	3.45197e-14 	2.61661e-13 	2.83849e-15 	3.30743e-13 	5.54666e-08 	3.52272e-08 	5.24729e-09 	2.23753e-08 	3.33495e-09 	4.99017e-10
0.03      0.03    0.03    0.03    0.03    3.96 	0.121584 	0.00250063 	-0.0120489 	6.90331e-13 	-2.19928e-13 	-7.72735e-15 	2.48126e-13 	2.54763e-14 	2.49778e-13 	2.10649e-08 	1.54328e-08 	1.07265e-08 	1.13075e-08 	7.85865e-09 	5.46212e-09
0.03      0.03    0.03    0.03    0.03    4.05 	0.121584 	0.00250063 	-0.0120489 	6.90331e-13 	-2.19928e-13 	-7.72735e-15 	2.48126e-13 	2.54763e-14 	2.49778e-13 	2.10649e-08 	1.54328e-08 	1.07265e-08 	1.13075e-08 	7.85865e-09 	5.46212e-09
0.03      0.03    0.03    0.03    0.03    4.14 	0.108568 	-0.0424013 	0.0251874 	1.00393e-12 	-3.29481e-13 	-4.85368e-14 	3.26111e-13 	6.94304e-15 	2.80997e-13 	3.54416e-09 	-2.62736e-09 	3.41172e-09 	2.056e-09 	-2.59471e-09 	3.32407e-09
0.03      0.03    0.03    0.03    0.03    4.23 	0.0393711 	0.0320184 	0.0418354 	1.51798e-12 	-5.92171e-13 	1.11567e-13 	2.94185e-13 	-7.5023e-14 	3.07836e-13 	3.9798e-08 	-2.36935e-09 	2.12994e-08 	1.42651e-10 	-1.26545e-09 	1.14055e-08
0.03      0.03    0.03    0.03    0.03    4.32 	0.1137 	0.0222623 	0.0232408 	6.11344e-13 	-2.18927e-13 	-1.12566e-14 	2.26904e-13 	-5.00669e-15 	2.37935e-13 	9.40258e-10 	-8.30243e-10 	1.92107e-09 	7.43072e-10 	-1.72541e-09 	4.02516e-09
0.03      0.03    0.03    0.03    0.03    4.41 	0.1137 	0.0222623 	0.0232408 	6.11344e-13 	-2.18927e-13 	-1.12566e-14 	2.26904e-13 	-5.00669e-15 	2.37935e-13 	9.40258e-10 	-8.30243e-10 	1.92107e-09 	7.43072e-10 	-1.72541e-09 	4.02516e-09
0.03      0.03    0.03    0.03    0.03    4.5 	0.1137 	0.0222623 	0.0232408 	6.11344e-13 	-2.18927e-13 	-1.12566e-14 	2.26904e-13 	-5.00669e-15 	2.37935e-13 	9.40258e-10 	-8.30243e-10 	1.92107e-09 	7.43072e-10 	-1.72541e-09 	4.02516e-09
0.1      0.1    0.1    0.1    0.1    0 	0.169721 	0.0105912 	-0.00476357 	8.11998e-13 	7.84706e-14 	1.09178e-13 	4.05051e-13 	-1.75561e-13 	8.68911e-13 	1.88837e-08 	-8.91369e-09 	3.82315e-08 	5e-09 	-1.84084e-08 	7.80434e-08
0.1      0.1    0.1    0.1    0.1    0.09 	0.169721 	0.0105912 	-0.00476357 	8.11998e-13 	7.84706e-14 	1.09178e-13 	4.05051e-13 	-1.75561e-13 	8.68911e-13 	1.88837e-08 	-8.91369e-09 	3.82315e-08 	5e-09 	-1.84084e-08 	7.80434e-08
0.1      0.1    0.1    0.1    0.1    0.18 	0.169721 	0.0105912 	-0.00476357 	8.11998e-13 	7.84706e-14 	1.09178e-13 	4.05051e-13 	-1.75561e-13 	8.68911e-13 	1.88837e-08 	-8.91369e-09 	3.82315e-08 	5e-09 	-1.84084e-08 	7.80434e-08
0.1      0.1    0.1    0.1    0.1    0.27 	0.207021 	0.00846225 	-0.0357314 	6.268e-13 	-7.23157e-14 	-4.38323e-14 	3.65907e-13 	9.3183e-15 	4.01887e-13 	1.20419e-07 	5.57752e-09 	1.61797e-07 	5.24542e-09 	2.59018e-09 	2.25059e-07
0.1      0.1    0.1    0.1    0.1    0.36 	0.207021 	0.00846225 	-0.0357314 	6.268e-13 	-7.23157e-14 	-4.38323e-14 	3.65907e-13 	9.3183e-15 	4.01887e-13 	1.20419e-07 	5.57752e-09 	1.61797e-07 	5.24542e-09 	2.59018e-09 	2.25059e-07
0.1      0.1    0.1    0.1    0.1    0.45 	0.178104 	-0.00355265 	-0.0230846 	5.21419e-13 	1.84713e-14 	4.57386e-14 	4.47226e-13 	1.05737e-13 	3.53219e-13 	8.15175e-08 	8.36433e-08 	7.31932e-08 	9.30591e-08 	7.55646e-08 	6.59277e-08
0.1      0.1    0.1    0.1    0.1    0.54 	0.178104 	-0.00355265 	-0.0230846 	5.21419e-13 	1.84713e-14 	4.57386e-14 	4.47226e-13 	1.05737e-13 	3.53219e-13 	8.15175e-08 	8.36433e-08 	7.31932e-08 	9.30591e-08 	7.55646e-08 	6.59277e-08
0.1      0.1    0.1    0.1    0.1    0.63 	0.180192 	-0.00567263 	0.0279841 	6.93578e-13 	7.83507e-14 	1.83016e-13 	5.59519e-13 	-1.04616e-13 	9.00678e-13 	2.4843e-07 	-3.72401e-08 	-6.23355e-08 	6.0601e-09 	9.75144e-09 	1.72755e-08
0.1      0.1    0.1    0.1    0.1    0.72 	0.180192 	-0.00567263 	0.0279841 	6.93578e-13 	7.83507e-14 	1.83016e-13 	5.59519e-13 	-1.04616e-13 	9.00678e-13 	2.4843e-07 	-3.72401e-08 	-6.23355e-08 	6.0601e-09 	9.75144e-09 	1.72755e-08
0.1      0.1    0.1    0.1    0.1    0.81 	0.180726 	-0.00386508 	-0.0129401 	6.59491e-13 	-6.75828e-14 	1.83445e-13 	5.48092e-13 	2.93776e-13 	6.98796e-13 	1.63321e-07 	-3.07802e-08 	6.55377e-08 	6.47332e-09 	-1.25878e-08 	2.66161e-08
0.1      0.1    0.1    0.1    0.1    0.9 	0.180726 	-0.00386508 	-0.0129401 	6.59491e-13 	-6.75828e-14 	1.83445e-13 	5.48092e-13 	2.93776e-13 	6.98796e-13 	1.63321e-07 	-3.07802e-08 	6.55377e-08 	6.47332e-09 	-1.25878e-08 	2.66161e-08
0.1      0.1    0.1    0.1    0.1    0.99 	0.116152 	0.00636296 	0.0191739 	4.62036e-13 	-1.15765e-13 	9.86702e-14 	2.66267e-13 	3.20192e-14 	3.91987e-13 	1.43423e-08 	-1.02915e-09 	-1.24492e-08 	1.55694e-10 	7.70109e-10 	1.11402e-08
0.1      0.1    0.1    0.1    0.1    1.08 	0.116152 	0.00636296 	0.0191739 	4.62036e-13 	-1.15765e-13 	9.86702e-14 	2.66267e-13 	3.20192e-14 	3.91987e-13 	1.43423e-08 	-1.02915e-09 	-1.24492e-08 	1.55694e-10 	7.70109e-10 	1.11402e-08
0.1      0.1    0.1    0.1    0.1    1.17 	0.116152 	0.00636296 	0.0191739 	4.62036e-13 	-1.15765e-13 	9.86702e-14 	2.66267e-13 	3.20192e-14 	3.91987e-13 	1.43423e-08 	-1.02915e-09 	-1.24492e-08 	1.55694e-10 	7.70109e-10 	1.11402e-08
0.1      0.1    0.1    0.1    0.1    1.26 	0.104881 	0.0115441 	0.000659639 	5.88175e-13 	-1.50725e-13 	2.26639e-14 	2.68211e-13 	5.07712e-14 	4.33754e-13 	2.42372e-08 	-9.1273e-10 	2.54298e-08 	1.64163e-10 	-9.81001e-10 	2.67169e-08
0.1      0.1    0.1    0.1    0.1    1.35 	0.118016 	0.00825391 	0.00719248 	5.72723e-13 	-1.35586e-13 	5.38634e-14 	2.65998e-13 	3.45223e-14 	4.48853e-13 	1.32161e-08 	-9.70399e-09 	1.38707e-08 	7.23283e-09 	-1.02046e-08 	1.45716e-08
0.1      0.1    0.1    0.1    0.1    1.44 	0.123593 	0.0117657 	0.0232249 	4.94031e-13 	-1.05025e-13 	1.29427e-13 	2.32293e-13 	-1.77802e-14 	4.4301e-13 	1.56161e-08 	-1.34785e-08 	2.49048e-08 	1.19919e-08 	-2.17999e-08 	4.01243e-08
0.1      0.1    0.1    0.1    0.1    1.53 	0.123593 	0.0117657 	0.0232249 	4.94031e-13 	-1.05025e-13 	1.29427e-13 	2.32293e-13 	-1.77802e-14 	4.4301e-13 	1.56161e-08 	-1.34785e-08 	2.49048e-08 	1.19919e-08 	-2.17999e-08 	4.01243e-08
0.1      0.1    0.1    0.1    0.1    1.62 	0.118888 	0.0113736 	-0.00580496 	4.93317e-13 	-4.9766e-14 	9.55239e-14 	2.45594e-13 	-3.79892e-14 	5.58735e-13 	7.07871e-09 	2.28667e-10 	-3.14901e-08 	3.29504e-11 	-1.08394e-09 	1.40587e-07
0.1      0.1    0.1    0.1    0.1    1.71 	0.126693 	0.0159224 	-0.0128278 	4.37117e-13 	-3.5949e-14 	8.71123e-14 	2.38401e-13 	-5.94282e-14 	5.37191e-13 	1.49364e-08 	-2.25242e-08 	-6.90819e-09 	3.40696e-08 	1.02743e-08 	3.43165e-09
0.1      0.1    0.1    0.1    0.1    1.8 	0.0522794 	0.00745804 	-0.0237822 	4.77478e-13 	-7.82462e-14 	-9.86465e-14 	2.09985e-13 	-5.17082e-14 	4.34383e-13 	2.83097e-08 	2.77586e-09 	-8.69503e-09 	3.112e-10 	-8.54642e-10 	2.67273e-09
0.1      0.1    0.1    0.1    0.1    1.89 	0.0522794 	0.00745804 	-0.0237822 	4.77478e-13 	-7.82462e-14 	-9.86465e-14 	2.09985e-13 	-5.17082e-14 	4.34383e-13 	2.83097e-08 	2.77586e-09 	-8.69503e-09 	3.112e-10 	-8.54642e-10 	2.67273e-09
0.1      0.1    0.1    0.1    0.1    1.98 	0.0914608 	-0.000761272 	-0.0117329 	7.25504e-13 	-1.26867e-13 	-1.85551e-13 	2.56546e-13 	-2.91611e-14 	4.32535e-13 	2.36851e-08 	1.36501e-08 	1.7746e-09 	8.20773e-09 	1.0311e-09 	1.59487e-10
0.1      0.1    0.1    0.1    0.1    2.07 	0.0914608 	-0.000761272 	-0.0117329 	7.25504e-13 	-1.26867e-13 	-1.85551e-13 	2.56546e-13 	-2.91611e-14 	4.32535e-13 	2.36851e-08 	1.36501e-08 	1.7746e-09 	8.20773e-09 	1.0311e-09 	1.59487e-10
0.1      0.1    0.1    0.1    0.1    2.16 	0.145036 	-0.0100666 	-0.0400107 	4.77891e-13 	-7.58568e-14 	-6.84185e-14 	2.5073e-13 	-9.38851e-14 	4.31646e-13 	2.30058e-08 	-1.65058e-08 	3.44834e-08 	1.197e-08 	-2.50021e-08 	5.22405e-08
0.1      0.1    0.1    0.1    0.1    2.25 	0.145036 	-0.0100666 	-0.0400107 	4.77891e-13 	-7.58568e-14 	-6.84185e-14 	2.5073e-13 	-9.38851e-14 	4.31646e-13 	2.30058e-08 	-1.65058e-08 	3.44834e-08 	1.197e-08 	-2.50021e-08 	5.22405e-08
0.1      0.1    0.1    0.1    0.1    2.34 	0.145036 	-0.0100666 	-0.0400107 	4.77891e-13 	-7.58568e-14 	-6.84185e-14 	2.5073e-13 	-9.38851e-14 	4.31646e-13 	2.30058e-08 	-1.65058e-08 	3.44834e-08 	1.197e-08 	-2.50021e-08 	5.22405e-08
0.1      0.1    0.1    0.1    0.1    2.43 	0.106673 	0.00556139 	-0.0500486 	4.56519e-13 	-5.63659e-14 	-5.87672e-14 	2.42391e-13 	-1.16869e-13 	4.30901e-13 	2.37228e-08 	8.81015e-09 	3.65051e-08 	3.30411e-09 	1.34322e-08 	5.879e-08
0.1      0.1    0.1    0.1    0.1    2.52 	0.114533 	0.0115325 	-0.0201221 	4.19746e-13 	-6.1927e-14 	-3.03792e-14 	2.32429e-13 	-1.17291e-13 	4.42343e-13 	6.3119e-10 	-3.3793e-09 	3.02847e-09 	2.10438e-08 	-1.66774e-08 	1.57906e-08
0.1      0.1    0.1    0.1    0.1    2.61 	0.138404 	0.00501691 	0.000774207 	4.19887e-13 	-7.98749e-14 	-8.71145e-14 	2.28224e-13 	-3.06799e-14 	3.67423e-13 	4.87732e-10 	-4.68612e-11 	-1.14241e-10 	8.35222e-10 	7.96944e-09 	9.39439e-08
0.1      0.1    0.1    0.1    0.1    2.7 	0.1006 	-0.0155391 	-0.018276 	5.25221e-13 	-1.66683e-13 	-1.144e-13 	2.70959e-13 	9.99887e-15 	3.45367e-13 	7.05298e-08 	6.56048e-08 	-6.09597e-08 	6.21831e-08 	-5.85121e-08 	5.55151e-08
0.1      0.1    0.1    0.1    0.1    2.79 	0.192486 	-0.032091 	-0.0384205 	5.75748e-13 	-2.17858e-13 	-9.49074e-14 	3.62117e-13 	5.81596e-15 	2.73881e-13 	1.85706e-08 	2.03856e-08 	2.10363e-08 	2.2561e-08 	2.31191e-08 	2.38735e-08
0.1      0.1    0.1    0.1    0.1    2.88 	0.192486 	-0.032091 	-0.0384205 	5.75748e-13 	-2.17858e-13 	-9.49074e-14 	3.62117e-13 	5.81596e-15 	2.73881e-13 	1.85706e-08 	2.03856e-08 	2.10363e-08 	2.2561e-08 	2.31191e-08 	2.38735e-08
0.1      0.1    0.1    0.1    0.1    2.97 	0.165862 	-0.0277958 	0.00583693 	4.79684e-13 	-1.77216e-13 	-2.35691e-15 	2.58998e-13 	7.86787e-15 	2.76494e-13 	8.72713e-09 	1.4867e-10 	-2.75205e-10 	2.43453e-10 	-2.08193e-10 	2.37004e-10
0.1      0.1    0.1    0.1    0.1    3.06 	0.165862 	-0.0277958 	0.00583693 	4.79684e-13 	-1.77216e-13 	-2.35691e-15 	2.58998e-13 	7.86787e-15 	2.76494e-13 	8.72713e-09 	1.4867e-10 	-2.75205e-10 	2.43453e-10 	-2.08193e-10 	2.37004e-10
0.1      0.1    0.1    0.1    0.1    3.15 	0.141358 	0.00179655 	-0.0219909 	5.58728e-13 	-1.59386e-13 	-6.02684e-14 	2.52509e-13 	7.15828e-14 	3.35299e-13 	1.33754e-07 	-4.05396e-08 	-3.03747e-08 	1.53314e-08 	9.66183e-09 	6.96647e-09
0.1      0.1    0.1    0.1    0.1    3.24 	0.141358 	0.00179655 	-0.0219909 	5.58728e-13 	-1.59386e-13 	-6.02684e-14 	2.52509e-13 	7.15828e-14 	3.35299e-13 	1.33754e-07 	-4.05396e-08 	-3.03747e-08 	1.53314e-08 	9.66183e-09 	6.96647e-09
0.1      0.1    0.1    0.1    0.1    3.33 	0.154812 	0.00927499 	0.00331539 	5.6967e-13 	-2.09323e-13 	-5.48783e-14 	3.46471e-13 	3.00813e-15 	3.13969e-13 	2.16931e-07 	-1.18935e-07 	1.52836e-07 	6.61221e-08 	-8.43978e-08 	1.0809e-07
0.1      0.1    0.1    0.1    0.1    3.42 	0.059671 	-0.00354432 	0.0114866 	5.89332e-13 	-2.15844e-13 	-3.4647e-14 	2.92078e-13 	1.62978e-14 	3.20407e-13 	1.8798e-07 	-6.67457e-09 	4.71714e-08 	1.14966e-09 	-2.70104e-09 	1.29952e-08
0.1      0.1    0.1    0.1    0.1    3.51 	0.059671 	-0.00354432 	0.0114866 	5.89332e-13 	-2.15844e-13 	-3.4647e-14 	2.92078e-13 	1.62978e-14 	3.20407e-13 	1.8798e-07 	-6.67457e-09 	4.71714e-08 	1.14966e-09 	-2.70104e-09 	1.29952e-08
0.1      0.1    0.1    0.1    0.1    3.6 	0.151426 	-0.00319601 	0.0350273 	5.51089e-13 	-1.8315e-13 	2.49473e-14 	2.53139e-13 	1.32926e-14 	3.06617e-13 	3.08772e-10 	4.55392e-09 	-3.48121e-09 	8.45574e-08 	-6.47105e-08 	4.9556e-08
0.1      0.1    0.1    0.1    0.1    3.69 	0.151426 	-0.00319601 	0.0350273 	5.51089e-13 	-1.8315e-13 	2.49473e-14 	2.53139e-13 	1.32926e-14 	3.06617e-13 	3.08772e-10 	4.55392e-09 	-3.48121e-09 	8.45574e-08 	-6.47105e-08 	4.9556e-08
0.1      0.1    0.1    0.1    0.1    3.78 	0.10735 	0.0119949 	-0.00901758 	6.07655e-13 	-2.23536e-13 	3.35795e-14 	2.62206e-13 	3.26349e-15 	3.30779e-13 	4.32046e-07 	2.74114e-07 	3.60548e-08 	1.73914e-07 	2.28759e-08 	3.01427e-09
0.1      0.1    0.1    0.1    0.1    3.87 	0.10735 	0.0119949 	-0.00901758 	6.07655e-13 	-2.23536e-13 	3.35795e-14 	2.62206e-13 	3.26349e-15 	3.30779e-13 	4.32046e-07 	2.74114e-07 	3.60548e-08 	1.73914e-07 	2.28759e-08 	3.01427e-09
0.1      0.1    0.1    0.1    0.1    3.96 	0.122732 	0.00315485 	-0.0114435 	6.91562e-13 	-2.20376e-13 	-6.99267e-15 	2.48399e-13 	2.60906e-14 	2.49473e-13 	2.32611e-07 	1.42445e-07 	1.20783e-07 	8.7682e-08 	7.38838e-08 	6.2733e-08
0.1      0.1    0.1    0.1    0.1    4.05 	0.122732 	0.00315485 	-0.0114435 	6.91562e-13 	-2.20376e-13 	-6.99267e-15 	2.48399e-13 	2.60906e-14 	2.49473e-13 	2.32611e-07 	1.42445e-07 	1.20783e-07 	8.7682e-08 	7.38838e-08 	6.2733e-08
0.1      0.1    0.1    0.1    0.1    4.14 	0.108561 	-0.0418393 	0.0247352 	9.96193e-13 	-3.25889e-13 	-4.89339e-14 	3.24139e-13 	7.02222e-15 	2.7935e-13 	3.75304e-09 	-8.63721e-09 	8.08382e-09 	4.76043e-08 	-4.07829e-08 	3.51612e-08
0.1      0.1    0.1    0.1    0.1    4.23 	0.0407504 	0.0316786 	0.0423374 	1.53111e-12 	-5.96892e-13 	1.09928e-13 	2.92887e-13 	-7.45023e-14 	3.07752e-13 	3.52354e-07 	-6.69378e-08 	1.44203e-07 	1.37594e-08 	-2.65485e-08 	5.97139e-08
0.1      0.1    0.1    0.1    0.1    4.32 	0.113441 	0.0223785 	0.0235661 	6.1351e-13 	-2.21243e-13 	-1.11977e-14 	2.27174e-13 	-5.54359e-15 	2.39004e-13 	6.07576e-09 	-2.64498e-09 	-8.09981e-09 	1.46084e-09 	1.52263e-09 	2.38998e-08
0.1      0.1    0.1    0.1    0.1    4.41 	0.113441 	0.0223785 	0.0235661 	6.1351e-13 	-2.21243e-13 	-1.11977e-14 	2.27174e-13 	-5.54359e-15 	2.39004e-13 	6.07576e-09 	-2.64498e-09 	-8.09981e-09 	1.46084e-09 	1.52263e-09 	2.38998e-08
0.1      0.1    0.1    0.1    0.1    4.5 	0.113441 	0.0223785 	0.0235661 	6.1351e-13 	-2.21243e-13 	-1.11977e-14 	2.27174e-13 	-5.54359e-15 	2.39004e-13 	6.07576e-09 	-2.64498e-09 	-8.09981e-09 	1.46084e-09 	1.52263e-09 	2.38998e-08
0.2      0.2    0.2    0.2    0.2    0 	0.169398 	0.0107702 	-0.00564031 	8.12287e-13 	7.54125e-14 	1.11301e-13 	4.02968e-13 	-1.77549e-13 	8.78705e-13 	4.89282e-08 	-2.6198e-08 	1.17676e-07 	1.44707e-08 	-6.34756e-08 	2.85281e-07
0.2      0.2    0.2    0.2    0.2    0.09 	0.169398 	0.0107702 	-0.00564031 	8.12287e-13 	7.54125e-14 	1.11301e-13 	4.02968e-13 	-1.77549e-13 	8.78705e-13 	4.89282e-08 	-2.6198e-08 	1.17676e-07 	1.44707e-08 	-6.34756e-08 	2.85281e-07
0.2      0.2    0.2    0.2    0.2    0.18 	0.169398 	0.0107702 	-0.00564031 	8.12287e-13 	7.54125e-14 	1.11301e-13 	4.02968e-13 	-1.77549e-13 	8.78705e-13 	4.89282e-08 	-2.6198e-08 	1.17676e-07 	1.44707e-08 	-6.34756e-08 	2.85281e-07
0.2      0.2    0.2    0.2    0.2    0.27 	0.206432 	0.00858983 	-0.0375298 	6.23905e-13 	-7.25977e-14 	-4.38718e-14 	3.66826e-13 	1.12289e-14 	4.03412e-13 	2.42812e-07 	-2.28446e-08 	4.86858e-07 	6.31769e-09 	-5.67523e-08 	1.02721e-06
0.2      0.2    0.2    0.2    0.2    0.36 	0.206432 	0.00858983 	-0.0375298 	6.23905e-13 	-7.25977e-14 	-4.38718e-14 	3.66826e-13 	1.12289e-14 	4.03412e-13 	2.42812e-07 	-2.28446e-08 	4.86858e-07 	6.31769e-09 	-5.67523e-08 	1.02721e-06
0.2      0.2    0.2    0.2    0.2    0.45 	0.177495 	-0.0039937 	-0.0238721 	5.19442e-13 	1.50808e-14 	4.71131e-14 	4.52235e-13 	1.08065e-13 	3.52572e-13 	1.96442e-07 	1.66627e-07 	2.08724e-07 	1.46684e-07 	1.75505e-07 	2.23963e-07
0.2      0.2    0.2    0.2    0.2    0.54 	0.177495 	-0.0039937 	-0.0238721 	5.19442e-13 	1.50808e-14 	4.71131e-14 	4.52235e-13 	1.08065e-13 	3.52572e-13 	1.96442e-07 	1.66627e-07 	2.08724e-07 	1.46684e-07 	1.75505e-07 	2.23963e-07
0.2      0.2    0.2    0.2    0.2    0.63 	0.178871 	-0.00563926 	0.0286823 	6.95368e-13 	7.756e-14 	1.86031e-13 	5.59645e-13 	-1.01345e-13 	9.04805e-13 	7.48449e-07 	-7.08588e-08 	-2.9823e-07 	7.73308e-09 	2.66652e-08 	1.23839e-07
0.2      0.2    0.2    0.2    0.2    0.72 	0.178871 	-0.00563926 	0.0286823 	6.95368e-13 	7.756e-14 	1.86031e-13 	5.59645e-13 	-1.01345e-13 	9.04805e-13 	7.48449e-07 	-7.08588e-08 	-2.9823e-07 	7.73308e-09 	2.66652e-08 	1.23839e-07
0.2      0.2    0.2    0.2    0.2    0.81 	0.179653 	-0.00368739 	-0.0135588 	6.60404e-13 	-6.8992e-14 	1.88865e-13 	5.49943e-13 	2.88944e-13 	7.11032e-13 	4.89245e-07 	-9.18822e-08 	2.44356e-07 	1.76262e-08 	-4.59224e-08 	1.23348e-07
0.2      0.2    0.2    0.2    0.2    0.9 	0.179653 	-0.00368739 	-0.0135588 	6.60404e-13 	-6.8992e-14 	1.88865e-13 	5.49943e-13 	2.88944e-13 	7.11032e-13 	4.89245e-07 	-9.18822e-08 	2.44356e-07 	1.76262e-08 	-4.59224e-08 	1.23348e-07
0.2      0.2    0.2    0.2    0.2    0.99 	0.116482 	0.00621361 	0.0191052 	4.63181e-13 	-1.18316e-13 	9.84793e-14 	2.68632e-13 	3.0457e-14 	3.89878e-13 	4.66469e-08 	-1.2642e-08 	-2.50053e-08 	3.92636e-09 	5.92726e-09 	1.49283e-08
0.2      0.2    0.2    0.2    0.2    1.08 	0.116482 	0.00621361 	0.0191052 	4.63181e-13 	-1.18316e-13 	9.84793e-14 	2.68632e-13 	3.0457e-14 	3.89878e-13 	4.66469e-08 	-1.2642e-08 	-2.50053e-08 	3.92636e-09 	5.92726e-09 	1.49283e-08
0.2      0.2    0.2    0.2    0.2    1.17 	0.116482 	0.00621361 	0.0191052 	4.63181e-13 	-1.18316e-13 	9.84793e-14 	2.68632e-13 	3.0457e-14 	3.89878e-13 	4.66469e-08 	-1.2642e-08 	-2.50053e-08 	3.92636e-09 	5.92726e-09 	1.49283e-08
0.2      0.2    0.2    0.2    0.2    1.26 	0.105311 	0.0113645 	0.00115644 	5.85289e-13 	-1.50592e-13 	2.38785e-14 	2.68073e-13 	5.00531e-14 	4.32678e-13 	7.64793e-08 	-1.79511e-08 	8.4491e-08 	5.04627e-09 	-2.00579e-08 	9.34202e-08
0.2      0.2    0.2    0.2    0.2    1.35 	0.118321 	0.0079417 	0.007499 	5.6939e-13 	-1.35731e-13 	5.40615e-14 	2.65864e-13 	3.43125e-14 	4.46906e-13 	4.01418e-08 	-3.63388e-08 	4.18334e-08 	3.3214e-08 	-3.78564e-08 	4.36129e-08
0.2      0.2    0.2    0.2    0.2    1.44 	0.124071 	0.0113594 	0.0237254 	4.91771e-13 	-1.03746e-13 	1.29212e-13 	2.30244e-13 	-1.75504e-14 	4.43384e-13 	7.11861e-08 	-6.03891e-08 	9.01551e-08 	5.14111e-08 	-7.66717e-08 	1.15763e-07
0.2      0.2    0.2    0.2    0.2    1.53 	0.124071 	0.0113594 	0.0237254 	4.91771e-13 	-1.03746e-13 	1.29212e-13 	2.30244e-13 	-1.75504e-14 	4.43384e-13 	7.11861e-08 	-6.03891e-08 	9.01551e-08 	5.14111e-08 	-7.66717e-08 	1.15763e-07
0.2      0.2    0.2    0.2    0.2    1.62 	0.118704 	0.0112923 	-0.00434641 	4.91792e-13 	-4.86671e-14 	9.63026e-14 	2.44231e-13 	-3.65188e-14 	5.5841e-13 	1.92439e-08 	3.93559e-09 	-1.10578e-07 	1.01592e-09 	-2.42913e-08 	6.49531e-07
0.2      0.2    0.2    0.2    0.2    1.71 	0.126359 	0.0163505 	-0.0124292 	4.36356e-13 	-3.41088e-14 	8.70425e-14 	2.3771e-13 	-5.78064e-14 	5.37895e-13 	4.81398e-08 	-6.58078e-08 	-3.87824e-08 	9.0207e-08 	5.24149e-08 	3.30633e-08
0.2      0.2    0.2    0.2    0.2    1.8 	0.0527197 	0.00738614 	-0.0239112 	4.78929e-13 	-7.69396e-14 	-1.00553e-13 	2.0992e-13 	-5.19218e-14 	4.33058e-13 	8.16017e-08 	-2.04038e-09 	-2.43346e-08 	4.64825e-10 	5.85431e-10 	7.2594e-09
0.2      0.2    0.2    0.2    0.2    1.89 	0.0527197 	0.00738614 	-0.0239112 	4.78929e-13 	-7.69396e-14 	-1.00553e-13 	2.0992e-13 	-5.19218e-14 	4.33058e-13 	8.16017e-08 	-2.04038e-09 	-2.43346e-08 	4.64825e-10 	5.85431e-10 	7.2594e-09
0.2      0.2    0.2    0.2    0.2    1.98 	0.0918442 	-0.000847525 	-0.0116717 	7.21113e-13 	-1.26129e-13 	-1.84451e-13 	2.56254e-13 	-3.09583e-14 	4.33363e-13 	6.98783e-08 	1.46751e-08 	8.14223e-09 	6.20688e-09 	1.39829e-09 	9.96426e-10
0.2      0.2    0.2    0.2    0.2    2.07 	0.0918442 	-0.000847525 	-0.0116717 	7.21113e-13 	-1.26129e-13 	-1.84451e-13 	2.56254e-13 	-3.09583e-14 	4.33363e-13 	6.98783e-08 	1.46751e-08 	8.14223e-09 	6.20688e-09 	1.39829e-09 	9.96426e-10
0.2      0.2    0.2    0.2    0.2    2.16 	0.144227 	-0.00968027 	-0.0407046 	4.74887e-13 	-7.48129e-14 	-6.74417e-14 	2.50764e-13 	-9.53623e-14 	4.3394e-13 	1.58194e-07 	-8.72069e-08 	1.69454e-07 	4.86224e-08 	-9.48549e-08 	1.85359e-07
0.2      0.2    0.2    0.2    0.2    2.25 	0.144227 	-0.00968027 	-0.0407046 	4.74887e-13 	-7.48129e-14 	-6.74417e-14 	2.50764e-13 	-9.53623e-14 	4.3394e-13 	1.58194e-07 	-8.72069e-08 	1.69454e-07 	4.86224e-08 	-9.48549e-08 	1.85359e-07
0.2      0.2    0.2    0.2    0.2    2.34 	0.144227 	-0.00968027 	-0.0407046 	4.74887e-13 	-7.48129e-14 	-6.74417e-14 	2.50764e-13 	-9.53623e-14 	4.3394e-13 	1.58194e-07 	-8.72069e-08 	1.69454e-07 	4.86224e-08 	-9.48549e-08 	1.85359e-07
0.2      0.2    0.2    0.2    0.2    2.43 	0.107327 	0.00573503 	-0.0494854 	4.58532e-13 	-5.47183e-14 	-6.02782e-14 	2.41866e-13 	-1.16211e-13 	4.30713e-13 	1.20577e-07 	3.72996e-08 	1.32216e-07 	1.16388e-08 	4.13684e-08 	1.4972e-07
0.2      0.2    0.2    0.2    0.2    2.52 	0.114399 	0.011588 	-0.0207852 	4.21644e-13 	-6.10329e-14 	-3.12869e-14 	2.32347e-13 	-1.17564e-13 	4.42968e-13 	4.74717e-09 	-8.98543e-09 	2.3156e-08 	2.40893e-08 	-4.38641e-08 	1.13611e-07
0.2      0.2    0.2    0.2    0.2    2.61 	0.138548 	0.00499521 	0.00150952 	4.20426e-13 	-7.96971e-14 	-8.78629e-14 	2.29017e-13 	-3.08799e-14 	3.66731e-13 	3.5699e-09 	-1.23934e-10 	2.59445e-08 	4.43781e-10 	3.57885e-09 	2.59892e-07
0.2      0.2    0.2    0.2    0.2    2.7 	0.100493 	-0.0160064 	-0.0175413 	5.26085e-13 	-1.66885e-13 	-1.15074e-13 	2.7252e-13 	9.74916e-15 	3.45006e-13 	7.69371e-08 	9.83641e-08 	-1.1158e-07 	1.38442e-07 	-1.64279e-07 	1.98728e-07
0.2      0.2    0.2    0.2    0.2    2.79 	0.19273 	-0.0318022 	-0.0380449 	5.74084e-13 	-2.18714e-13 	-9.52003e-14 	3.66696e-13 	5.67641e-15 	2.74786e-13 	4.18509e-08 	4.40323e-08 	5.26416e-08 	4.65375e-08 	5.54576e-08 	6.66167e-08
0.2      0.2    0.2    0.2    0.2    2.88 	0.19273 	-0.0318022 	-0.0380449 	5.74084e-13 	-2.18714e-13 	-9.52003e-14 	3.66696e-13 	5.67641e-15 	2.74786e-13 	4.18509e-08 	4.40323e-08 	5.26416e-08 	4.65375e-08 	5.54576e-08 	6.66167e-08
0.2      0.2    0.2    0.2    0.2    2.97 	0.165615 	-0.0280234 	0.00602106 	4.7698e-13 	-1.76077e-13 	-2.01891e-15 	2.59709e-13 	6.97214e-15 	2.75628e-13 	2.5053e-08 	1.26152e-08 	-1.01961e-08 	8.04992e-09 	-6.46902e-09 	5.23033e-09
0.2      0.2    0.2    0.2    0.2    3.06 	0.165615 	-0.0280234 	0.00602106 	4.7698e-13 	-1.76077e-13 	-2.01891e-15 	2.59709e-13 	6.97214e-15 	2.75628e-13 	2.5053e-08 	1.26152e-08 	-1.01961e-08 	8.04992e-09 	-6.46902e-09 	5.23033e-09
0.2      0.2    0.2    0.2    0.2    3.15 	0.140809 	0.00244796 	-0.0217354 	5.53596e-13 	-1.57743e-13 	-5.8059e-14 	2.51933e-13 	7.0257e-14 	3.3544e-13 	2.38561e-07 	-1.5122e-07 	-7.23931e-08 	1.10239e-07 	4.9318e-08 	2.28174e-08
0.2      0.2    0.2    0.2    0.2    3.24 	0.140809 	0.00244796 	-0.0217354 	5.53596e-13 	-1.57743e-13 	-5.8059e-14 	2.51933e-13 	7.0257e-14 	3.3544e-13 	2.38561e-07 	-1.5122e-07 	-7.23931e-08 	1.10239e-07 	4.9318e-08 	2.28174e-08
0.2      0.2    0.2    0.2    0.2    3.33 	0.153328 	0.0103916 	0.0020092 	5.71449e-13 	-2.10936e-13 	-5.41169e-14 	3.48085e-13 	2.5505e-15 	3.15176e-13 	7.85473e-07 	-5.25991e-07 	6.33112e-07 	3.5503e-07 	-4.26266e-07 	5.12223e-07
0.2      0.2    0.2    0.2    0.2    3.42 	0.0585821 	-0.00309157 	0.0107823 	5.87115e-13 	-2.15757e-13 	-3.43322e-14 	2.92196e-13 	1.52249e-14 	3.20178e-13 	5.22537e-07 	-1.15471e-07 	2.35419e-07 	3.14398e-08 	-5.82796e-08 	1.12688e-07
0.2      0.2    0.2    0.2    0.2    3.51 	0.0585821 	-0.00309157 	0.0107823 	5.87115e-13 	-2.15757e-13 	-3.43322e-14 	2.92196e-13 	1.52249e-14 	3.20178e-13 	5.22537e-07 	-1.15471e-07 	2.35419e-07 	3.14398e-08 	-5.82796e-08 	1.12688e-07
0.2      0.2    0.2    0.2    0.2    3.6 	0.151253 	-0.00251338 	0.0343345 	5.50597e-13 	-1.83513e-13 	2.35833e-14 	2.5322e-13 	1.30715e-14 	3.07076e-13 	2.69789e-09 	-1.68334e-08 	1.5518e-08 	2.29033e-07 	-1.95557e-07 	1.6793e-07
0.2      0.2    0.2    0.2    0.2    3.69 	0.151253 	-0.00251338 	0.0343345 	5.50597e-13 	-1.83513e-13 	2.35833e-14 	2.5322e-13 	1.30715e-14 	3.07076e-13 	2.69789e-09 	-1.68334e-08 	1.5518e-08 	2.29033e-07 	-1.95557e-07 	1.6793e-07
0.2      0.2    0.2    0.2    0.2    3.78 	0.105732 	0.0110154 	-0.00925542 	6.08861e-13 	-2.25021e-13 	3.22527e-14 	2.63017e-13 	3.85644e-15 	3.30765e-13 	1.21632e-06 	7.59017e-07 	1.31357e-07 	4.73719e-07 	8.18185e-08 	1.45188e-08
0.2      0.2    0.2    0.2    0.2    3.87 	0.105732 	0.0110154 	-0.00925542 	6.08861e-13 	-2.25021e-13 	3.22527e-14 	2.63017e-13 	3.85644e-15 	3.30765e-13 	1.21632e-06 	7.59017e-07 	1.31357e-07 	4.73719e-07 	8.18185e-08 	1.45188e-08
0.2      0.2    0.2    0.2    0.2    3.96 	0.124097 	0.00371034 	-0.0106161 	6.93586e-13 	-2.21052e-13 	-5.86747e-15 	2.48833e-13 	2.69435e-14 	2.49135e-13 	7.60257e-07 	3.83083e-07 	4.25846e-07 	1.95477e-07 	2.13621e-07 	2.38926e-07
0.2      0.2    0.2    0.2    0.2    4.05 	0.124097 	0.00371034 	-0.0106161 	6.93586e-13 	-2.21052e-13 	-5.86747e-15 	2.48833e-13 	2.69435e-14 	2.49135e-13 	7.60257e-07 	3.83083e-07 	4.25846e-07 	1.95477e-07 	2.13621e-07 	2.38926e-07
0.2      0.2    0.2    0.2    0.2    4.14 	0.108776 	-0.0409983 	0.0241014 	9.85231e-13 	-3.20816e-13 	-4.9322e-14 	3.21405e-13 	7.1167e-15 	2.77133e-13 	6.67783e-09 	2.50311e-08 	-1.87064e-08 	2.20888e-07 	-1.738e-07 	1.37014e-07
0.2      0.2    0.2    0.2    0.2    4.23 	0.0424246 	0.0307776 	0.0426945 	1.54919e-12 	-6.03501e-13 	1.0709e-13 	2.90799e-13 	-7.35694e-14 	3.07282e-13 	1.1263e-06 	-4.08503e-07 	3.44862e-07 	1.58136e-07 	-1.19309e-07 	1.08986e-07
0.2      0.2    0.2    0.2    0.2    4.32 	0.112553 	0.0229048 	0.0238402 	6.16573e-13 	-2.24503e-13 	-1.10346e-14 	2.27525e-13 	-6.28898e-15 	2.40505e-13 	1.31974e-07 	-7.41441e-08 	-7.12076e-08 	4.1901e-08 	3.83812e-08 	4.92604e-08
0.2      0.2    0.2    0.2    0.2    4.41 	0.112553 	0.0229048 	0.0238402 	6.16573e-13 	-2.24503e-13 	-1.10346e-14 	2.27525e-13 	-6.28898e-15 	2.40505e-13 	1.31974e-07 	-7.41441e-08 	-7.12076e-08 	4.1901e-08 	3.83812e-08 	4.92604e-08
0.2      0.2    0.2    0.2    0.2    4.5 	0.112553 	0.0229048 	0.0238402 	6.16573e-13 	-2.24503e-13 	-1.10346e-14 	2.27525e-13 	-6.28898e-15 	2.40505e-13 	1.31974e-07 	-7.41441e-08 	-7.12076e-08 	4.1901e-08 	3.83812e-08 	4.92604e-08
0.3      0.3    0.3    0.3    0.3    0 	0.169096 	0.010944 	-0.00645693 	8.12334e-13 	7.22282e-14 	1.13353e-13 	4.00847e-13 	-1.79315e-13 	8.8806e-13 	9.03041e-08 	-4.96434e-08 	2.29512e-07 	2.75981e-08 	-1.26587e-07 	5.85793e-07
0.3      0.3    0.3    0.3    0.3    0.09 	0.169096 	0.010944 	-0.00645693 	8.12334e-13 	7.22282e-14 	1.13353e-13 	4.00847e-13 	-1.79315e-13 	8.8806e-13 	9.03041e-08 	-4.96434e-08 	2.29512e-07 	2.75981e-08 	-1.26587e-07 	5.85793e-07
0.3      0.3    0.3    0.3    0.3    0.18 	0.169096 	0.010944 	-0.00645693 	8.12334e-13 	7.22282e-14 	1.13353e-13 	4.00847e-13 	-1.79315e-13 	8.8806e-13 	9.03041e-08 	-4.96434e-08 	2.29512e-07 	2.75981e-08 	-1.26587e-07 	5.85793e-07
0.3      0.3    0.3    0.3    0.3    0.27 	0.206006 	0.00865262 	-0.0392284 	6.20952e-13 	-7.29194e-14 	-4.37659e-14 	3.67843e-13 	1.31092e-14 	4.04917e-13 	3.46914e-07 	-4.54324e-08 	8.71495e-07 	9.14421e-09 	-1.26996e-07 	2.30707e-06
0.3      0.3    0.3    0.3    0.3    0.36 	0.206006 	0.00865262 	-0.0392284 	6.20952e-13 	-7.29194e-14 	-4.37659e-14 	3.67843e-13 	1.31092e-14 	4.04917e-13 	3.46914e-07 	-4.54324e-08 	8.71495e-07 	9.14421e-09 	-1.26996e-07 	2.30707e-06
0.3      0.3    0.3    0.3    0.3    0.45 	0.176957 	-0.00436468 	-0.0246532 	5.17863e-13 	1.16773e-14 	4.8576e-14 	4.57239e-13 	1.1019e-13 	3.52147e-13 	3.34444e-07 	2.6266e-07 	3.99093e-07 	2.10723e-07 	3.10555e-07 	4.81649e-07
0.3      0.3    0.3    0.3    0.3    0.54 	0.176957 	-0.00436468 	-0.0246532 	5.17863e-13 	1.16773e-14 	4.8576e-14 	4.57239e-13 	1.1019e-13 	3.52147e-13 	3.34444e-07 	2.6266e-07 	3.99093e-07 	2.10723e-07 	3.10555e-07 	4.81649e-07
0.3      0.3    0.3    0.3    0.3    0.63 	0.177687 	-0.00567686 	0.0294018 	6.97163e-13 	7.67174e-14 	1.89102e-13 	5.59644e-13 	-9.77783e-14 	9.08886e-13 	1.40947e-06 	-7.02193e-08 	-6.72585e-07 	5.8729e-09 	2.95234e-08 	3.29398e-07
0.3      0.3    0.3    0.3    0.3    0.72 	0.177687 	-0.00567686 	0.0294018 	6.97163e-13 	7.67174e-14 	1.89102e-13 	5.59644e-13 	-9.77783e-14 	9.08886e-13 	1.40947e-06 	-7.02193e-08 	-6.72585e-07 	5.8729e-09 	2.95234e-08 	3.29398e-07
0.3      0.3    0.3    0.3    0.3    0.81 	0.178645 	-0.00355264 	-0.0140865 	6.61125e-13 	-7.0241e-14 	1.94529e-13 	5.51594e-13 	2.83709e-13 	7.23331e-13 	9.44739e-07 	-1.60874e-07 	4.96704e-07 	2.78173e-08 	-8.43876e-08 	2.62373e-07
0.3      0.3    0.3    0.3    0.3    0.9 	0.178645 	-0.00355264 	-0.0140865 	6.61125e-13 	-7.0241e-14 	1.94529e-13 	5.51594e-13 	2.83709e-13 	7.23331e-13 	9.44739e-07 	-1.60874e-07 	4.96704e-07 	2.78173e-08 	-8.43876e-08 	2.62373e-07
0.3      0.3    0.3    0.3    0.3    0.99 	0.11676 	0.00606024 	0.0191538 	4.64372e-13 	-1.20863e-13 	9.82961e-14 	2.71028e-13 	2.88807e-14 	3.87911e-13 	8.54798e-08 	-3.19626e-08 	-2.64566e-08 	1.28354e-08 	8.08793e-09 	1.2012e-08
0.3      0.3    0.3    0.3    0.3    1.08 	0.11676 	0.00606024 	0.0191538 	4.64372e-13 	-1.20863e-13 	9.82961e-14 	2.71028e-13 	2.88807e-14 	3.87911e-13 	8.54798e-08 	-3.19626e-08 	-2.64566e-08 	1.28354e-08 	8.08793e-09 	1.2012e-08
0.3      0.3    0.3    0.3    0.3    1.17 	0.11676 	0.00606024 	0.0191538 	4.64372e-13 	-1.20863e-13 	9.82961e-14 	2.71028e-13 	2.88807e-14 	3.87911e-13 	8.54798e-08 	-3.19626e-08 	-2.64566e-08 	1.28354e-08 	8.08793e-09 	1.2012e-08
0.3      0.3    0.3    0.3    0.3    1.26 	0.105718 	0.0111327 	0.00160976 	5.8248e-13 	-1.50492e-13 	2.50503e-14 	2.67933e-13 	4.93375e-14 	4.31591e-13 	1.49979e-07 	-5.34643e-08 	1.67936e-07 	2.08725e-08 	-6.01437e-08 	1.88115e-07
0.3      0.3    0.3    0.3    0.3    1.35 	0.118593 	0.00769462 	0.00771055 	5.66154e-13 	-1.35913e-13 	5.42131e-14 	2.65805e-13 	3.40839e-14 	4.45007e-13 	7.5296e-08 	-7.04366e-08 	7.3577e-08 	6.61463e-08 	-6.87569e-08 	7.2148e-08
0.3      0.3    0.3    0.3    0.3    1.44 	0.124553 	0.0109756 	0.0241445 	4.89463e-13 	-1.025e-13 	1.28881e-13 	2.28298e-13 	-1.72951e-14 	4.43592e-13 	1.67233e-07 	-1.39484e-07 	1.83748e-07 	1.16482e-07 	-1.53583e-07 	2.05003e-07
0.3      0.3    0.3    0.3    0.3    1.53 	0.124553 	0.0109756 	0.0241445 	4.89463e-13 	-1.025e-13 	1.28881e-13 	2.28298e-13 	-1.72951e-14 	4.43592e-13 	1.67233e-07 	-1.39484e-07 	1.83748e-07 	1.16482e-07 	-1.53583e-07 	2.05003e-07
0.3      0.3    0.3    0.3    0.3    1.62 	0.118605 	0.0111995 	-0.00285736 	4.90223e-13 	-4.76907e-14 	9.70919e-14 	2.42813e-13 	-3.51535e-14 	5.57957e-13 	2.75182e-08 	9.40183e-09 	-2.01114e-07 	3.87132e-09 	-7.58763e-08 	1.55002e-06
0.3      0.3    0.3    0.3    0.3    1.71 	0.126105 	0.016723 	-0.0119048 	4.35587e-13 	-3.23607e-14 	8.70834e-14 	2.36984e-13 	-5.60834e-14 	5.38455e-13 	8.48583e-08 	-1.15636e-07 	-9.59053e-08 	1.57768e-07 	1.30379e-07 	1.16122e-07
0.3      0.3    0.3    0.3    0.3    1.8 	0.0531706 	0.00723021 	-0.0240429 	4.80321e-13 	-7.56513e-14 	-1.02419e-13 	2.09849e-13 	-5.21619e-14 	4.31828e-13 	1.64204e-07 	-2.24776e-08 	-4.86305e-08 	4.5215e-09 	6.61995e-09 	1.44045e-08
0.3      0.3    0.3    0.3    0.3    1.89 	0.0531706 	0.00723021 	-0.0240429 	4.80321e-13 	-7.56513e-14 	-1.02419e-13 	2.09849e-13 	-5.21619e-14 	4.31828e-13 	1.64204e-07 	-2.24776e-08 	-4.86305e-08 	4.5215e-09 	6.61995e-09 	1.44045e-08
0.3      0.3    0.3    0.3    0.3    1.98 	0.0921222 	-0.0011011 	-0.0116418 	7.16468e-13 	-1.25363e-13 	-1.83348e-13 	2.55931e-13 	-3.27936e-14 	4.34168e-13 	1.16344e-07 	-1.00497e-08 	1.47378e-08 	1.07016e-08 	-1.67322e-09 	1.9088e-09
0.3      0.3    0.3    0.3    0.3    2.07 	0.0921222 	-0.0011011 	-0.0116418 	7.16468e-13 	-1.25363e-13 	-1.83348e-13 	2.55931e-13 	-3.27936e-14 	4.34168e-13 	1.16344e-07 	-1.00497e-08 	1.47378e-08 	1.07016e-08 	-1.67322e-09 	1.9088e-09
0.3      0.3    0.3    0.3    0.3    2.16 	0.143324 	-0.00927344 	-0.0413274 	4.72042e-13 	-7.37955e-14 	-6.65647e-14 	2.5077e-13 	-9.67227e-14 	4.3607e-13 	4.54829e-07 	-2.26994e-07 	4.04922e-07 	1.14052e-07 	-2.04462e-07 	3.6809e-07
0.3      0.3    0.3    0.3    0.3    2.25 	0.143324 	-0.00927344 	-0.0413274 	4.72042e-13 	-7.37955e-14 	-6.65647e-14 	2.5077e-13 	-9.67227e-14 	4.3607e-13 	4.54829e-07 	-2.26994e-07 	4.04922e-07 	1.14052e-07 	-2.04462e-07 	3.6809e-07
0.3      0.3    0.3    0.3    0.3    2.34 	0.143324 	-0.00927344 	-0.0413274 	4.72042e-13 	-7.37955e-14 	-6.65647e-14 	2.5077e-13 	-9.67227e-14 	4.3607e-13 	4.54829e-07 	-2.26994e-07 	4.04922e-07 	1.14052e-07 	-2.04462e-07 	3.6809e-07
0.3      0.3    0.3    0.3    0.3    2.43 	0.108065 	0.00587748 	-0.0489419 	4.6059e-13 	-5.3074e-14 	-6.17341e-14 	2.41322e-13 	-1.15483e-13 	4.30523e-13 	3.18098e-07 	8.38894e-08 	2.93418e-07 	2.24688e-08 	7.86685e-08 	2.77347e-07
0.3      0.3    0.3    0.3    0.3    2.52 	0.114337 	0.0115178 	-0.0214083 	4.23554e-13 	-6.00739e-14 	-3.22234e-14 	2.32146e-13 	-1.17678e-13 	4.43441e-13 	9.14479e-09 	-9.26088e-09 	5.06255e-08 	1.81657e-08 	-4.76944e-08 	2.84896e-07
0.3      0.3    0.3    0.3    0.3    2.61 	0.138721 	0.00507922 	0.00205662 	4.20942e-13 	-7.95362e-14 	-8.86085e-14 	2.29815e-13 	-3.11022e-14 	3.66046e-13 	1.2993e-08 	1.83306e-09 	6.96966e-08 	7.40387e-10 	1.12995e-08 	4.35021e-07
0.3      0.3    0.3    0.3    0.3    2.7 	0.100595 	-0.0163163 	-0.0168555 	5.26925e-13 	-1.67092e-13 	-1.15702e-13 	2.74067e-13 	9.48198e-15 	3.4464e-13 	5.88664e-08 	9.22977e-08 	-1.16202e-07 	2.00089e-07 	-2.82277e-07 	4.10431e-07
0.3      0.3    0.3    0.3    0.3    2.79 	0.192806 	-0.0314334 	-0.0377255 	5.72578e-13 	-2.19677e-13 	-9.54966e-14 	3.71359e-13 	5.56024e-15 	2.75784e-13 	5.2e-08 	6.66392e-08 	7.67405e-08 	9.06478e-08 	1.02844e-07 	1.17451e-07
0.3      0.3    0.3    0.3    0.3    2.88 	0.192806 	-0.0314334 	-0.0377255 	5.72578e-13 	-2.19677e-13 	-9.54966e-14 	3.71359e-13 	5.56024e-15 	2.75784e-13 	5.2e-08 	6.66392e-08 	7.67405e-08 	9.06478e-08 	1.02844e-07 	1.17451e-07
0.3      0.3    0.3    0.3    0.3    2.97 	0.165375 	-0.0282305 	0.00625377 	4.7435e-13 	-1.74972e-13 	-1.6881e-15 	2.60505e-13 	6.04158e-15 	2.74769e-13 	4.97677e-08 	3.48436e-08 	-3.12603e-08 	2.65058e-08 	-2.38918e-08 	2.16778e-08
0.3      0.3    0.3    0.3    0.3    3.06 	0.165375 	-0.0282305 	0.00625377 	4.7435e-13 	-1.74972e-13 	-1.6881e-15 	2.60505e-13 	6.04158e-15 	2.74769e-13 	4.97677e-08 	3.48436e-08 	-3.12603e-08 	2.65058e-08 	-2.38918e-08 	2.16778e-08
0.3      0.3    0.3    0.3    0.3    3.15 	0.140373 	0.0030834 	-0.0214434 	5.48736e-13 	-1.56195e-13 	-5.58786e-14 	2.51348e-13 	6.88657e-14 	3.3564e-13 	3.33589e-07 	-2.90294e-07 	-1.30115e-07 	2.79954e-07 	1.22155e-07 	5.38269e-08
0.3      0.3    0.3    0.3    0.3    3.24 	0.140373 	0.0030834 	-0.0214434 	5.48736e-13 	-1.56195e-13 	-5.58786e-14 	2.51348e-13 	6.88657e-14 	3.3564e-13 	3.33589e-07 	-2.90294e-07 	-1.30115e-07 	2.79954e-07 	1.22155e-07 	5.38269e-08
0.3      0.3    0.3    0.3    0.3    3.33 	0.151862 	0.0115055 	0.000694643 	5.73361e-13 	-2.12541e-13 	-5.33201e-14 	3.49583e-13 	2.20065e-15 	3.16412e-13 	1.69427e-06 	-1.21161e-06 	1.43888e-06 	8.69915e-07 	-1.03204e-06 	1.22474e-06
0.3      0.3    0.3    0.3    0.3    3.42 	0.0575397 	-0.00248433 	0.0100078 	5.8477e-13 	-2.15671e-13 	-3.39761e-14 	2.92273e-13 	1.42113e-14 	3.19935e-13 	9.98171e-07 	-3.50804e-07 	5.65748e-07 	1.37209e-07 	-2.11721e-07 	3.32729e-07
0.3      0.3    0.3    0.3    0.3    3.51 	0.0575397 	-0.00248433 	0.0100078 	5.8477e-13 	-2.15671e-13 	-3.39761e-14 	2.92273e-13 	1.42113e-14 	3.19935e-13 	9.98171e-07 	-3.50804e-07 	5.65748e-07 	1.37209e-07 	-2.11721e-07 	3.32729e-07
0.3      0.3    0.3    0.3    0.3    3.6 	0.150939 	-0.00198502 	0.0335511 	5.50266e-13 	-1.83897e-13 	2.2296e-14 	2.53303e-13 	1.28553e-14 	3.07504e-13 	2.30351e-08 	-8.00617e-08 	8.69345e-08 	3.84034e-07 	-3.84459e-07 	3.92303e-07
0.3      0.3    0.3    0.3    0.3    3.69 	0.150939 	-0.00198502 	0.0335511 	5.50266e-13 	-1.83897e-13 	2.2296e-14 	2.53303e-13 	1.28553e-14 	3.07504e-13 	2.30351e-08 	-8.00617e-08 	8.69345e-08 	3.84034e-07 	-3.84459e-07 	3.92303e-07
0.3      0.3    0.3    0.3    0.3    3.78 	0.104421 	0.0102628 	-0.00955615 	6.10239e-13 	-2.26499e-13 	3.09444e-14 	2.63876e-13 	4.43075e-15 	3.30677e-13 	2.12483e-06 	1.29512e-06 	2.98485e-07 	7.89761e-07 	1.81116e-07 	4.3787e-08
0.3      0.3    0.3    0.3    0.3    3.87 	0.104421 	0.0102628 	-0.00955615 	6.10239e-13 	-2.26499e-13 	3.09444e-14 	2.63876e-13 	4.43075e-15 	3.30677e-13 	2.12483e-06 	1.29512e-06 	2.98485e-07 	7.89761e-07 	1.81116e-07 	4.3787e-08
0.3      0.3    0.3    0.3    0.3    3.96 	0.12532 	0.00412438 	-0.00979549 	6.95829e-13 	-2.21776e-13 	-4.64799e-15 	2.49313e-13 	2.77745e-14 	2.48885e-13 	1.46405e-06 	6.48461e-07 	8.72472e-07 	2.91964e-07 	3.83924e-07 	5.21336e-07
0.3      0.3    0.3    0.3    0.3    4.05 	0.12532 	0.00412438 	-0.00979549 	6.95829e-13 	-2.21776e-13 	-4.64799e-15 	2.49313e-13 	2.77745e-14 	2.48885e-13 	1.46405e-06 	6.48461e-07 	8.72472e-07 	2.91964e-07 	3.83924e-07 	5.21336e-07
0.3      0.3    0.3    0.3    0.3    4.14 	0.108944 	-0.0401355 	0.0234718 	9.74357e-13 	-3.15866e-13 	-4.95105e-14 	3.18766e-13 	7.18535e-15 	2.75048e-13 	1.91929e-08 	9.08042e-08 	-6.83556e-08 	5.20023e-07 	-3.96911e-07 	3.03249e-07
0.3      0.3    0.3    0.3    0.3    4.23 	0.0439788 	0.0296278 	0.042875 	1.56697e-12 	-6.09989e-13 	1.03855e-13 	2.88533e-13 	-7.24829e-14 	3.06487e-13 	2.22109e-06 	-1.09654e-06 	5.3238e-07 	5.69865e-07 	-2.47905e-07 	1.35485e-07
0.3      0.3    0.3    0.3    0.3    4.32 	0.111404 	0.0235516 	0.0240475 	6.19607e-13 	-2.27702e-13 	-1.0798e-14 	2.2783e-13 	-7.01238e-15 	2.41958e-13 	5.28615e-07 	-3.02468e-07 	-1.79569e-07 	1.73252e-07 	1.01508e-07 	7.30445e-08
0.3      0.3    0.3    0.3    0.3    4.41 	0.111404 	0.0235516 	0.0240475 	6.19607e-13 	-2.27702e-13 	-1.0798e-14 	2.2783e-13 	-7.01238e-15 	2.41958e-13 	5.28615e-07 	-3.02468e-07 	-1.79569e-07 	1.73252e-07 	1.01508e-07 	7.30445e-08
0.3      0.3    0.3    0.3    0.3    4.5 	0.111404 	0.0235516 	0.0240475 	6.19607e-13 	-2.27702e-13 	-1.0798e-14 	2.2783e-13 	-7.01238e-15 	2.41958e-13 	5.28615e-07 	-3.02468e-07 	-1.79569e-07 	1.73252e-07 	1.01508e-07 	7.30445e-08
