0.01      0.01    0.01    0.01    0.01    0 	0.00975706 	0.00842188 	0.0398696 	1.23096e-12 	1.08052e-13 	-2.80871e-13 	5.6273e-13 	3.5195e-13 	1.17777e-12 	2.83406e-10 	5.04417e-10 	-6.33967e-10 	8.9778e-10 	-1.12836e-09 	1.41815e-09
0.01      0.01    0.01    0.01    0.01    0.09 	0.00975706 	0.00842188 	0.0398696 	1.23096e-12 	1.08052e-13 	-2.80871e-13 	5.6273e-13 	3.5195e-13 	1.17777e-12 	2.83406e-10 	5.04417e-10 	-6.33967e-10 	8.9778e-10 	-1.12836e-09 	1.41815e-09
0.01      0.01    0.01    0.01    0.01    0.18 	0.00975706 	0.00842188 	0.0398696 	1.23096e-12 	1.08052e-13 	-2.80871e-13 	5.6273e-13 	3.5195e-13 	1.17777e-12 	2.83406e-10 	5.04417e-10 	-6.33967e-10 	8.9778e-10 	-1.12836e-09 	1.41815e-09
0.01      0.01    0.01    0.01    0.01    0.27 	0.0230879 	-0.00326026 	0.0489545 	1.57194e-12 	-4.81141e-13 	1.73052e-12 	8.83319e-13 	-1.18283e-12 	3.3129e-12 	1.07173e-10 	1.62482e-11 	-4.61847e-10 	2.46334e-12 	-7.00193e-11 	1.99026e-09
0.01      0.01    0.01    0.01    0.01    0.36 	0.0230879 	-0.00326026 	0.0489545 	1.57194e-12 	-4.81141e-13 	1.73052e-12 	8.83319e-13 	-1.18283e-12 	3.3129e-12 	1.07173e-10 	1.62482e-11 	-4.61847e-10 	2.46334e-12 	-7.00193e-11 	1.99026e-09
0.01      0.01    0.01    0.01    0.01    0.45 	0.0783804 	0.0182805 	0.00653098 	1.54541e-12 	-3.88626e-13 	-7.66069e-13 	7.06912e-13 	3.45877e-13 	1.56067e-12 	2.20128e-08 	6.17531e-09 	5.20449e-08 	1.73237e-09 	1.46003e-08 	1.2305e-07
0.01      0.01    0.01    0.01    0.01    0.54 	0.0783804 	0.0182805 	0.00653098 	1.54541e-12 	-3.88626e-13 	-7.66069e-13 	7.06912e-13 	3.45877e-13 	1.56067e-12 	2.20128e-08 	6.17531e-09 	5.20449e-08 	1.73237e-09 	1.46003e-08 	1.2305e-07
0.01      0.01    0.01    0.01    0.01    0.63 	0.0162978 	0.00336227 	0.0799928 	1.38859e-12 	8.84652e-14 	-1.147e-14 	7.1327e-13 	6.06682e-13 	2.12615e-12 	5.08108e-10 	6.07278e-12 	1.12968e-10 	7.25805e-14 	1.35017e-12 	2.51165e-11
0.01      0.01    0.01    0.01    0.01    0.72 	0.0162978 	0.00336227 	0.0799928 	1.38859e-12 	8.84652e-14 	-1.147e-14 	7.1327e-13 	6.06682e-13 	2.12615e-12 	5.08108e-10 	6.07278e-12 	1.12968e-10 	7.25805e-14 	1.35017e-12 	2.51165e-11
0.01      0.01    0.01    0.01    0.01    0.81 	0.0423908 	0.0411408 	0.0898185 	5.99883e-13 	1.453e-13 	9.79502e-14 	7.63656e-13 	4.84774e-13 	1.85245e-12 	6.15501e-10 	1.60856e-10 	-9.91332e-10 	4.20384e-11 	-2.59076e-10 	1.59665e-09
0.01      0.01    0.01    0.01    0.01    0.9 	0.0423908 	0.0411408 	0.0898185 	5.99883e-13 	1.453e-13 	9.79502e-14 	7.63656e-13 	4.84774e-13 	1.85245e-12 	6.15501e-10 	1.60856e-10 	-9.91332e-10 	4.20384e-11 	-2.59076e-10 	1.59665e-09
0.01      0.01    0.01    0.01    0.01    0.99 	0.0456562 	0.043137 	0.0297328 	5.81389e-13 	1.70166e-13 	2.84599e-13 	8.6846e-13 	-8.08207e-13 	2.6281e-12 	2.73248e-13 	-9.31917e-12 	-1.21286e-11 	3.17831e-10 	4.13645e-10 	5.38344e-10
0.01      0.01    0.01    0.01    0.01    1.08 	0.0456562 	0.043137 	0.0297328 	5.81389e-13 	1.70166e-13 	2.84599e-13 	8.6846e-13 	-8.08207e-13 	2.6281e-12 	2.73248e-13 	-9.31917e-12 	-1.21286e-11 	3.17831e-10 	4.13645e-10 	5.38344e-10
0.01      0.01    0.01    0.01    0.01    1.17 	0.0456562 	0.043137 	0.0297328 	5.81389e-13 	1.70166e-13 	2.84599e-13 	8.6846e-13 	-8.08207e-13 	2.6281e-12 	2.73248e-13 	-9.31917e-12 	-1.21286e-11 	3.17831e-10 	4.13645e-10 	5.38344e-10
0.01      0.01    0.01    0.01    0.01    1.26 	0.0536165 	0.0468141 	0.0389771 	1.64522e-12 	8.70382e-13 	-7.3624e-13 	4.66574e-13 	9.27103e-14 	2.10104e-12 	2.02586e-11 	4.59021e-11 	8.23491e-11 	1.04005e-10 	1.86587e-10 	3.3474e-10
0.01      0.01    0.01    0.01    0.01    1.35 	0.0536165 	0.0468141 	0.0389771 	1.64522e-12 	8.70382e-13 	-7.3624e-13 	4.66574e-13 	9.27103e-14 	2.10104e-12 	2.02586e-11 	4.59021e-11 	8.23491e-11 	1.04005e-10 	1.86587e-10 	3.3474e-10
0.01      0.01    0.01    0.01    0.01    1.44 	0.051544 	0.028565 	-0.0407464 	1.33879e-12 	-5.0337e-14 	-1.77079e-12 	3.61953e-13 	6.93378e-13 	2.33592e-12 	6.49772e-11 	1.5919e-11 	4.8022e-10 	3.90007e-12 	1.17651e-10 	3.54911e-09
0.01      0.01    0.01    0.01    0.01    1.53 	0.051544 	0.028565 	-0.0407464 	1.33879e-12 	-5.0337e-14 	-1.77079e-12 	3.61953e-13 	6.93378e-13 	2.33592e-12 	6.49772e-11 	1.5919e-11 	4.8022e-10 	3.90007e-12 	1.17651e-10 	3.54911e-09
0.01      0.01    0.01    0.01    0.01    1.62 	0.044448 	0.0266439 	0.0718788 	8.17916e-13 	-7.47852e-14 	2.18303e-13 	2.86471e-13 	1.91008e-14 	7.03556e-13 	1.02535e-09 	5.20792e-10 	-4.91021e-10 	2.64519e-10 	-2.49398e-10 	2.35141e-10
0.01      0.01    0.01    0.01    0.01    1.71 	0.044448 	0.0266439 	0.0718788 	8.17916e-13 	-7.47852e-14 	2.18303e-13 	2.86471e-13 	1.91008e-14 	7.03556e-13 	1.02535e-09 	5.20792e-10 	-4.91021e-10 	2.64519e-10 	-2.49398e-10 	2.35141e-10
0.01      0.01    0.01    0.01    0.01    1.8 	0.0466875 	0.0401944 	-0.0373959 	1.88882e-13 	1.60043e-14 	-3.653e-14 	1.45983e-13 	-1.13263e-13 	1.64548e-12 	1.92943e-10 	-3.17143e-11 	-2.37332e-10 	5.21293e-12 	3.90105e-11 	2.91932e-10
0.01      0.01    0.01    0.01    0.01    1.89 	0.0466875 	0.0401944 	-0.0373959 	1.88882e-13 	1.60043e-14 	-3.653e-14 	1.45983e-13 	-1.13263e-13 	1.64548e-12 	1.92943e-10 	-3.17143e-11 	-2.37332e-10 	5.21293e-12 	3.90105e-11 	2.91932e-10
0.01      0.01    0.01    0.01    0.01    1.98 	0.0342009 	0.0291936 	-0.0505616 	3.54074e-13 	1.16266e-14 	5.30477e-13 	3.57368e-13 	-6.92998e-13 	3.04355e-12 	3.90303e-10 	2.48595e-10 	-9.32339e-10 	1.58337e-10 	-5.93832e-10 	2.22713e-09
0.01      0.01    0.01    0.01    0.01    2.07 	0.0342009 	0.0291936 	-0.0505616 	3.54074e-13 	1.16266e-14 	5.30477e-13 	3.57368e-13 	-6.92998e-13 	3.04355e-12 	3.90303e-10 	2.48595e-10 	-9.32339e-10 	1.58337e-10 	-5.93832e-10 	2.22713e-09
0.01      0.01    0.01    0.01    0.01    2.16 	0.0493651 	0.0256483 	-0.00456939 	3.31262e-13 	1.30242e-13 	9.2399e-14 	7.88226e-13 	-1.13241e-12 	2.50049e-12 	1.85468e-10 	-8.57685e-11 	5.25473e-10 	3.96631e-11 	-2.43002e-10 	1.48879e-09
0.01      0.01    0.01    0.01    0.01    2.25 	0.0493651 	0.0256483 	-0.00456939 	3.31262e-13 	1.30242e-13 	9.2399e-14 	7.88226e-13 	-1.13241e-12 	2.50049e-12 	1.85468e-10 	-8.57685e-11 	5.25473e-10 	3.96631e-11 	-2.43002e-10 	1.48879e-09
0.01      0.01    0.01    0.01    0.01    2.34 	0.0493651 	0.0256483 	-0.00456939 	3.31262e-13 	1.30242e-13 	9.2399e-14 	7.88226e-13 	-1.13241e-12 	2.50049e-12 	1.85468e-10 	-8.57685e-11 	5.25473e-10 	3.96631e-11 	-2.43002e-10 	1.48879e-09
0.01      0.01    0.01    0.01    0.01    2.43 	0.0269819 	0.00758993 	0.0477999 	5.04803e-13 	1.52174e-13 	4.76659e-14 	1.19807e-12 	-1.10934e-12 	2.43423e-12 	3.59264e-09 	6.63912e-10 	-2.42951e-09 	1.2269e-10 	-4.48968e-10 	1.64294e-09
0.01      0.01    0.01    0.01    0.01    2.52 	0.0269819 	0.00758993 	0.0477999 	5.04803e-13 	1.52174e-13 	4.76659e-14 	1.19807e-12 	-1.10934e-12 	2.43423e-12 	3.59264e-09 	6.63912e-10 	-2.42951e-09 	1.2269e-10 	-4.48968e-10 	1.64294e-09
0.01      0.01    0.01    0.01    0.01    2.61 	0.0593803 	0.0492003 	-0.0566946 	5.04527e-13 	1.22727e-13 	5.3609e-14 	4.60506e-13 	1.1233e-14 	5.9441e-13 	1.27416e-09 	6.49757e-11 	-1.7926e-09 	3.31344e-12 	-9.14138e-11 	2.52199e-09
0.01      0.01    0.01    0.01    0.01    2.7 	0.0593803 	0.0492003 	-0.0566946 	5.04527e-13 	1.22727e-13 	5.3609e-14 	4.60506e-13 	1.1233e-14 	5.9441e-13 	1.27416e-09 	6.49757e-11 	-1.7926e-09 	3.31344e-12 	-9.14138e-11 	2.52199e-09
0.01      0.01    0.01    0.01    0.01    2.79 	0.0972231 	0.07108 	-0.0322213 	7.62854e-13 	4.10391e-14 	2.38781e-13 	5.76012e-13 	-9.49577e-15 	4.81139e-13 	2.04887e-09 	1.49997e-09 	3.98325e-10 	1.09813e-09 	2.91613e-10 	7.74392e-11
0.01      0.01    0.01    0.01    0.01    2.88 	0.0972231 	0.07108 	-0.0322213 	7.62854e-13 	4.10391e-14 	2.38781e-13 	5.76012e-13 	-9.49577e-15 	4.81139e-13 	2.04887e-09 	1.49997e-09 	3.98325e-10 	1.09813e-09 	2.91613e-10 	7.74392e-11
0.01      0.01    0.01    0.01    0.01    2.97 	0.0633654 	0.0268721 	0.0256173 	1.42997e-12 	-2.80101e-13 	-1.64453e-13 	6.65929e-13 	2.00401e-13 	1.06544e-12 	5.07797e-09 	1.38884e-10 	2.14304e-09 	3.7985e-12 	5.86125e-11 	9.04416e-10
0.01      0.01    0.01    0.01    0.01    3.06 	0.0633654 	0.0268721 	0.0256173 	1.42997e-12 	-2.80101e-13 	-1.64453e-13 	6.65929e-13 	2.00401e-13 	1.06544e-12 	5.07797e-09 	1.38884e-10 	2.14304e-09 	3.7985e-12 	5.86125e-11 	9.04416e-10
0.01      0.01    0.01    0.01    0.01    3.15 	0.0136616 	0.00439034 	0.0278065 	4.07253e-12 	4.65887e-13 	2.5304e-12 	4.14667e-13 	-1.1187e-13 	1.78113e-12 	2.33336e-09 	1.74352e-09 	-2.43753e-09 	1.30278e-09 	-1.82136e-09 	2.54636e-09
0.01      0.01    0.01    0.01    0.01    3.24 	0.0136616 	0.00439034 	0.0278065 	4.07253e-12 	4.65887e-13 	2.5304e-12 	4.14667e-13 	-1.1187e-13 	1.78113e-12 	2.33336e-09 	1.74352e-09 	-2.43753e-09 	1.30278e-09 	-1.82136e-09 	2.54636e-09
0.01      0.01    0.01    0.01    0.01    3.33 	0.0244689 	0.0158953 	-0.0016958 	2.5177e-12 	-2.6221e-13 	4.77579e-12 	1.27166e-12 	-1.93151e-12 	7.28416e-12 	1.57916e-09 	7.32345e-10 	-5.98448e-10 	3.39628e-10 	-2.77533e-10 	2.26791e-10
0.01      0.01    0.01    0.01    0.01    3.42 	0.0244689 	0.0158953 	-0.0016958 	2.5177e-12 	-2.6221e-13 	4.77579e-12 	1.27166e-12 	-1.93151e-12 	7.28416e-12 	1.57916e-09 	7.32345e-10 	-5.98448e-10 	3.39628e-10 	-2.77533e-10 	2.26791e-10
0.01      0.01    0.01    0.01    0.01    3.51 	0.0244689 	0.0158953 	-0.0016958 	2.5177e-12 	-2.6221e-13 	4.77579e-12 	1.27166e-12 	-1.93151e-12 	7.28416e-12 	1.57916e-09 	7.32345e-10 	-5.98448e-10 	3.39628e-10 	-2.77533e-10 	2.26791e-10
0.01      0.01    0.01    0.01    0.01    3.6 	0.0843249 	0.0412741 	-0.0514571 	1.68958e-12 	-2.16525e-13 	1.62961e-13 	4.06996e-13 	-1.59273e-14 	1.19753e-12 	7.58984e-09 	7.71255e-10 	3.37747e-09 	7.83725e-11 	3.43207e-10 	1.50297e-09
0.01      0.01    0.01    0.01    0.01    3.69 	0.0843249 	0.0412741 	-0.0514571 	1.68958e-12 	-2.16525e-13 	1.62961e-13 	4.06996e-13 	-1.59273e-14 	1.19753e-12 	7.58984e-09 	7.71255e-10 	3.37747e-09 	7.83725e-11 	3.43207e-10 	1.50297e-09
0.01      0.01    0.01    0.01    0.01    3.78 	0.0592004 	0.0155066 	-0.0595004 	4.08061e-12 	-8.13484e-13 	5.17947e-13 	8.50533e-13 	-8.66302e-14 	1.12839e-12 	5.35447e-10 	-1.96727e-10 	-1.67715e-09 	7.22787e-11 	6.16196e-10 	5.25323e-09
0.01      0.01    0.01    0.01    0.01    3.87 	0.0592004 	0.0155066 	-0.0595004 	4.08061e-12 	-8.13484e-13 	5.17947e-13 	8.50533e-13 	-8.66302e-14 	1.12839e-12 	5.35447e-10 	-1.96727e-10 	-1.67715e-09 	7.22787e-11 	6.16196e-10 	5.25323e-09
0.01      0.01    0.01    0.01    0.01    3.96 	0.0313602 	0.0130968 	0.0834049 	7.17033e-13 	5.47623e-14 	-1.67518e-13 	1.15919e-12 	-2.56072e-13 	8.81183e-13 	2.54885e-09 	2.63108e-09 	8.53966e-11 	2.71596e-09 	8.81517e-11 	2.86113e-12
0.01      0.01    0.01    0.01    0.01    4.05 	0.0313602 	0.0130968 	0.0834049 	7.17033e-13 	5.47623e-14 	-1.67518e-13 	1.15919e-12 	-2.56072e-13 	8.81183e-13 	2.54885e-09 	2.63108e-09 	8.53966e-11 	2.71596e-09 	8.81517e-11 	2.86113e-12
0.01      0.01    0.01    0.01    0.01    4.14 	0.0660118 	0.0509014 	0.0642546 	5.73221e-13 	1.18484e-13 	-9.01389e-15 	9.89771e-13 	-3.77476e-13 	1.19283e-12 	1.87855e-11 	9.15097e-12 	-1.02139e-10 	4.4577e-12 	-4.9755e-11 	5.55344e-10
0.01      0.01    0.01    0.01    0.01    4.23 	0.0660118 	0.0509014 	0.0642546 	5.73221e-13 	1.18484e-13 	-9.01389e-15 	9.89771e-13 	-3.77476e-13 	1.19283e-12 	1.87855e-11 	9.15097e-12 	-1.02139e-10 	4.4577e-12 	-4.9755e-11 	5.55344e-10
0.01      0.01    0.01    0.01    0.01    4.32 	-0.00295046 	-0.00708765 	0.051749 	6.00635e-13 	9.58598e-14 	3.43529e-13 	5.76282e-13 	-9.19324e-14 	6.43182e-13 	3.36063e-09 	6.04932e-10 	-4.24486e-09 	1.08891e-10 	-7.64099e-10 	5.36175e-09
0.01      0.01    0.01    0.01    0.01    4.41 	-0.00295046 	-0.00708765 	0.051749 	6.00635e-13 	9.58598e-14 	3.43529e-13 	5.76282e-13 	-9.19324e-14 	6.43182e-13 	3.36063e-09 	6.04932e-10 	-4.24486e-09 	1.08891e-10 	-7.64099e-10 	5.36175e-09
0.01      0.01    0.01    0.01    0.01    4.5 	-0.00295046 	-0.00708765 	0.051749 	6.00635e-13 	9.58598e-14 	3.43529e-13 	5.76282e-13 	-9.19324e-14 	6.43182e-13 	3.36063e-09 	6.04932e-10 	-4.24486e-09 	1.08891e-10 	-7.64099e-10 	5.36175e-09
0.02      0.02    0.02    0.02    0.02    0 	0.0096929 	0.00830402 	0.0400119 	1.22952e-12 	1.07838e-13 	-2.80032e-13 	5.61445e-13 	3.50289e-13 	1.17573e-12 	1.33363e-09 	2.41221e-09 	-2.97014e-09 	4.36546e-09 	-5.3716e-09 	6.61503e-09
0.02      0.02    0.02    0.02    0.02    0.09 	0.0096929 	0.00830402 	0.0400119 	1.22952e-12 	1.07838e-13 	-2.80032e-13 	5.61445e-13 	3.50289e-13 	1.17573e-12 	1.33363e-09 	2.41221e-09 	-2.97014e-09 	4.36546e-09 	-5.3716e-09 	6.61503e-09
0.02      0.02    0.02    0.02    0.02    0.18 	0.0096929 	0.00830402 	0.0400119 	1.22952e-12 	1.07838e-13 	-2.80032e-13 	5.61445e-13 	3.50289e-13 	1.17573e-12 	1.33363e-09 	2.41221e-09 	-2.97014e-09 	4.36546e-09 	-5.3716e-09 	6.61503e-09
0.02      0.02    0.02    0.02    0.02    0.27 	0.0230703 	-0.00329269 	0.0491341 	1.57869e-12 	-4.78114e-13 	1.73361e-12 	8.75188e-13 	-1.17599e-12 	3.31022e-12 	2.01487e-10 	1.91025e-10 	-1.37759e-09 	2.27806e-10 	-1.44734e-09 	9.96814e-09
0.02      0.02    0.02    0.02    0.02    0.36 	0.0230703 	-0.00329269 	0.0491341 	1.57869e-12 	-4.78114e-13 	1.73361e-12 	8.75188e-13 	-1.17599e-12 	3.31022e-12 	2.01487e-10 	1.91025e-10 	-1.37759e-09 	2.27806e-10 	-1.44734e-09 	9.96814e-09
0.02      0.02    0.02    0.02    0.02    0.45 	0.0778522 	0.01805 	0.00514373 	1.53766e-12 	-3.87314e-13 	-7.75259e-13 	7.10115e-13 	3.54494e-13 	1.5674e-12 	9.52254e-08 	3.58027e-08 	2.39962e-07 	1.37279e-08 	9.07263e-08 	6.05662e-07
0.02      0.02    0.02    0.02    0.02    0.54 	0.0778522 	0.01805 	0.00514373 	1.53766e-12 	-3.87314e-13 	-7.75259e-13 	7.10115e-13 	3.54494e-13 	1.5674e-12 	9.52254e-08 	3.58027e-08 	2.39962e-07 	1.37279e-08 	9.07263e-08 	6.05662e-07
0.02      0.02    0.02    0.02    0.02    0.63 	0.0163933 	0.0033643 	0.0800162 	1.38888e-12 	8.86318e-14 	-1.42871e-14 	7.10728e-13 	6.03732e-13 	2.11963e-12 	2.84669e-09 	1.98358e-11 	7.0805e-10 	3.91522e-12 	1.93493e-12 	1.78633e-10
0.02      0.02    0.02    0.02    0.02    0.72 	0.0163933 	0.0033643 	0.0800162 	1.38888e-12 	8.86318e-14 	-1.42871e-14 	7.10728e-13 	6.03732e-13 	2.11963e-12 	2.84669e-09 	1.98358e-11 	7.0805e-10 	3.91522e-12 	1.93493e-12 	1.78633e-10
0.02      0.02    0.02    0.02    0.02    0.81 	0.0422966 	0.0411145 	0.089979 	5.99956e-13 	1.45356e-13 	9.79329e-14 	7.63445e-13 	4.82838e-13 	1.84788e-12 	2.86726e-09 	7.77246e-10 	-4.79283e-09 	2.11029e-10 	-1.29989e-09 	8.01357e-09
0.02      0.02    0.02    0.02    0.02    0.9 	0.0422966 	0.0411145 	0.089979 	5.99956e-13 	1.45356e-13 	9.79329e-14 	7.63445e-13 	4.82838e-13 	1.84788e-12 	2.86726e-09 	7.77246e-10 	-4.79283e-09 	2.11029e-10 	-1.29989e-09 	8.01357e-09
0.02      0.02    0.02    0.02    0.02    0.99 	0.0456662 	0.0432069 	0.0298278 	5.81066e-13 	1.70528e-13 	2.83439e-13 	8.68388e-13 	-8.07676e-13 	2.62745e-12 	1.49763e-11 	1.30609e-10 	1.75998e-10 	1.53247e-09 	2.06345e-09 	2.77918e-09
0.02      0.02    0.02    0.02    0.02    1.08 	0.0456662 	0.0432069 	0.0298278 	5.81066e-13 	1.70528e-13 	2.83439e-13 	8.68388e-13 	-8.07676e-13 	2.62745e-12 	1.49763e-11 	1.30609e-10 	1.75998e-10 	1.53247e-09 	2.06345e-09 	2.77918e-09
0.02      0.02    0.02    0.02    0.02    1.17 	0.0456662 	0.0432069 	0.0298278 	5.81066e-13 	1.70528e-13 	2.83439e-13 	8.68388e-13 	-8.07676e-13 	2.62745e-12 	1.49763e-11 	1.30609e-10 	1.75998e-10 	1.53247e-09 	2.06345e-09 	2.77918e-09
0.02      0.02    0.02    0.02    0.02    1.26 	0.0536418 	0.0468424 	0.0390523 	1.64251e-12 	8.69489e-13 	-7.34177e-13 	4.66675e-13 	9.20627e-14 	2.10347e-12 	1.63083e-10 	2.26871e-10 	5.29017e-10 	3.33793e-10 	7.57587e-10 	1.74279e-09
0.02      0.02    0.02    0.02    0.02    1.35 	0.0536418 	0.0468424 	0.0390523 	1.64251e-12 	8.69489e-13 	-7.34177e-13 	4.66675e-13 	9.20627e-14 	2.10347e-12 	1.63083e-10 	2.26871e-10 	5.29017e-10 	3.33793e-10 	7.57587e-10 	1.74279e-09
0.02      0.02    0.02    0.02    0.02    1.44 	0.0515284 	0.0285573 	-0.0409847 	1.339e-12 	-5.07714e-14 	-1.76979e-12 	3.62044e-13 	6.91941e-13 	2.3325e-12 	1.41395e-10 	5.80508e-11 	1.55453e-09 	2.68039e-11 	6.45608e-10 	1.7813e-08
0.02      0.02    0.02    0.02    0.02    1.53 	0.0515284 	0.0285573 	-0.0409847 	1.339e-12 	-5.07714e-14 	-1.76979e-12 	3.62044e-13 	6.91941e-13 	2.3325e-12 	1.41395e-10 	5.80508e-11 	1.55453e-09 	2.68039e-11 	6.45608e-10 	1.7813e-08
0.02      0.02    0.02    0.02    0.02    1.62 	0.0443384 	0.026549 	0.0719352 	8.17544e-13 	-7.50352e-14 	2.17134e-13 	2.86681e-13 	1.96839e-14 	7.03954e-13 	4.27772e-09 	3.06648e-09 	-2.09667e-09 	2.27079e-09 	-1.52143e-09 	1.0339e-09
0.02      0.02    0.02    0.02    0.02    1.71 	0.0443384 	0.026549 	0.0719352 	8.17544e-13 	-7.50352e-14 	2.17134e-13 	2.86681e-13 	1.96839e-14 	7.03954e-13 	4.27772e-09 	3.06648e-09 	-2.09667e-09 	2.27079e-09 	-1.52143e-09 	1.0339e-09
0.02      0.02    0.02    0.02    0.02    1.8 	0.0466382 	0.0402015 	-0.0373172 	1.89457e-13 	1.60036e-14 	-3.56809e-14 	1.46454e-13 	-1.13802e-13 	1.64803e-12 	8.09995e-10 	-1.2702e-10 	-1.20635e-09 	2.04092e-11 	1.89514e-10 	1.80466e-09
0.02      0.02    0.02    0.02    0.02    1.89 	0.0466382 	0.0402015 	-0.0373172 	1.89457e-13 	1.60036e-14 	-3.56809e-14 	1.46454e-13 	-1.13802e-13 	1.64803e-12 	8.09995e-10 	-1.2702e-10 	-1.20635e-09 	2.04092e-11 	1.89514e-10 	1.80466e-09
0.02      0.02    0.02    0.02    0.02    1.98 	0.0341498 	0.0291343 	-0.0503586 	3.53849e-13 	1.16588e-14 	5.30929e-13 	3.578e-13 	-6.95136e-13 	3.05068e-12 	1.14888e-09 	1.05856e-09 	-3.72932e-09 	1.00292e-09 	-3.51961e-09 	1.23582e-08
0.02      0.02    0.02    0.02    0.02    2.07 	0.0341498 	0.0291343 	-0.0503586 	3.53849e-13 	1.16588e-14 	5.30929e-13 	3.578e-13 	-6.95136e-13 	3.05068e-12 	1.14888e-09 	1.05856e-09 	-3.72932e-09 	1.00292e-09 	-3.51961e-09 	1.23582e-08
0.02      0.02    0.02    0.02    0.02    2.16 	0.0493298 	0.025687 	-0.00471606 	3.30887e-13 	1.3038e-13 	9.19447e-14 	7.87847e-13 	-1.13179e-12 	2.49718e-12 	5.55154e-10 	-4.24502e-10 	1.96987e-09 	3.61029e-10 	-1.55656e-09 	7.07291e-09
0.02      0.02    0.02    0.02    0.02    2.25 	0.0493298 	0.025687 	-0.00471606 	3.30887e-13 	1.3038e-13 	9.19447e-14 	7.87847e-13 	-1.13179e-12 	2.49718e-12 	5.55154e-10 	-4.24502e-10 	1.96987e-09 	3.61029e-10 	-1.55656e-09 	7.07291e-09
0.02      0.02    0.02    0.02    0.02    2.34 	0.0493298 	0.025687 	-0.00471606 	3.30887e-13 	1.3038e-13 	9.19447e-14 	7.87847e-13 	-1.13179e-12 	2.49718e-12 	5.55154e-10 	-4.24502e-10 	1.96987e-09 	3.61029e-10 	-1.55656e-09 	7.07291e-09
0.02      0.02    0.02    0.02    0.02    2.43 	0.0267846 	0.00751643 	0.0479621 	5.05641e-13 	1.52355e-13 	4.72194e-14 	1.20012e-12 	-1.11301e-12 	2.44169e-12 	1.42124e-08 	4.10313e-09 	-1.07846e-08 	1.26892e-09 	-3.17418e-09 	8.22735e-09
0.02      0.02    0.02    0.02    0.02    2.52 	0.0267846 	0.00751643 	0.0479621 	5.05641e-13 	1.52355e-13 	4.72194e-14 	1.20012e-12 	-1.11301e-12 	2.44169e-12 	1.42124e-08 	4.10313e-09 	-1.07846e-08 	1.26892e-09 	-3.17418e-09 	8.22735e-09
0.02      0.02    0.02    0.02    0.02    2.61 	0.0592931 	0.0491546 	-0.0564872 	5.04756e-13 	1.22362e-13 	5.33299e-14 	4.59913e-13 	1.0655e-14 	5.94173e-13 	3.4234e-09 	1.12205e-09 	-6.69137e-09 	4.28312e-10 	-2.30965e-09 	1.33215e-08
0.02      0.02    0.02    0.02    0.02    2.7 	0.0592931 	0.0491546 	-0.0564872 	5.04756e-13 	1.22362e-13 	5.33299e-14 	4.59913e-13 	1.0655e-14 	5.94173e-13 	3.4234e-09 	1.12205e-09 	-6.69137e-09 	4.28312e-10 	-2.30965e-09 	1.33215e-08
0.02      0.02    0.02    0.02    0.02    2.79 	0.0974191 	0.0712233 	-0.0321863 	7.62061e-13 	4.02098e-14 	2.38449e-13 	5.75097e-13 	-9.74344e-15 	4.80227e-13 	1.15027e-08 	8.37646e-09 	2.03816e-09 	6.10132e-09 	1.48693e-09 	3.6635e-10
0.02      0.02    0.02    0.02    0.02    2.88 	0.0974191 	0.0712233 	-0.0321863 	7.62061e-13 	4.02098e-14 	2.38449e-13 	5.75097e-13 	-9.74344e-15 	4.80227e-13 	1.15027e-08 	8.37646e-09 	2.03816e-09 	6.10132e-09 	1.48693e-09 	3.6635e-10
0.02      0.02    0.02    0.02    0.02    2.97 	0.0631312 	0.0268271 	0.0254916 	1.42364e-12 	-2.80754e-13 	-1.67677e-13 	6.67171e-13 	2.02086e-13 	1.06396e-12 	1.96875e-08 	2.53202e-09 	9.73684e-09 	3.72681e-10 	1.28144e-09 	4.8344e-09
0.02      0.02    0.02    0.02    0.02    3.06 	0.0631312 	0.0268271 	0.0254916 	1.42364e-12 	-2.80754e-13 	-1.67677e-13 	6.67171e-13 	2.02086e-13 	1.06396e-12 	1.96875e-08 	2.53202e-09 	9.73684e-09 	3.72681e-10 	1.28144e-09 	4.8344e-09
0.02      0.02    0.02    0.02    0.02    3.15 	0.013511 	0.00422728 	0.028007 	4.08832e-12 	4.74973e-13 	2.52805e-12 	4.1439e-13 	-1.09133e-13 	1.77587e-12 	8.56928e-09 	8.08213e-09 	-1.04333e-08 	7.71851e-09 	-9.91329e-09 	1.27602e-08
0.02      0.02    0.02    0.02    0.02    3.24 	0.013511 	0.00422728 	0.028007 	4.08832e-12 	4.74973e-13 	2.52805e-12 	4.1439e-13 	-1.09133e-13 	1.77587e-12 	8.56928e-09 	8.08213e-09 	-1.04333e-08 	7.71851e-09 	-9.91329e-09 	1.27602e-08
0.02      0.02    0.02    0.02    0.02    3.33 	0.024347 	0.0158113 	-0.00161734 	2.51288e-12 	-2.60585e-13 	4.77576e-12 	1.27301e-12 	-1.93711e-12 	7.31002e-12 	5.53641e-09 	3.42488e-09 	-3.01979e-09 	2.14664e-09 	-1.88872e-09 	1.67427e-09
0.02      0.02    0.02    0.02    0.02    3.42 	0.024347 	0.0158113 	-0.00161734 	2.51288e-12 	-2.60585e-13 	4.77576e-12 	1.27301e-12 	-1.93711e-12 	7.31002e-12 	5.53641e-09 	3.42488e-09 	-3.01979e-09 	2.14664e-09 	-1.88872e-09 	1.67427e-09
0.02      0.02    0.02    0.02    0.02    3.51 	0.024347 	0.0158113 	-0.00161734 	2.51288e-12 	-2.60585e-13 	4.77576e-12 	1.27301e-12 	-1.93711e-12 	7.31002e-12 	5.53641e-09 	3.42488e-09 	-3.01979e-09 	2.14664e-09 	-1.88872e-09 	1.67427e-09
0.02      0.02    0.02    0.02    0.02    3.6 	0.08405 	0.0411841 	-0.0516156 	1.68493e-12 	-2.16207e-13 	1.69451e-13 	4.06803e-13 	-1.76258e-14 	1.19745e-12 	2.80207e-08 	6.73348e-09 	1.47814e-08 	1.72863e-09 	3.61264e-09 	7.83147e-09
0.02      0.02    0.02    0.02    0.02    3.69 	0.08405 	0.0411841 	-0.0516156 	1.68493e-12 	-2.16207e-13 	1.69451e-13 	4.06803e-13 	-1.76258e-14 	1.19745e-12 	2.80207e-08 	6.73348e-09 	1.47814e-08 	1.72863e-09 	3.61264e-09 	7.83147e-09
0.02      0.02    0.02    0.02    0.02    3.78 	0.0591603 	0.01548 	-0.0592312 	4.08108e-12 	-8.14011e-13 	5.40119e-13 	8.52285e-13 	-9.103e-14 	1.12909e-12 	1.06746e-09 	7.22448e-11 	-4.91681e-09 	9.37614e-11 	-6.49373e-10 	2.37839e-08
0.02      0.02    0.02    0.02    0.02    3.87 	0.0591603 	0.01548 	-0.0592312 	4.08108e-12 	-8.14011e-13 	5.40119e-13 	8.52285e-13 	-9.103e-14 	1.12909e-12 	1.06746e-09 	7.22448e-11 	-4.91681e-09 	9.37614e-11 	-6.49373e-10 	2.37839e-08
0.02      0.02    0.02    0.02    0.02    3.96 	0.0311695 	0.0128858 	0.0833736 	7.18296e-13 	5.56721e-14 	-1.66866e-13 	1.16311e-12 	-2.55778e-13 	8.81007e-13 	1.17815e-08 	1.27559e-08 	1.41831e-09 	1.38149e-08 	1.54326e-09 	1.85679e-10
0.02      0.02    0.02    0.02    0.02    4.05 	0.0311695 	0.0128858 	0.0833736 	7.18296e-13 	5.56721e-14 	-1.66866e-13 	1.16311e-12 	-2.55778e-13 	8.81007e-13 	1.17815e-08 	1.27559e-08 	1.41831e-09 	1.38149e-08 	1.54326e-09 	1.85679e-10
0.02      0.02    0.02    0.02    0.02    4.14 	0.0660076 	0.050871 	0.0643497 	5.73749e-13 	1.18596e-13 	-8.72675e-15 	9.90955e-13 	-3.78107e-13 	1.19246e-12 	2.47995e-11 	5.54806e-11 	-2.42336e-10 	1.85571e-10 	-7.01982e-10 	2.78668e-09
0.02      0.02    0.02    0.02    0.02    4.23 	0.0660076 	0.050871 	0.0643497 	5.73749e-13 	1.18596e-13 	-8.72675e-15 	9.90955e-13 	-3.78107e-13 	1.19246e-12 	2.47995e-11 	5.54806e-11 	-2.42336e-10 	1.85571e-10 	-7.01982e-10 	2.78668e-09
0.02      0.02    0.02    0.02    0.02    4.32 	-0.00314522 	-0.00717193 	0.0520332 	6.00796e-13 	9.60018e-14 	3.43657e-13 	5.76979e-13 	-9.22758e-14 	6.44181e-13 	1.34694e-08 	4.55564e-09 	-1.8597e-08 	1.6104e-09 	-6.35183e-09 	2.5735e-08
0.02      0.02    0.02    0.02    0.02    4.41 	-0.00314522 	-0.00717193 	0.0520332 	6.00796e-13 	9.60018e-14 	3.43657e-13 	5.76979e-13 	-9.22758e-14 	6.44181e-13 	1.34694e-08 	4.55564e-09 	-1.8597e-08 	1.6104e-09 	-6.35183e-09 	2.5735e-08
0.02      0.02    0.02    0.02    0.02    4.5 	-0.00314522 	-0.00717193 	0.0520332 	6.00796e-13 	9.60018e-14 	3.43657e-13 	5.76979e-13 	-9.22758e-14 	6.44181e-13 	1.34694e-08 	4.55564e-09 	-1.8597e-08 	1.6104e-09 	-6.35183e-09 	2.5735e-08
0.03      0.03    0.03    0.03    0.03    0 	0.00962909 	0.00819793 	0.0401395 	1.22814e-12 	1.0764e-13 	-2.7924e-13 	5.60147e-13 	3.48675e-13 	1.17374e-12 	3.01418e-09 	5.36561e-09 	-6.47391e-09 	9.55996e-09 	-1.15314e-08 	1.39165e-08
0.03      0.03    0.03    0.03    0.03    0.09 	0.00962909 	0.00819793 	0.0401395 	1.22814e-12 	1.0764e-13 	-2.7924e-13 	5.60147e-13 	3.48675e-13 	1.17374e-12 	3.01418e-09 	5.36561e-09 	-6.47391e-09 	9.55996e-09 	-1.15314e-08 	1.39165e-08
0.03      0.03    0.03    0.03    0.03    0.18 	0.00962909 	0.00819793 	0.0401395 	1.22814e-12 	1.0764e-13 	-2.7924e-13 	5.60147e-13 	3.48675e-13 	1.17374e-12 	3.01418e-09 	5.36561e-09 	-6.47391e-09 	9.55996e-09 	-1.15314e-08 	1.39165e-08
0.03      0.03    0.03    0.03    0.03    0.27 	0.0230603 	-0.0032896 	0.0493349 	1.58548e-12 	-4.74988e-13 	1.7365e-12 	8.67187e-13 	-1.16903e-12 	3.30738e-12 	2.68996e-10 	2.25577e-10 	-2.50161e-09 	2.2704e-10 	-2.0857e-09 	2.55853e-08
0.03      0.03    0.03    0.03    0.03    0.36 	0.0230603 	-0.0032896 	0.0493349 	1.58548e-12 	-4.74988e-13 	1.7365e-12 	8.67187e-13 	-1.16903e-12 	3.30738e-12 	2.68996e-10 	2.25577e-10 	-2.50161e-09 	2.2704e-10 	-2.0857e-09 	2.55853e-08
0.03      0.03    0.03    0.03    0.03    0.45 	0.0773992 	0.0177926 	0.00375963 	1.53014e-12 	-3.85994e-13 	-7.84259e-13 	7.13271e-13 	3.63078e-13 	1.57427e-12 	1.89759e-07 	8.59298e-08 	5.15589e-07 	3.96785e-08 	2.35356e-07 	1.40562e-06
0.03      0.03    0.03    0.03    0.03    0.54 	0.0773992 	0.0177926 	0.00375963 	1.53014e-12 	-3.85994e-13 	-7.84259e-13 	7.13271e-13 	3.63078e-13 	1.57427e-12 	1.89759e-07 	8.59298e-08 	5.15589e-07 	3.96785e-08 	2.35356e-07 	1.40562e-06
0.03      0.03    0.03    0.03    0.03    0.63 	0.0164738 	0.00336616 	0.0800086 	1.38919e-12 	8.88189e-14 	-1.70618e-14 	7.08172e-13 	6.0083e-13 	2.11317e-12 	5.74801e-09 	1.52675e-10 	7.75578e-10 	8.28555e-12 	1.44781e-11 	1.50727e-10
0.03      0.03    0.03    0.03    0.03    0.72 	0.0164738 	0.00336616 	0.0800086 	1.38919e-12 	8.88189e-14 	-1.70618e-14 	7.08172e-13 	6.0083e-13 	2.11317e-12 	5.74801e-09 	1.52675e-10 	7.75578e-10 	8.28555e-12 	1.44781e-11 	1.50727e-10
0.03      0.03    0.03    0.03    0.03    0.81 	0.0422062 	0.0410793 	0.0901454 	6.00024e-13 	1.45415e-13 	9.79108e-14 	7.63226e-13 	4.80925e-13 	1.84337e-12 	6.3848e-09 	2.00664e-09 	-1.10904e-08 	6.37036e-10 	-3.495e-09 	1.92787e-08
0.03      0.03    0.03    0.03    0.03    0.9 	0.0422062 	0.0410793 	0.0901454 	6.00024e-13 	1.45415e-13 	9.79108e-14 	7.63226e-13 	4.80925e-13 	1.84337e-12 	6.3848e-09 	2.00664e-09 	-1.10904e-08 	6.37036e-10 	-3.495e-09 	1.92787e-08
0.03      0.03    0.03    0.03    0.03    0.99 	0.0456905 	0.0432769 	0.0299227 	5.8083e-13 	1.70869e-13 	2.82252e-13 	8.68364e-13 	-8.07053e-13 	2.62664e-12 	1.52998e-10 	6.90004e-10 	9.28542e-10 	3.61495e-09 	4.86211e-09 	6.54019e-09
0.03      0.03    0.03    0.03    0.03    1.08 	0.0456905 	0.0432769 	0.0299227 	5.8083e-13 	1.70869e-13 	2.82252e-13 	8.68364e-13 	-8.07053e-13 	2.62664e-12 	1.52998e-10 	6.90004e-10 	9.28542e-10 	3.61495e-09 	4.86211e-09 	6.54019e-09
0.03      0.03    0.03    0.03    0.03    1.17 	0.0456905 	0.0432769 	0.0299227 	5.8083e-13 	1.70869e-13 	2.82252e-13 	8.68364e-13 	-8.07053e-13 	2.62664e-12 	1.52998e-10 	6.90004e-10 	9.28542e-10 	3.61495e-09 	4.86211e-09 	6.54019e-09
0.03      0.03    0.03    0.03    0.03    1.26 	0.053672 	0.0468674 	0.0391241 	1.6398e-12 	8.68571e-13 	-7.32112e-13 	4.66795e-13 	9.14205e-14 	2.1059e-12 	5.11749e-10 	5.44526e-10 	1.41414e-09 	6.06475e-10 	1.5412e-09 	3.95815e-09
0.03      0.03    0.03    0.03    0.03    1.35 	0.053672 	0.0468674 	0.0391241 	1.6398e-12 	8.68571e-13 	-7.32112e-13 	4.66795e-13 	9.14205e-14 	2.1059e-12 	5.11749e-10 	5.44526e-10 	1.41414e-09 	6.06475e-10 	1.5412e-09 	3.95815e-09
0.03      0.03    0.03    0.03    0.03    1.44 	0.0515271 	0.0285593 	-0.0412064 	1.33918e-12 	-5.11961e-14 	-1.76868e-12 	3.62157e-13 	6.90477e-13 	2.32899e-12 	1.46451e-10 	4.86434e-11 	2.2022e-09 	1.97664e-11 	6.50492e-10 	3.93649e-08
0.03      0.03    0.03    0.03    0.03    1.53 	0.0515271 	0.0285593 	-0.0412064 	1.33918e-12 	-5.11961e-14 	-1.76868e-12 	3.62157e-13 	6.90477e-13 	2.32899e-12 	1.46451e-10 	4.86434e-11 	2.2022e-09 	1.97664e-11 	6.50492e-10 	3.93649e-08
0.03      0.03    0.03    0.03    0.03    1.62 	0.044248 	0.0264465 	0.0720026 	8.17177e-13 	-7.52883e-14 	2.15954e-13 	2.86882e-13 	2.02766e-14 	7.04358e-13 	8.03268e-09 	7.12726e-09 	-4.63595e-09 	6.50267e-09 	-4.19401e-09 	2.7171e-09
0.03      0.03    0.03    0.03    0.03    1.71 	0.044248 	0.0264465 	0.0720026 	8.17177e-13 	-7.52883e-14 	2.15954e-13 	2.86882e-13 	2.02766e-14 	7.04358e-13 	8.03268e-09 	7.12726e-09 	-4.63595e-09 	6.50267e-09 	-4.19401e-09 	2.7171e-09
0.03      0.03    0.03    0.03    0.03    1.8 	0.0465872 	0.0401956 	-0.0372555 	1.90058e-13 	1.60033e-14 	-3.48365e-14 	1.46952e-13 	-1.14333e-13 	1.6505e-12 	1.88885e-09 	-1.00839e-10 	-2.64001e-09 	1.57055e-11 	1.50713e-10 	3.70455e-09
0.03      0.03    0.03    0.03    0.03    1.89 	0.0465872 	0.0401956 	-0.0372555 	1.90058e-13 	1.60033e-14 	-3.48365e-14 	1.46952e-13 	-1.14333e-13 	1.6505e-12 	1.88885e-09 	-1.00839e-10 	-2.64001e-09 	1.57055e-11 	1.50713e-10 	3.70455e-09
0.03      0.03    0.03    0.03    0.03    1.98 	0.0341111 	0.029076 	-0.0501655 	3.53679e-13 	1.16895e-14 	5.31351e-13 	3.58284e-13 	-6.97233e-13 	3.05773e-12 	1.89053e-09 	2.11189e-09 	-7.25348e-09 	2.42915e-09 	-8.31348e-09 	2.84643e-08
0.03      0.03    0.03    0.03    0.03    2.07 	0.0341111 	0.029076 	-0.0501655 	3.53679e-13 	1.16895e-14 	5.31351e-13 	3.58284e-13 	-6.97233e-13 	3.05773e-12 	1.89053e-09 	2.11189e-09 	-7.25348e-09 	2.42915e-09 	-8.31348e-09 	2.84643e-08
0.03      0.03    0.03    0.03    0.03    2.16 	0.0493163 	0.0257337 	-0.0048227 	3.30572e-13 	1.30507e-13 	9.14949e-14 	7.875e-13 	-1.13111e-12 	2.49383e-12 	7.09792e-10 	-8.54905e-10 	2.99052e-09 	1.21722e-09 	-3.88763e-09 	1.30467e-08
0.03      0.03    0.03    0.03    0.03    2.25 	0.0493163 	0.0257337 	-0.0048227 	3.30572e-13 	1.30507e-13 	9.14949e-14 	7.875e-13 	-1.13111e-12 	2.49383e-12 	7.09792e-10 	-8.54905e-10 	2.99052e-09 	1.21722e-09 	-3.88763e-09 	1.30467e-08
0.03      0.03    0.03    0.03    0.03    2.34 	0.0493163 	0.0257337 	-0.0048227 	3.30572e-13 	1.30507e-13 	9.14949e-14 	7.875e-13 	-1.13111e-12 	2.49383e-12 	7.09792e-10 	-8.54905e-10 	2.99052e-09 	1.21722e-09 	-3.88763e-09 	1.30467e-08
0.03      0.03    0.03    0.03    0.03    2.43 	0.0266132 	0.00742879 	0.0481248 	5.06575e-13 	1.52512e-13 	4.67742e-14 	1.20214e-12 	-1.1165e-12 	2.44898e-12 	2.72606e-08 	1.04891e-08 	-2.28036e-08 	4.22785e-09 	-8.92517e-09 	1.9195e-08
0.03      0.03    0.03    0.03    0.03    2.52 	0.0266132 	0.00742879 	0.0481248 	5.06575e-13 	1.52512e-13 	4.67742e-14 	1.20214e-12 	-1.1165e-12 	2.44898e-12 	2.72606e-08 	1.04891e-08 	-2.28036e-08 	4.22785e-09 	-8.92517e-09 	1.9195e-08
0.03      0.03    0.03    0.03    0.03    2.61 	0.0592224 	0.0491326 	-0.0563152 	5.04981e-13 	1.22002e-13 	5.30529e-14 	4.59318e-13 	1.00804e-14 	5.9394e-13 	5.95303e-09 	2.02149e-09 	-1.27153e-08 	7.27338e-10 	-4.40315e-09 	2.74498e-08
0.03      0.03    0.03    0.03    0.03    2.7 	0.0592224 	0.0491326 	-0.0563152 	5.04981e-13 	1.22002e-13 	5.30529e-14 	4.59318e-13 	1.00804e-14 	5.9394e-13 	5.95303e-09 	2.02149e-09 	-1.27153e-08 	7.27338e-10 	-4.40315e-09 	2.74498e-08
0.03      0.03    0.03    0.03    0.03    2.79 	0.0976146 	0.0713623 	-0.0321257 	7.61255e-13 	3.93878e-14 	2.38119e-13 	5.74191e-13 	-9.98535e-15 	4.79317e-13 	2.73347e-08 	1.98443e-08 	6.28938e-09 	1.44084e-08 	4.56425e-09 	1.48576e-09
0.03      0.03    0.03    0.03    0.03    2.88 	0.0976146 	0.0713623 	-0.0321257 	7.61255e-13 	3.93878e-14 	2.38119e-13 	5.74191e-13 	-9.98535e-15 	4.79317e-13 	2.73347e-08 	1.98443e-08 	6.28938e-09 	1.44084e-08 	4.56425e-09 	1.48576e-09
0.03      0.03    0.03    0.03    0.03    2.97 	0.0629171 	0.0267644 	0.0253779 	1.41734e-12 	-2.81396e-13 	-1.70857e-13 	6.68382e-13 	2.03775e-13 	1.0625e-12 	3.99733e-08 	7.79851e-09 	2.05707e-08 	1.64519e-09 	4.05862e-09 	1.06063e-08
0.03      0.03    0.03    0.03    0.03    3.06 	0.0629171 	0.0267644 	0.0253779 	1.41734e-12 	-2.81396e-13 	-1.70857e-13 	6.68382e-13 	2.03775e-13 	1.0625e-12 	3.99733e-08 	7.79851e-09 	2.05707e-08 	1.64519e-09 	4.05862e-09 	1.06063e-08
0.03      0.03    0.03    0.03    0.03    3.15 	0.0133838 	0.00407911 	0.0281767 	4.10402e-12 	4.84072e-13 	2.52567e-12 	4.14257e-13 	-1.06417e-13 	1.77065e-12 	1.60017e-08 	1.67394e-08 	-2.04554e-08 	1.76692e-08 	-2.15028e-08 	2.622e-08
0.03      0.03    0.03    0.03    0.03    3.24 	0.0133838 	0.00407911 	0.0281767 	4.10402e-12 	4.84072e-13 	2.52567e-12 	4.14257e-13 	-1.06417e-13 	1.77065e-12 	1.60017e-08 	1.67394e-08 	-2.04554e-08 	1.76692e-08 	-2.15028e-08 	2.622e-08
0.03      0.03    0.03    0.03    0.03    3.33 	0.0242356 	0.0157505 	-0.00154414 	2.50823e-12 	-2.58951e-13 	4.77527e-12 	1.27458e-12 	-1.94253e-12 	7.33555e-12 	1.12034e-08 	6.6428e-09 	-6.66443e-09 	3.96103e-09 	-3.95816e-09 	3.99661e-09
0.03      0.03    0.03    0.03    0.03    3.42 	0.0242356 	0.0157505 	-0.00154414 	2.50823e-12 	-2.58951e-13 	4.77527e-12 	1.27458e-12 	-1.94253e-12 	7.33555e-12 	1.12034e-08 	6.6428e-09 	-6.66443e-09 	3.96103e-09 	-3.95816e-09 	3.99661e-09
0.03      0.03    0.03    0.03    0.03    3.51 	0.0242356 	0.0157505 	-0.00154414 	2.50823e-12 	-2.58951e-13 	4.77527e-12 	1.27458e-12 	-1.94253e-12 	7.33555e-12 	1.12034e-08 	6.6428e-09 	-6.66443e-09 	3.96103e-09 	-3.95816e-09 	3.99661e-09
0.03      0.03    0.03    0.03    0.03    3.6 	0.083813 	0.0410903 	-0.0517397 	1.68038e-12 	-2.15903e-13 	1.75918e-13 	4.06611e-13 	-1.93225e-14 	1.19741e-12 	5.39916e-08 	1.64297e-08 	2.89523e-08 	5.19496e-09 	8.86324e-09 	1.55524e-08
0.03      0.03    0.03    0.03    0.03    3.69 	0.083813 	0.0410903 	-0.0517397 	1.68038e-12 	-2.15903e-13 	1.75918e-13 	4.06611e-13 	-1.93225e-14 	1.19741e-12 	5.39916e-08 	1.64297e-08 	2.89523e-08 	5.19496e-09 	8.86324e-09 	1.55524e-08
0.03      0.03    0.03    0.03    0.03    3.78 	0.0591537 	0.0154502 	-0.0589666 	4.08108e-12 	-8.1443e-13 	5.62124e-13 	8.54047e-13 	-9.54063e-14 	1.12985e-12 	1.11079e-09 	3.8765e-10 	-7.06093e-09 	3.67549e-10 	-3.81043e-09 	5.32802e-08
0.03      0.03    0.03    0.03    0.03    3.87 	0.0591537 	0.0154502 	-0.0589666 	4.08108e-12 	-8.1443e-13 	5.62124e-13 	8.54047e-13 	-9.54063e-14 	1.12985e-12 	1.11079e-09 	3.8765e-10 	-7.06093e-09 	3.67549e-10 	-3.81043e-09 	5.32802e-08
0.03      0.03    0.03    0.03    0.03    3.96 	0.0309793 	0.012673 	0.0833311 	7.19537e-13 	5.65887e-14 	-1.66226e-13 	1.16701e-12 	-2.55472e-13 	8.80824e-13 	2.691e-08 	2.95861e-08 	4.45976e-09 	3.25344e-08 	4.91733e-09 	7.73708e-10
0.03      0.03    0.03    0.03    0.03    4.05 	0.0309793 	0.012673 	0.0833311 	7.19537e-13 	5.65887e-14 	-1.66226e-13 	1.16701e-12 	-2.55472e-13 	8.80824e-13 	2.691e-08 	2.95861e-08 	4.45976e-09 	3.25344e-08 	4.91733e-09 	7.73708e-10
0.03      0.03    0.03    0.03    0.03    4.14 	0.0660061 	0.0508504 	0.0644606 	5.74255e-13 	1.18716e-13 	-8.44271e-15 	9.92138e-13 	-3.78749e-13 	1.1921e-12 	2.39513e-11 	8.427e-11 	-3.62178e-10 	4.26341e-10 	-1.75916e-09 	7.4071e-09
0.03      0.03    0.03    0.03    0.03    4.23 	0.0660061 	0.0508504 	0.0644606 	5.74255e-13 	1.18716e-13 	-8.44271e-15 	9.92138e-13 	-3.78749e-13 	1.1921e-12 	2.39513e-11 	8.427e-11 	-3.62178e-10 	4.26341e-10 	-1.75916e-09 	7.4071e-09
0.03      0.03    0.03    0.03    0.03    4.32 	-0.0032963 	-0.00725351 	0.0523046 	6.00942e-13 	9.61467e-14 	3.43792e-13 	5.77663e-13 	-9.26248e-14 	6.45164e-13 	2.49279e-08 	1.03732e-08 	-3.7786e-08 	4.45082e-09 	-1.59223e-08 	5.76049e-08
0.03      0.03    0.03    0.03    0.03    4.41 	-0.0032963 	-0.00725351 	0.0523046 	6.00942e-13 	9.61467e-14 	3.43792e-13 	5.77663e-13 	-9.26248e-14 	6.45164e-13 	2.49279e-08 	1.03732e-08 	-3.7786e-08 	4.45082e-09 	-1.59223e-08 	5.76049e-08
0.03      0.03    0.03    0.03    0.03    4.5 	-0.0032963 	-0.00725351 	0.0523046 	6.00942e-13 	9.61467e-14 	3.43792e-13 	5.77663e-13 	-9.26248e-14 	6.45164e-13 	2.49279e-08 	1.03732e-08 	-3.7786e-08 	4.45082e-09 	-1.59223e-08 	5.76049e-08
0.1      0.1    0.1    0.1    0.1    0 	0.00908792 	0.00780486 	0.0408762 	1.21878e-12 	1.06443e-13 	-2.73736e-13 	5.51214e-13 	3.37518e-13 	1.1601e-12 	4.62351e-08 	4.16223e-08 	-6.91588e-08 	3.94852e-08 	-6.37988e-08 	1.04632e-07
0.1      0.1    0.1    0.1    0.1    0.09 	0.00908792 	0.00780486 	0.0408762 	1.21878e-12 	1.06443e-13 	-2.73736e-13 	5.51214e-13 	3.37518e-13 	1.1601e-12 	4.62351e-08 	4.16223e-08 	-6.91588e-08 	3.94852e-08 	-6.37988e-08 	1.04632e-07
0.1      0.1    0.1    0.1    0.1    0.18 	0.00908792 	0.00780486 	0.0408762 	1.21878e-12 	1.06443e-13 	-2.73736e-13 	5.51214e-13 	3.37518e-13 	1.1601e-12 	4.62351e-08 	4.16223e-08 	-6.91588e-08 	3.94852e-08 	-6.37988e-08 	1.04632e-07
0.1      0.1    0.1    0.1    0.1    0.27 	0.0231704 	-0.00288812 	0.0508809 	1.63374e-12 	-4.51418e-13 	1.75523e-12 	8.11887e-13 	-1.11922e-12 	3.28567e-12 	1.09547e-09 	4.00196e-09 	1.54407e-08 	1.6726e-08 	7.51148e-08 	3.85738e-07
0.1      0.1    0.1    0.1    0.1    0.36 	0.0231704 	-0.00288812 	0.0508809 	1.63374e-12 	-4.51418e-13 	1.75523e-12 	8.11887e-13 	-1.11922e-12 	3.28567e-12 	1.09547e-09 	4.00196e-09 	1.54407e-08 	1.6726e-08 	7.51148e-08 	3.85738e-07
0.1      0.1    0.1    0.1    0.1    0.45 	0.0748344 	0.0164659 	-0.00570556 	1.48206e-12 	-3.76375e-13 	-8.4282e-13 	7.3467e-13 	4.23135e-13 	1.62636e-12 	1.30341e-06 	6.76806e-07 	4.4743e-06 	3.52071e-07 	2.32474e-06 	1.54372e-05
0.1      0.1    0.1    0.1    0.1    0.54 	0.0748344 	0.0164659 	-0.00570556 	1.48206e-12 	-3.76375e-13 	-8.4282e-13 	7.3467e-13 	4.23135e-13 	1.62636e-12 	1.30341e-06 	6.76806e-07 	4.4743e-06 	3.52071e-07 	2.32474e-06 	1.54372e-05
0.1      0.1    0.1    0.1    0.1    0.63 	0.0169838 	0.00321734 	0.0795957 	1.39159e-12 	9.06724e-14 	-3.56638e-14 	6.9032e-13 	5.80695e-13 	2.06778e-12 	4.83472e-08 	-1.01812e-08 	-2.70834e-08 	2.44473e-09 	6.62154e-09 	1.80543e-08
0.1      0.1    0.1    0.1    0.1    0.72 	0.0169838 	0.00321734 	0.0795957 	1.39159e-12 	9.06724e-14 	-3.56638e-14 	6.9032e-13 	5.80695e-13 	2.06778e-12 	4.83472e-08 	-1.01812e-08 	-2.70834e-08 	2.44473e-09 	6.62154e-09 	1.80543e-08
0.1      0.1    0.1    0.1    0.1    0.81 	0.0416098 	0.0407027 	0.091304 	6.00599e-13 	1.45828e-13 	9.75613e-14 	7.61592e-13 	4.67566e-13 	1.81218e-12 	6.33528e-08 	3.52555e-08 	-1.20207e-07 	1.99968e-08 	-6.71135e-08 	2.28215e-07
0.1      0.1    0.1    0.1    0.1    0.9 	0.0416098 	0.0407027 	0.091304 	6.00599e-13 	1.45828e-13 	9.75613e-14 	7.61592e-13 	4.67566e-13 	1.81218e-12 	6.33528e-08 	3.52555e-08 	-1.20207e-07 	1.99968e-08 	-6.71135e-08 	2.28215e-07
0.1      0.1    0.1    0.1    0.1    0.99 	0.0460187 	0.0436538 	0.0305437 	5.79352e-13 	1.73166e-13 	2.73922e-13 	8.68188e-13 	-8.02333e-13 	2.61982e-12 	1.40445e-08 	1.91372e-08 	3.01559e-08 	2.77051e-08 	4.30648e-08 	6.71478e-08
0.1      0.1    0.1    0.1    0.1    1.08 	0.0460187 	0.0436538 	0.0305437 	5.79352e-13 	1.73166e-13 	2.73922e-13 	8.68188e-13 	-8.02333e-13 	2.61982e-12 	1.40445e-08 	1.91372e-08 	3.01559e-08 	2.77051e-08 	4.30648e-08 	6.71478e-08
0.1      0.1    0.1    0.1    0.1    1.17 	0.0460187 	0.0436538 	0.0305437 	5.79352e-13 	1.73166e-13 	2.73922e-13 	8.68188e-13 	-8.02333e-13 	2.61982e-12 	1.40445e-08 	1.91372e-08 	3.01559e-08 	2.77051e-08 	4.30648e-08 	6.71478e-08
0.1      0.1    0.1    0.1    0.1    1.26 	0.0537747 	0.0470402 	0.0395092 	1.62059e-12 	8.61896e-13 	-7.1761e-13 	4.67539e-13 	8.69729e-14 	2.12333e-12 	2.87992e-09 	3.84946e-09 	9.2042e-09 	5.31936e-09 	1.25862e-08 	2.98792e-08
0.1      0.1    0.1    0.1    0.1    1.35 	0.0537747 	0.0470402 	0.0395092 	1.62059e-12 	8.61896e-13 	-7.1761e-13 	4.67539e-13 	8.69729e-14 	2.12333e-12 	2.87992e-09 	3.84946e-09 	9.2042e-09 	5.31936e-09 	1.25862e-08 	2.98792e-08
0.1      0.1    0.1    0.1    0.1    1.44 	0.0516607 	0.0285203 	-0.0425223 	1.33976e-12 	-5.40539e-14 	-1.75896e-12 	3.62549e-13 	6.80008e-13 	2.30225e-12 	1.79077e-09 	-5.44771e-10 	-2.08061e-08 	1.86701e-10 	7.33083e-09 	3.24775e-07
0.1      0.1    0.1    0.1    0.1    1.53 	0.0516607 	0.0285203 	-0.0425223 	1.33976e-12 	-5.40539e-14 	-1.75896e-12 	3.62549e-13 	6.80008e-13 	2.30225e-12 	1.79077e-09 	-5.44771e-10 	-2.08061e-08 	1.86701e-10 	7.33083e-09 	3.24775e-07
0.1      0.1    0.1    0.1    0.1    1.62 	0.0436142 	0.0259576 	0.0727792 	8.14601e-13 	-7.70706e-14 	2.07197e-13 	2.88296e-13 	2.46884e-14 	7.07374e-13 	7.12596e-08 	5.97522e-08 	-7.59963e-08 	5.05202e-08 	-6.30132e-08 	8.29479e-08
0.1      0.1    0.1    0.1    0.1    1.71 	0.0436142 	0.0259576 	0.0727792 	8.14601e-13 	-7.70706e-14 	2.07197e-13 	2.88296e-13 	2.46884e-14 	7.07374e-13 	7.12596e-08 	5.97522e-08 	-7.59963e-08 	5.05202e-08 	-6.30132e-08 	8.29479e-08
0.1      0.1    0.1    0.1    0.1    1.8 	0.0461986 	0.0399811 	-0.0371451 	1.94425e-13 	1.6016e-14 	-2.90039e-14 	1.50613e-13 	-1.18042e-13 	1.66728e-12 	2.45454e-08 	1.09431e-08 	-1.26959e-08 	5.25465e-09 	-4.87549e-09 	8.25725e-09
0.1      0.1    0.1    0.1    0.1    1.89 	0.0461986 	0.0399811 	-0.0371451 	1.94425e-13 	1.6016e-14 	-2.90039e-14 	1.50613e-13 	-1.18042e-13 	1.66728e-12 	2.45454e-08 	1.09431e-08 	-1.26959e-08 	5.25465e-09 	-4.87549e-09 	8.25725e-09
0.1      0.1    0.1    0.1    0.1    1.98 	0.0338601 	0.0286789 	-0.0492378 	3.52524e-13 	1.19016e-14 	5.34291e-13 	3.61718e-13 	-7.12081e-13 	3.10814e-12 	1.22149e-08 	1.82175e-08 	-4.76935e-08 	2.73199e-08 	-7.10391e-08 	1.87055e-07
0.1      0.1    0.1    0.1    0.1    2.07 	0.0338601 	0.0286789 	-0.0492378 	3.52524e-13 	1.19016e-14 	5.34291e-13 	3.61718e-13 	-7.12081e-13 	3.10814e-12 	1.22149e-08 	1.82175e-08 	-4.76935e-08 	2.73199e-08 	-7.10391e-08 	1.87055e-07
0.1      0.1    0.1    0.1    0.1    2.16 	0.0493579 	0.0257678 	-0.00496588 	3.28486e-13 	1.31324e-13 	8.86161e-14 	7.85069e-13 	-1.12623e-12 	2.47038e-12 	4.18528e-10 	-5.66157e-10 	1.62497e-09 	2.38922e-09 	-7.29172e-09 	2.274e-08
0.1      0.1    0.1    0.1    0.1    2.25 	0.0493579 	0.0257678 	-0.00496588 	3.28486e-13 	1.31324e-13 	8.86161e-14 	7.85069e-13 	-1.12623e-12 	2.47038e-12 	4.18528e-10 	-5.66157e-10 	1.62497e-09 	2.38922e-09 	-7.29172e-09 	2.274e-08
0.1      0.1    0.1    0.1    0.1    2.34 	0.0493579 	0.0257678 	-0.00496588 	3.28486e-13 	1.31324e-13 	8.86161e-14 	7.85069e-13 	-1.12623e-12 	2.47038e-12 	4.18528e-10 	-5.66157e-10 	1.62497e-09 	2.38922e-09 	-7.29172e-09 	2.274e-08
0.1      0.1    0.1    0.1    0.1    2.43 	0.0253795 	0.00671412 	0.0493892 	5.13169e-13 	1.53452e-13 	4.38279e-14 	1.21569e-12 	-1.14032e-12 	2.49956e-12 	2.62926e-07 	1.42547e-07 	-2.59037e-07 	7.78279e-08 	-1.40956e-07 	2.55702e-07
0.1      0.1    0.1    0.1    0.1    2.52 	0.0253795 	0.00671412 	0.0493892 	5.13169e-13 	1.53452e-13 	4.38279e-14 	1.21569e-12 	-1.14032e-12 	2.49956e-12 	2.62926e-07 	1.42547e-07 	-2.59037e-07 	7.78279e-08 	-1.40956e-07 	2.55702e-07
0.1      0.1    0.1    0.1    0.1    2.61 	0.0589857 	0.0490499 	-0.0557876 	5.06581e-13 	1.1949e-13 	5.11104e-14 	4.55195e-13 	6.0745e-15 	5.92396e-13 	1.80351e-08 	6.19649e-09 	-4.08838e-08 	2.14215e-09 	-1.4067e-08 	9.28669e-08
0.1      0.1    0.1    0.1    0.1    2.7 	0.0589857 	0.0490499 	-0.0557876 	5.06581e-13 	1.1949e-13 	5.11104e-14 	4.55195e-13 	6.0745e-15 	5.92396e-13 	1.80351e-08 	6.19649e-09 	-4.08838e-08 	2.14215e-09 	-1.4067e-08 	9.28669e-08
0.1      0.1    0.1    0.1    0.1    2.79 	0.098797 	0.0720578 	-0.0313722 	7.55111e-13 	3.36875e-14 	2.35713e-13 	5.68013e-13 	-1.15567e-14 	4.73006e-13 	2.56848e-07 	1.5984e-07 	1.3604e-07 	9.97941e-08 	8.37017e-08 	7.49355e-08
0.1      0.1    0.1    0.1    0.1    2.88 	0.098797 	0.0720578 	-0.0313722 	7.55111e-13 	3.36875e-14 	2.35713e-13 	5.68013e-13 	-1.15567e-14 	4.73006e-13 	2.56848e-07 	1.5984e-07 	1.3604e-07 	9.97941e-08 	8.37017e-08 	7.49355e-08
0.1      0.1    0.1    0.1    0.1    2.97 	0.0614989 	0.0260987 	0.0247231 	1.37335e-12 	-2.85434e-13 	-1.92115e-13 	6.76743e-13 	2.15699e-13 	1.05281e-12 	3.60239e-07 	1.47885e-07 	1.71414e-07 	6.21784e-08 	7.00386e-08 	8.1658e-08
0.1      0.1    0.1    0.1    0.1    3.06 	0.0614989 	0.0260987 	0.0247231 	1.37335e-12 	-2.85434e-13 	-1.92115e-13 	6.76743e-13 	2.15699e-13 	1.05281e-12 	3.60239e-07 	1.47885e-07 	1.71414e-07 	6.21784e-08 	7.00386e-08 	8.1658e-08
0.1      0.1    0.1    0.1    0.1    3.15 	0.0125353 	0.00351981 	0.0289043 	4.21681e-12 	5.5037e-13 	2.51262e-12 	4.14651e-13 	-8.79614e-14 	1.73407e-12 	1.31903e-07 	1.02975e-07 	-1.29065e-07 	8.23011e-08 	-1.02704e-07 	1.2828e-07
0.1      0.1    0.1    0.1    0.1    3.24 	0.0125353 	0.00351981 	0.0289043 	4.21681e-12 	5.5037e-13 	2.51262e-12 	4.14651e-13 	-8.79614e-14 	1.73407e-12 	1.31903e-07 	1.02975e-07 	-1.29065e-07 	8.23011e-08 	-1.02704e-07 	1.2828e-07
0.1      0.1    0.1    0.1    0.1    3.33 	0.0236221 	0.0153959 	-0.00116335 	2.47566e-12 	-2.47672e-13 	4.77133e-12 	1.28508e-12 	-1.98124e-12 	7.51727e-12 	7.502e-08 	4.33122e-08 	-4.72178e-08 	2.50146e-08 	-2.72571e-08 	2.9748e-08
0.1      0.1    0.1    0.1    0.1    3.42 	0.0236221 	0.0153959 	-0.00116335 	2.47566e-12 	-2.47672e-13 	4.77133e-12 	1.28508e-12 	-1.98124e-12 	7.51727e-12 	7.502e-08 	4.33122e-08 	-4.72178e-08 	2.50146e-08 	-2.72571e-08 	2.9748e-08
0.1      0.1    0.1    0.1    0.1    3.51 	0.0236221 	0.0153959 	-0.00116335 	2.47566e-12 	-2.47672e-13 	4.77133e-12 	1.28508e-12 	-1.98124e-12 	7.51727e-12 	7.502e-08 	4.33122e-08 	-4.72178e-08 	2.50146e-08 	-2.72571e-08 	2.9748e-08
0.1      0.1    0.1    0.1    0.1    3.6 	0.0824821 	0.0405289 	-0.0518286 	1.64964e-12 	-2.13774e-13 	2.21289e-13 	4.05756e-13 	-3.13855e-14 	1.1981e-12 	3.53732e-07 	1.42978e-07 	7.9353e-08 	5.80561e-08 	3.12092e-08 	2.50701e-08
0.1      0.1    0.1    0.1    0.1    3.69 	0.0824821 	0.0405289 	-0.0518286 	1.64964e-12 	-2.13774e-13 	2.21289e-13 	4.05756e-13 	-3.13855e-14 	1.1981e-12 	3.53732e-07 	1.42978e-07 	7.9353e-08 	5.80561e-08 	3.12092e-08 	2.50701e-08
0.1      0.1    0.1    0.1    0.1    3.78 	0.059506 	0.0155622 	-0.0568967 	4.07312e-12 	-8.17081e-13 	7.15622e-13 	8.65584e-13 	-1.26307e-13 	1.13563e-12 	1.20703e-08 	3.11402e-09 	8.0396e-08 	1.33791e-09 	1.34748e-08 	6.88501e-07
0.1      0.1    0.1    0.1    0.1    3.87 	0.059506 	0.0155622 	-0.0568967 	4.07312e-12 	-8.17081e-13 	7.15622e-13 	8.65584e-13 	-1.26307e-13 	1.13563e-12 	1.20703e-08 	3.11402e-09 	8.0396e-08 	1.33791e-09 	1.34748e-08 	6.88501e-07
0.1      0.1    0.1    0.1    0.1    3.96 	0.029562 	0.0111385 	0.0829985 	7.2824e-13 	6.31073e-14 	-1.61785e-13 	1.1939e-12 	-2.52734e-13 	8.79481e-13 	3.31152e-07 	3.60854e-07 	7.58949e-08 	3.93253e-07 	8.26979e-08 	1.74433e-08
0.1      0.1    0.1    0.1    0.1    4.05 	0.029562 	0.0111385 	0.0829985 	7.2824e-13 	6.31073e-14 	-1.61785e-13 	1.1939e-12 	-2.52734e-13 	8.79481e-13 	3.31152e-07 	3.60854e-07 	7.58949e-08 	3.93253e-07 	8.26979e-08 	1.74433e-08
0.1      0.1    0.1    0.1    0.1    4.14 	0.0660278 	0.0508911 	0.0654443 	5.77712e-13 	1.19657e-13 	-6.50727e-15 	1.00052e-12 	-3.83196e-13 	1.18953e-12 	4.74318e-11 	1.03349e-10 	1.41573e-09 	3.57932e-10 	5.02278e-10 	1.45969e-07
0.1      0.1    0.1    0.1    0.1    4.23 	0.0660278 	0.0508911 	0.0654443 	5.77712e-13 	1.19657e-13 	-6.50727e-15 	1.00052e-12 	-3.83196e-13 	1.18953e-12 	4.74318e-11 	1.03349e-10 	1.41573e-09 	3.57932e-10 	5.02278e-10 	1.45969e-07
0.1      0.1    0.1    0.1    0.1    4.32 	-0.00385356 	-0.00752135 	0.0539058 	6.01766e-13 	9.71734e-14 	3.44634e-13 	5.82348e-13 	-9.51205e-14 	6.51818e-13 	8.97075e-08 	4.26396e-08 	-2.04962e-07 	2.03384e-08 	-9.77168e-08 	4.82934e-07
0.1      0.1    0.1    0.1    0.1    4.41 	-0.00385356 	-0.00752135 	0.0539058 	6.01766e-13 	9.71734e-14 	3.44634e-13 	5.82348e-13 	-9.51205e-14 	6.51818e-13 	8.97075e-08 	4.26396e-08 	-2.04962e-07 	2.03384e-08 	-9.77168e-08 	4.82934e-07
0.1      0.1    0.1    0.1    0.1    4.5 	-0.00385356 	-0.00752135 	0.0539058 	6.01766e-13 	9.71734e-14 	3.44634e-13 	5.82348e-13 	-9.51205e-14 	6.51818e-13 	8.97075e-08 	4.26396e-08 	-2.04962e-07 	2.03384e-08 	-9.77168e-08 	4.82934e-07
0.2      0.2    0.2    0.2    0.2    0 	0.0082943 	0.0073326 	0.0417737 	1.20559e-12 	1.0522e-13 	-2.65191e-13 	5.38943e-13 	3.21618e-13 	1.14077e-12 	2.03021e-07 	1.37879e-07 	-2.55844e-07 	9.6016e-08 	-1.76055e-07 	3.24786e-07
0.2      0.2    0.2    0.2    0.2    0.09 	0.0082943 	0.0073326 	0.0417737 	1.20559e-12 	1.0522e-13 	-2.65191e-13 	5.38943e-13 	3.21618e-13 	1.14077e-12 	2.03021e-07 	1.37879e-07 	-2.55844e-07 	9.6016e-08 	-1.76055e-07 	3.24786e-07
0.2      0.2    0.2    0.2    0.2    0.18 	0.0082943 	0.0073326 	0.0417737 	1.20559e-12 	1.0522e-13 	-2.65191e-13 	5.38943e-13 	3.21618e-13 	1.14077e-12 	2.03021e-07 	1.37879e-07 	-2.55844e-07 	9.6016e-08 	-1.76055e-07 	3.24786e-07
0.2      0.2    0.2    0.2    0.2    0.27 	0.0235561 	-0.00187435 	0.0529696 	1.70424e-12 	-4.1351e-13 	1.77676e-12 	7.36722e-13 	-1.04628e-12 	3.24986e-12 	2.44645e-08 	7.07481e-08 	1.84781e-07 	2.06596e-07 	5.51498e-07 	1.54364e-06
0.2      0.2    0.2    0.2    0.2    0.36 	0.0235561 	-0.00187435 	0.0529696 	1.70424e-12 	-4.1351e-13 	1.77676e-12 	7.36722e-13 	-1.04628e-12 	3.24986e-12 	2.44645e-08 	7.07481e-08 	1.84781e-07 	2.06596e-07 	5.51498e-07 	1.54364e-06
0.2      0.2    0.2    0.2    0.2    0.45 	0.0720393 	0.0153789 	-0.0182213 	1.424e-12 	-3.62003e-13 	-9.12942e-13 	7.62704e-13 	5.07646e-13 	1.70962e-12 	3.63956e-06 	1.68744e-06 	1.43686e-05 	7.86812e-07 	6.62877e-06 	5.70482e-05
0.2      0.2    0.2    0.2    0.2    0.54 	0.0720393 	0.0153789 	-0.0182213 	1.424e-12 	-3.62003e-13 	-9.12942e-13 	7.62704e-13 	5.07646e-13 	1.70962e-12 	3.63956e-06 	1.68744e-06 	1.43686e-05 	7.86812e-07 	6.62877e-06 	5.70482e-05
0.2      0.2    0.2    0.2    0.2    0.63 	0.0176173 	0.00297854 	0.0785495 	1.39565e-12 	9.49651e-14 	-5.96586e-14 	6.65075e-13 	5.52278e-13 	2.00233e-12 	1.55323e-07 	-4.95335e-08 	-1.78322e-07 	1.63114e-08 	5.94527e-08 	2.19493e-07
0.2      0.2    0.2    0.2    0.2    0.72 	0.0176173 	0.00297854 	0.0785495 	1.39565e-12 	9.49651e-14 	-5.96586e-14 	6.65075e-13 	5.52278e-13 	2.00233e-12 	1.55323e-07 	-4.95335e-08 	-1.78322e-07 	1.63114e-08 	5.94527e-08 	2.19493e-07
0.2      0.2    0.2    0.2    0.2    0.81 	0.0408978 	0.0400808 	0.0928396 	6.01721e-13 	1.46382e-13 	9.64527e-14 	7.58971e-13 	4.48475e-13 	1.76844e-12 	2.07781e-07 	1.50405e-07 	-4.20959e-07 	1.10502e-07 	-3.05993e-07 	8.53868e-07
0.2      0.2    0.2    0.2    0.2    0.9 	0.0408978 	0.0400808 	0.0928396 	6.01721e-13 	1.46382e-13 	9.64527e-14 	7.58971e-13 	4.48475e-13 	1.76844e-12 	2.07781e-07 	1.50405e-07 	-4.20959e-07 	1.10502e-07 	-3.05993e-07 	8.53868e-07
0.2      0.2    0.2    0.2    0.2    0.99 	0.0465832 	0.0441246 	0.0314653 	5.77218e-13 	1.76235e-13 	2.6228e-13 	8.67657e-13 	-7.95242e-13 	2.60784e-12 	8.70031e-08 	8.58348e-08 	1.53038e-07 	8.68216e-08 	1.53274e-07 	2.71694e-07
0.2      0.2    0.2    0.2    0.2    1.08 	0.0465832 	0.0441246 	0.0314653 	5.77218e-13 	1.76235e-13 	2.6228e-13 	8.67657e-13 	-7.95242e-13 	2.60784e-12 	8.70031e-08 	8.58348e-08 	1.53038e-07 	8.68216e-08 	1.53274e-07 	2.71694e-07
0.2      0.2    0.2    0.2    0.2    1.17 	0.0465832 	0.0441246 	0.0314653 	5.77218e-13 	1.76235e-13 	2.6228e-13 	8.67657e-13 	-7.95242e-13 	2.60784e-12 	8.70031e-08 	8.58348e-08 	1.53038e-07 	8.68216e-08 	1.53274e-07 	2.71694e-07
0.2      0.2    0.2    0.2    0.2    1.26 	0.0537976 	0.0472777 	0.0398635 	1.59314e-12 	8.51393e-13 	-6.96091e-13 	4.68549e-13 	8.03358e-14 	2.14841e-12 	3.16493e-09 	7.1003e-09 	1.4285e-08 	1.95496e-08 	3.71564e-08 	7.17047e-08
0.2      0.2    0.2    0.2    0.2    1.35 	0.0537976 	0.0472777 	0.0398635 	1.59314e-12 	8.51393e-13 	-6.96091e-13 	4.68549e-13 	8.03358e-14 	2.14841e-12 	3.16493e-09 	7.1003e-09 	1.4285e-08 	1.95496e-08 	3.71564e-08 	7.17047e-08
0.2      0.2    0.2    0.2    0.2    1.44 	0.0519173 	0.0284462 	-0.0441753 	1.33863e-12 	-5.79347e-14 	-1.73949e-12 	3.61924e-13 	6.64282e-13 	2.25745e-12 	1.64041e-08 	-4.8721e-09 	-1.28139e-07 	1.45787e-09 	3.86214e-08 	1.06093e-06
0.2      0.2    0.2    0.2    0.2    1.53 	0.0519173 	0.0284462 	-0.0441753 	1.33863e-12 	-5.79347e-14 	-1.73949e-12 	3.61924e-13 	6.64282e-13 	2.25745e-12 	1.64041e-08 	-4.8721e-09 	-1.28139e-07 	1.45787e-09 	3.86214e-08 	1.06093e-06
0.2      0.2    0.2    0.2    0.2    1.62 	0.0428258 	0.0255967 	0.0742406 	8.11032e-13 	-7.94978e-14 	1.93524e-13 	2.90268e-13 	3.15927e-14 	7.12332e-13 	2.44781e-07 	1.55416e-07 	-3.6154e-07 	1.013e-07 	-2.2421e-07 	5.45243e-07
0.2      0.2    0.2    0.2    0.2    1.71 	0.0428258 	0.0255967 	0.0742406 	8.11032e-13 	-7.94978e-14 	1.93524e-13 	2.90268e-13 	3.15927e-14 	7.12332e-13 	2.44781e-07 	1.55416e-07 	-3.6154e-07 	1.013e-07 	-2.2421e-07 	5.45243e-07
0.2      0.2    0.2    0.2    0.2    1.8 	0.0456315 	0.0396216 	-0.0373166 	2.00649e-13 	1.60481e-14 	-2.0832e-14 	1.55847e-13 	-1.23422e-13 	1.69118e-12 	1.05328e-07 	6.151e-08 	-1.14753e-09 	3.63902e-08 	8.16213e-10 	5.49771e-09
0.2      0.2    0.2    0.2    0.2    1.89 	0.0456315 	0.0396216 	-0.0373166 	2.00649e-13 	1.60481e-14 	-2.0832e-14 	1.55847e-13 	-1.23422e-13 	1.69118e-12 	1.05328e-07 	6.151e-08 	-1.14753e-09 	3.63902e-08 	8.16213e-10 	5.49771e-09
0.2      0.2    0.2    0.2    0.2    1.98 	0.0336033 	0.0282172 	-0.048491 	3.50833e-13 	1.22483e-14 	5.38261e-13 	3.66578e-13 	-7.3364e-13 	3.18286e-12 	3.35766e-08 	5.50006e-08 	-1.13365e-07 	9.03876e-08 	-1.84927e-07 	3.85682e-07
0.2      0.2    0.2    0.2    0.2    2.07 	0.0336033 	0.0282172 	-0.048491 	3.50833e-13 	1.22483e-14 	5.38261e-13 	3.66578e-13 	-7.3364e-13 	3.18286e-12 	3.35766e-08 	5.50006e-08 	-1.13365e-07 	9.03876e-08 	-1.84927e-07 	3.85682e-07
0.2      0.2    0.2    0.2    0.2    2.16 	0.0495108 	0.0256978 	-0.00453452 	3.25715e-13 	1.32248e-13 	8.53539e-14 	7.81267e-13 	-1.1187e-12 	2.43656e-12 	3.62582e-09 	-1.21577e-09 	6.37208e-09 	1.49906e-09 	-5.48237e-09 	2.27058e-08
0.2      0.2    0.2    0.2    0.2    2.25 	0.0495108 	0.0256978 	-0.00453452 	3.25715e-13 	1.32248e-13 	8.53539e-14 	7.81267e-13 	-1.1187e-12 	2.43656e-12 	3.62582e-09 	-1.21577e-09 	6.37208e-09 	1.49906e-09 	-5.48237e-09 	2.27058e-08
0.2      0.2    0.2    0.2    0.2    2.34 	0.0495108 	0.0256978 	-0.00453452 	3.25715e-13 	1.32248e-13 	8.53539e-14 	7.81267e-13 	-1.1187e-12 	2.43656e-12 	3.62582e-09 	-1.21577e-09 	6.37208e-09 	1.49906e-09 	-5.48237e-09 	2.27058e-08
0.2      0.2    0.2    0.2    0.2    2.43 	0.023651 	0.00555627 	0.0514646 	5.22308e-13 	1.54405e-13 	4.02089e-14 	1.2334e-12 	-1.17341e-12 	2.57182e-12 	1.0215e-06 	6.34308e-07 	-1.12735e-06 	3.95317e-07 	-7.02205e-07 	1.24765e-06
0.2      0.2    0.2    0.2    0.2    2.52 	0.023651 	0.00555627 	0.0514646 	5.22308e-13 	1.54405e-13 	4.02089e-14 	1.2334e-12 	-1.17341e-12 	2.57182e-12 	1.0215e-06 	6.34308e-07 	-1.12735e-06 	3.95317e-07 	-7.02205e-07 	1.24765e-06
0.2      0.2    0.2    0.2    0.2    2.61 	0.0589359 	0.0490458 	-0.0556997 	5.08971e-13 	1.15935e-13 	4.83366e-14 	4.49507e-13 	4.04456e-16 	5.90502e-13 	1.93532e-08 	6.51696e-09 	-4.20433e-08 	2.21041e-09 	-1.41852e-08 	9.15934e-08
0.2      0.2    0.2    0.2    0.2    2.7 	0.0589359 	0.0490458 	-0.0556997 	5.08971e-13 	1.15935e-13 	4.83366e-14 	4.49507e-13 	4.04456e-16 	5.90502e-13 	1.93532e-08 	6.51696e-09 	-4.20433e-08 	2.21041e-09 	-1.41852e-08 	9.15934e-08
0.2      0.2    0.2    0.2    0.2    2.79 	0.100227 	0.0728342 	-0.0298603 	7.44812e-13 	2.56892e-14 	2.32012e-13 	5.59677e-13 	-1.34631e-14 	4.64068e-13 	8.22844e-07 	4.7112e-07 	6.59155e-07 	2.7032e-07 	3.74428e-07 	5.45454e-07
0.2      0.2    0.2    0.2    0.2    2.88 	0.100227 	0.0728342 	-0.0298603 	7.44812e-13 	2.56892e-14 	2.32012e-13 	5.59677e-13 	-1.34631e-14 	4.64068e-13 	8.22844e-07 	4.7112e-07 	6.59155e-07 	2.7032e-07 	3.74428e-07 	5.45454e-07
0.2      0.2    0.2    0.2    0.2    2.97 	0.0596669 	0.0250849 	0.0238272 	1.3119e-12 	-2.89978e-13 	-2.1963e-13 	6.88787e-13 	2.33045e-13 	1.04098e-12 	1.25868e-06 	6.30698e-07 	5.95591e-07 	3.18717e-07 	2.98331e-07 	2.81938e-07
0.2      0.2    0.2    0.2    0.2    3.06 	0.0596669 	0.0250849 	0.0238272 	1.3119e-12 	-2.89978e-13 	-2.1963e-13 	6.88787e-13 	2.33045e-13 	1.04098e-12 	1.25868e-06 	6.30698e-07 	5.95591e-07 	3.18717e-07 	2.98331e-07 	2.81938e-07
0.2      0.2    0.2    0.2    0.2    3.15 	0.0115586 	0.0032869 	0.0295237 	4.3808e-12 	6.51189e-13 	2.50369e-12 	4.21944e-13 	-6.3796e-14 	1.6843e-12 	4.11752e-07 	2.06758e-07 	-3.17231e-07 	1.13138e-07 	-1.65817e-07 	2.49274e-07
0.2      0.2    0.2    0.2    0.2    3.24 	0.0115586 	0.0032869 	0.0295237 	4.3808e-12 	6.51189e-13 	2.50369e-12 	4.21944e-13 	-6.3796e-14 	1.6843e-12 	4.11752e-07 	2.06758e-07 	-3.17231e-07 	1.13138e-07 	-1.65817e-07 	2.49274e-07
0.2      0.2    0.2    0.2    0.2    3.33 	0.0229141 	0.0150148 	-0.000860118 	2.42891e-12 	-2.31982e-13 	4.76314e-12 	1.2984e-12 	-2.0382e-12 	7.78435e-12 	2.17743e-07 	1.23264e-07 	-1.18514e-07 	6.98114e-08 	-6.72093e-08 	6.51249e-08
0.2      0.2    0.2    0.2    0.2    3.42 	0.0229141 	0.0150148 	-0.000860118 	2.42891e-12 	-2.31982e-13 	4.76314e-12 	1.2984e-12 	-2.0382e-12 	7.78435e-12 	2.17743e-07 	1.23264e-07 	-1.18514e-07 	6.98114e-08 	-6.72093e-08 	6.51249e-08
0.2      0.2    0.2    0.2    0.2    3.51 	0.0229141 	0.0150148 	-0.000860118 	2.42891e-12 	-2.31982e-13 	4.76314e-12 	1.2984e-12 	-2.0382e-12 	7.78435e-12 	2.17743e-07 	1.23264e-07 	-1.18514e-07 	6.98114e-08 	-6.72093e-08 	6.51249e-08
0.2      0.2    0.2    0.2    0.2    3.6 	0.080994 	0.0400127 	-0.0509266 	1.60793e-12 	-2.1051e-13 	2.86178e-13 	4.05653e-13 	-4.91838e-14 	1.20179e-12 	1.00189e-06 	3.87558e-07 	-1.75084e-07 	1.50288e-07 	-6.50984e-08 	8.27482e-08
0.2      0.2    0.2    0.2    0.2    3.69 	0.080994 	0.0400127 	-0.0509266 	1.60793e-12 	-2.1051e-13 	2.86178e-13 	4.05653e-13 	-4.91838e-14 	1.20179e-12 	1.00189e-06 	3.87558e-07 	-1.75084e-07 	1.50288e-07 	-6.50984e-08 	8.27482e-08
0.2      0.2    0.2    0.2    0.2    3.78 	0.0603582 	0.0161078 	-0.0534493 	4.04109e-12 	-8.23239e-13 	9.35276e-13 	8.80787e-13 	-1.72044e-13 	1.14491e-12 	1.51999e-07 	8.2177e-08 	7.04235e-07 	4.5559e-08 	3.71534e-07 	3.37634e-06
0.2      0.2    0.2    0.2    0.2    3.87 	0.0603582 	0.0161078 	-0.0534493 	4.04109e-12 	-8.23239e-13 	9.35276e-13 	8.80787e-13 	-1.72044e-13 	1.14491e-12 	1.51999e-07 	8.2177e-08 	7.04235e-07 	4.5559e-08 	3.71534e-07 	3.37634e-06
0.2      0.2    0.2    0.2    0.2    3.96 	0.0274375 	0.00891039 	0.0825716 	7.41145e-13 	7.23939e-14 	-1.55443e-13 	1.2311e-12 	-2.47002e-13 	8.77513e-13 	1.42899e-06 	1.52283e-06 	3.07069e-07 	1.62299e-06 	3.27339e-07 	6.60893e-08
0.2      0.2    0.2    0.2    0.2    4.05 	0.0274375 	0.00891039 	0.0825716 	7.41145e-13 	7.23939e-14 	-1.55443e-13 	1.2311e-12 	-2.47002e-13 	8.77513e-13 	1.42899e-06 	1.52283e-06 	3.07069e-07 	1.62299e-06 	3.27339e-07 	6.60893e-08
0.2      0.2    0.2    0.2    0.2    4.14 	0.0661354 	0.0509566 	0.0669924 	5.82587e-13 	1.21316e-13 	-3.94324e-15 	1.0131e-12 	-3.89417e-13 	1.1859e-12 	1.82197e-09 	1.45303e-09 	3.44258e-08 	1.29847e-09 	2.7149e-08 	7.19907e-07
0.2      0.2    0.2    0.2    0.2    4.23 	0.0661354 	0.0509566 	0.0669924 	5.82587e-13 	1.21316e-13 	-3.94324e-15 	1.0131e-12 	-3.89417e-13 	1.1859e-12 	1.82197e-09 	1.45303e-09 	3.44258e-08 	1.29847e-09 	2.7149e-08 	7.19907e-07
0.2      0.2    0.2    0.2    0.2    4.32 	-0.00412258 	-0.00762629 	0.0557972 	6.02804e-13 	9.86493e-14 	3.45463e-13 	5.88963e-13 	-9.86748e-14 	6.60909e-13 	1.20497e-07 	5.57058e-08 	-4.06056e-07 	2.58148e-08 	-1.86197e-07 	1.49158e-06
0.2      0.2    0.2    0.2    0.2    4.41 	-0.00412258 	-0.00762629 	0.0557972 	6.02804e-13 	9.86493e-14 	3.45463e-13 	5.88963e-13 	-9.86748e-14 	6.60909e-13 	1.20497e-07 	5.57058e-08 	-4.06056e-07 	2.58148e-08 	-1.86197e-07 	1.49158e-06
0.2      0.2    0.2    0.2    0.2    4.5 	-0.00412258 	-0.00762629 	0.0557972 	6.02804e-13 	9.86493e-14 	3.45463e-13 	5.88963e-13 	-9.86748e-14 	6.60909e-13 	1.20497e-07 	5.57058e-08 	-4.06056e-07 	2.58148e-08 	-1.86197e-07 	1.49158e-06
0.3      0.3    0.3    0.3    0.3    0 	0.0075305 	0.00682738 	0.0426176 	1.19263e-12 	1.04497e-13 	-2.55893e-13 	5.27387e-13 	3.05831e-13 	1.12176e-12 	4.56862e-07 	2.97846e-07 	-5.414e-07 	1.95916e-07 	-3.54867e-07 	6.44287e-07
0.3      0.3    0.3    0.3    0.3    0.09 	0.0075305 	0.00682738 	0.0426176 	1.19263e-12 	1.04497e-13 	-2.55893e-13 	5.27387e-13 	3.05831e-13 	1.12176e-12 	4.56862e-07 	2.97846e-07 	-5.414e-07 	1.95916e-07 	-3.54867e-07 	6.44287e-07
0.3      0.3    0.3    0.3    0.3    0.18 	0.0075305 	0.00682738 	0.0426176 	1.19263e-12 	1.04497e-13 	-2.55893e-13 	5.27387e-13 	3.05831e-13 	1.12176e-12 	4.56862e-07 	2.97846e-07 	-5.414e-07 	1.95916e-07 	-3.54867e-07 	6.44287e-07
0.3      0.3    0.3    0.3    0.3    0.27 	0.0240428 	-0.000677139 	0.0547291 	1.77462e-12 	-3.7159e-13 	1.79033e-12 	6.67965e-13 	-9.7318e-13 	3.20928e-12 	9.79715e-08 	2.58973e-07 	5.34659e-07 	6.87257e-07 	1.43647e-06 	3.11825e-06
0.3      0.3    0.3    0.3    0.3    0.36 	0.0240428 	-0.000677139 	0.0547291 	1.77462e-12 	-3.7159e-13 	1.79033e-12 	6.67965e-13 	-9.7318e-13 	3.20928e-12 	9.79715e-08 	2.58973e-07 	5.34659e-07 	6.87257e-07 	1.43647e-06 	3.11825e-06
0.3      0.3    0.3    0.3    0.3    0.45 	0.0698186 	0.0147658 	-0.0293181 	1.37388e-12 	-3.47461e-13 	-9.67037e-13 	7.86694e-13 	5.88158e-13 	1.79722e-12 	6.30702e-06 	2.59081e-06 	2.69774e-05 	1.07984e-06 	1.09832e-05 	0.000116074
0.3      0.3    0.3    0.3    0.3    0.54 	0.0698186 	0.0147658 	-0.0293181 	1.37388e-12 	-3.47461e-13 	-9.67037e-13 	7.86694e-13 	5.88158e-13 	1.79722e-12 	6.30702e-06 	2.59081e-06 	2.69774e-05 	1.07984e-06 	1.09832e-05 	0.000116074
0.3      0.3    0.3    0.3    0.3    0.63 	0.0182913 	0.00276838 	0.077319 	1.40069e-12 	1.01167e-13 	-8.04512e-14 	6.40087e-13 	5.23946e-13 	1.93612e-12 	3.32039e-07 	-1.10713e-07 	-4.84199e-07 	3.73038e-08 	1.63761e-07 	7.31117e-07
0.3      0.3    0.3    0.3    0.3    0.72 	0.0182913 	0.00276838 	0.077319 	1.40069e-12 	1.01167e-13 	-8.04512e-14 	6.40087e-13 	5.23946e-13 	1.93612e-12 	3.32039e-07 	-1.10713e-07 	-4.84199e-07 	3.73038e-08 	1.63761e-07 	7.31117e-07
0.3      0.3    0.3    0.3    0.3    0.81 	0.040291 	0.039461 	0.0942235 	6.03148e-13 	1.46874e-13 	9.46682e-14 	7.55977e-13 	4.29467e-13 	1.72572e-12 	3.91525e-07 	3.22809e-07 	-8.27697e-07 	2.69634e-07 	-6.85364e-07 	1.75227e-06
0.3      0.3    0.3    0.3    0.3    0.9 	0.040291 	0.039461 	0.0942235 	6.03148e-13 	1.46874e-13 	9.46682e-14 	7.55977e-13 	4.29467e-13 	1.72572e-12 	3.91525e-07 	3.22809e-07 	-8.27697e-07 	2.69634e-07 	-6.85364e-07 	1.75227e-06
0.3      0.3    0.3    0.3    0.3    0.99 	0.0471293 	0.0445623 	0.0324582 	5.75079e-13 	1.79029e-13 	2.51019e-13 	8.66858e-13 	-7.87834e-13 	2.59351e-12 	2.14475e-07 	1.92108e-07 	3.729e-07 	1.74189e-07 	3.35636e-07 	6.50133e-07
0.3      0.3    0.3    0.3    0.3    1.08 	0.0471293 	0.0445623 	0.0324582 	5.75079e-13 	1.79029e-13 	2.51019e-13 	8.66858e-13 	-7.87834e-13 	2.59351e-12 	2.14475e-07 	1.92108e-07 	3.729e-07 	1.74189e-07 	3.35636e-07 	6.50133e-07
0.3      0.3    0.3    0.3    0.3    1.17 	0.0471293 	0.0445623 	0.0324582 	5.75079e-13 	1.79029e-13 	2.51019e-13 	8.66858e-13 	-7.87834e-13 	2.59351e-12 	2.14475e-07 	1.92108e-07 	3.729e-07 	1.74189e-07 	3.35636e-07 	6.50133e-07
0.3      0.3    0.3    0.3    0.3    1.26 	0.0538074 	0.0475267 	0.0401421 	1.56646e-12 	8.39534e-13 	-6.73097e-13 	4.69887e-13 	7.29631e-14 	2.17222e-12 	2.71831e-09 	9.01516e-09 	1.57953e-08 	4.40753e-08 	6.98027e-08 	1.1334e-07
0.3      0.3    0.3    0.3    0.3    1.35 	0.0538074 	0.0475267 	0.0401421 	1.56646e-12 	8.39534e-13 	-6.73097e-13 	4.69887e-13 	7.29631e-14 	2.17222e-12 	2.71831e-09 	9.01516e-09 	1.57953e-08 	4.40753e-08 	6.98027e-08 	1.1334e-07
0.3      0.3    0.3    0.3    0.3    1.44 	0.0521275 	0.0283792 	-0.0456808 	1.33551e-12 	-6.17214e-14 	-1.71389e-12 	3.5997e-13 	6.47609e-13 	2.20537e-12 	3.89365e-08 	-1.16596e-08 	-2.84075e-07 	3.49933e-09 	8.54266e-08 	2.11663e-06
0.3      0.3    0.3    0.3    0.3    1.53 	0.0521275 	0.0283792 	-0.0456808 	1.33551e-12 	-6.17214e-14 	-1.71389e-12 	3.5997e-13 	6.47609e-13 	2.20537e-12 	3.89365e-08 	-1.16596e-08 	-2.84075e-07 	3.49933e-09 	8.54266e-08 	2.11663e-06
0.3      0.3    0.3    0.3    0.3    1.62 	0.0421549 	0.0253852 	0.0757498 	8.07722e-13 	-8.16953e-14 	1.78736e-13 	2.92147e-13 	3.90435e-14 	7.18123e-13 	4.69691e-07 	2.44845e-07 	-8.17656e-07 	1.329e-07 	-4.14448e-07 	1.45017e-06
0.3      0.3    0.3    0.3    0.3    1.71 	0.0421549 	0.0253852 	0.0757498 	8.07722e-13 	-8.16953e-14 	1.78736e-13 	2.92147e-13 	3.90435e-14 	7.18123e-13 	4.69691e-07 	2.44845e-07 	-8.17656e-07 	1.329e-07 	-4.14448e-07 	1.45017e-06
0.3      0.3    0.3    0.3    0.3    1.8 	0.0450912 	0.039316 	-0.037557 	2.06771e-13 	1.609e-14 	-1.28455e-14 	1.61005e-13 	-1.28911e-13 	1.71546e-12 	2.33558e-07 	1.38259e-07 	4.41743e-08 	8.2173e-08 	2.72544e-08 	1.62842e-08
0.3      0.3    0.3    0.3    0.3    1.89 	0.0450912 	0.039316 	-0.037557 	2.06771e-13 	1.609e-14 	-1.28455e-14 	1.61005e-13 	-1.28911e-13 	1.71546e-12 	2.33558e-07 	1.38259e-07 	4.41743e-08 	8.2173e-08 	2.72544e-08 	1.62842e-08
0.3      0.3    0.3    0.3    0.3    1.98 	0.0334427 	0.0278502 	-0.0479363 	3.49033e-13 	1.26768e-14 	5.41828e-13 	3.71285e-13 	-7.55476e-13 	3.26041e-12 	5.19417e-08 	9.17524e-08 	-1.69537e-07 	1.63062e-07 	-2.98497e-07 	5.55891e-07
0.3      0.3    0.3    0.3    0.3    2.07 	0.0334427 	0.0278502 	-0.0479363 	3.49033e-13 	1.26768e-14 	5.41828e-13 	3.71285e-13 	-7.55476e-13 	3.26041e-12 	5.19417e-08 	9.17524e-08 	-1.69537e-07 	1.63062e-07 	-2.98497e-07 	5.55891e-07
0.3      0.3    0.3    0.3    0.3    2.16 	0.0497327 	0.025685 	-0.00393966 	3.2314e-13 	1.32869e-13 	8.31075e-14 	7.76941e-13 	-1.11045e-12 	2.40244e-12 	1.64642e-08 	-3.61273e-09 	3.94088e-08 	1.59583e-09 	-1.06329e-08 	1.03199e-07
0.3      0.3    0.3    0.3    0.3    2.25 	0.0497327 	0.025685 	-0.00393966 	3.2314e-13 	1.32869e-13 	8.31075e-14 	7.76941e-13 	-1.11045e-12 	2.40244e-12 	1.64642e-08 	-3.61273e-09 	3.94088e-08 	1.59583e-09 	-1.06329e-08 	1.03199e-07
0.3      0.3    0.3    0.3    0.3    2.34 	0.0497327 	0.025685 	-0.00393966 	3.2314e-13 	1.32869e-13 	8.31075e-14 	7.76941e-13 	-1.11045e-12 	2.40244e-12 	1.64642e-08 	-3.61273e-09 	3.94088e-08 	1.59583e-09 	-1.06329e-08 	1.03199e-07
0.3      0.3    0.3    0.3    0.3    2.43 	0.0219639 	0.00442846 	0.0536388 	5.31172e-13 	1.54908e-13 	3.72896e-14 	1.24924e-12 	-1.20536e-12 	2.64411e-12 	2.24295e-06 	1.44969e-06 	-2.63846e-06 	9.38583e-07 	-1.70864e-06 	3.11175e-06
0.3      0.3    0.3    0.3    0.3    2.52 	0.0219639 	0.00442846 	0.0536388 	5.31172e-13 	1.54908e-13 	3.72896e-14 	1.24924e-12 	-1.20536e-12 	2.64411e-12 	2.24295e-06 	1.44969e-06 	-2.63846e-06 	9.38583e-07 	-1.70864e-06 	3.11175e-06
0.3      0.3    0.3    0.3    0.3    2.61 	0.0590035 	0.049109 	-0.0557878 	5.11482e-13 	1.12427e-13 	4.55683e-14 	4.441e-13 	-5.19775e-15 	5.88985e-13 	1.44562e-08 	4.43946e-09 	-3.15371e-08 	1.5921e-09 	-9.5444e-09 	6.91244e-08
0.3      0.3    0.3    0.3    0.3    2.7 	0.0590035 	0.049109 	-0.0557878 	5.11482e-13 	1.12427e-13 	4.55683e-14 	4.441e-13 	-5.19775e-15 	5.88985e-13 	1.44562e-08 	4.43946e-09 	-3.15371e-08 	1.5921e-09 	-9.5444e-09 	6.91244e-08
0.3      0.3    0.3    0.3    0.3    2.79 	0.101543 	0.0735368 	-0.0281251 	7.32735e-13 	1.7878e-14 	2.27997e-13 	5.51929e-13 	-1.49914e-14 	4.55172e-13 	1.6166e-06 	8.99834e-07 	1.59011e-06 	5.01476e-07 	8.8051e-07 	1.60646e-06
0.3      0.3    0.3    0.3    0.3    2.88 	0.101543 	0.0735368 	-0.0281251 	7.32735e-13 	1.7878e-14 	2.27997e-13 	5.51929e-13 	-1.49914e-14 	4.55172e-13 	1.6166e-06 	8.99834e-07 	1.59011e-06 	5.01476e-07 	8.8051e-07 	1.60646e-06
0.3      0.3    0.3    0.3    0.3    2.97 	0.0579717 	0.0241801 	0.0228712 	1.25331e-12 	-2.93228e-13 	-2.44069e-13 	7.01105e-13 	2.50779e-13 	1.03174e-12 	2.56764e-06 	1.34283e-06 	1.27913e-06 	7.04667e-07 	6.69567e-07 	6.38346e-07
0.3      0.3    0.3    0.3    0.3    3.06 	0.0579717 	0.0241801 	0.0228712 	1.25331e-12 	-2.93228e-13 	-2.44069e-13 	7.01105e-13 	2.50779e-13 	1.03174e-12 	2.56764e-06 	1.34283e-06 	1.27913e-06 	7.04667e-07 	6.69567e-07 	6.38346e-07
0.3      0.3    0.3    0.3    0.3    3.15 	0.010772 	0.00332764 	0.0301845 	4.54302e-12 	7.5658e-13 	2.50579e-12 	4.39126e-13 	-4.26175e-14 	1.63984e-12 	7.41476e-07 	2.43484e-07 	-5.5225e-07 	1.0078e-07 	-1.8702e-07 	4.15123e-07
0.3      0.3    0.3    0.3    0.3    3.24 	0.010772 	0.00332764 	0.0301845 	4.54302e-12 	7.5658e-13 	2.50579e-12 	4.39126e-13 	-4.26175e-14 	1.63984e-12 	7.41476e-07 	2.43484e-07 	-5.5225e-07 	1.0078e-07 	-1.8702e-07 	4.15123e-07
0.3      0.3    0.3    0.3    0.3    3.33 	0.0222974 	0.0147322 	-0.000736369 	2.38204e-12 	-2.16716e-13 	4.75085e-12 	1.31009e-12 	-2.09637e-12 	8.05876e-12 	4.03433e-07 	2.16283e-07 	-1.79412e-07 	1.1622e-07 	-9.70773e-08 	8.28712e-08
0.3      0.3    0.3    0.3    0.3    3.42 	0.0222974 	0.0147322 	-0.000736369 	2.38204e-12 	-2.16716e-13 	4.75085e-12 	1.31009e-12 	-2.09637e-12 	8.05876e-12 	4.03433e-07 	2.16283e-07 	-1.79412e-07 	1.1622e-07 	-9.70773e-08 	8.28712e-08
0.3      0.3    0.3    0.3    0.3    3.51 	0.0222974 	0.0147322 	-0.000736369 	2.38204e-12 	-2.16716e-13 	4.75085e-12 	1.31009e-12 	-2.09637e-12 	8.05876e-12 	4.03433e-07 	2.16283e-07 	-1.79412e-07 	1.1622e-07 	-9.70773e-08 	8.28712e-08
0.3      0.3    0.3    0.3    0.3    3.6 	0.0797538 	0.0396708 	-0.0495249 	1.56811e-12 	-2.06857e-13 	3.49924e-13 	4.06511e-13 	-6.73564e-14 	1.20826e-12 	1.78871e-06 	6.34708e-07 	-8.39817e-07 	2.26728e-07 	-2.84827e-07 	5.32755e-07
0.3      0.3    0.3    0.3    0.3    3.69 	0.0797538 	0.0396708 	-0.0495249 	1.56811e-12 	-2.06857e-13 	3.49924e-13 	4.06511e-13 	-6.73564e-14 	1.20826e-12 	1.78871e-06 	6.34708e-07 	-8.39817e-07 	2.26728e-07 	-2.84827e-07 	5.32755e-07
0.3      0.3    0.3    0.3    0.3    3.78 	0.0611587 	0.0166758 	-0.0495205 	3.98493e-12 	-8.33819e-13 	1.15725e-12 	8.95865e-13 	-2.20698e-13 	1.15604e-12 	4.31246e-07 	2.67129e-07 	1.95093e-06 	1.67131e-07 	1.20176e-06 	8.90748e-06
0.3      0.3    0.3    0.3    0.3    3.87 	0.0611587 	0.0166758 	-0.0495205 	3.98493e-12 	-8.33819e-13 	1.15725e-12 	8.95865e-13 	-2.20698e-13 	1.15604e-12 	4.31246e-07 	2.67129e-07 	1.95093e-06 	1.67131e-07 	1.20176e-06 	8.90748e-06
0.3      0.3    0.3    0.3    0.3    3.96 	0.0252379 	0.00667332 	0.0821027 	7.54649e-13 	8.13678e-14 	-1.48939e-13 	1.26633e-12 	-2.39137e-13 	8.75496e-13 	3.36392e-06 	3.52646e-06 	7.04924e-07 	3.69748e-06 	7.39156e-07 	1.47836e-07
0.3      0.3    0.3    0.3    0.3    4.05 	0.0252379 	0.00667332 	0.0821027 	7.54649e-13 	8.13678e-14 	-1.48939e-13 	1.26633e-12 	-2.39137e-13 	8.75496e-13 	3.36392e-06 	3.52646e-06 	7.04924e-07 	3.69748e-06 	7.39156e-07 	1.47836e-07
0.3      0.3    0.3    0.3    0.3    4.14 	0.0662348 	0.050978 	0.0685037 	5.8748e-13 	1.2337e-13 	-1.65718e-15 	1.02653e-12 	-3.95455e-13 	1.18245e-12 	6.05301e-09 	3.30102e-09 	9.95683e-08 	2.01275e-09 	5.50861e-08 	1.69345e-06
0.3      0.3    0.3    0.3    0.3    4.23 	0.0662348 	0.050978 	0.0685037 	5.8748e-13 	1.2337e-13 	-1.65718e-15 	1.02653e-12 	-3.95455e-13 	1.18245e-12 	6.05301e-09 	3.30102e-09 	9.95683e-08 	2.01275e-09 	5.50861e-08 	1.69345e-06
0.3      0.3    0.3    0.3    0.3    4.32 	-0.00423575 	-0.00761666 	0.0574505 	6.03841e-13 	1.00123e-13 	3.45796e-13 	5.95601e-13 	-1.02146e-13 	6.69623e-13 	1.24025e-07 	5.29305e-08 	-5.51353e-07 	2.29939e-08 	-2.24212e-07 	2.82176e-06
0.3      0.3    0.3    0.3    0.3    4.41 	-0.00423575 	-0.00761666 	0.0574505 	6.03841e-13 	1.00123e-13 	3.45796e-13 	5.95601e-13 	-1.02146e-13 	6.69623e-13 	1.24025e-07 	5.29305e-08 	-5.51353e-07 	2.29939e-08 	-2.24212e-07 	2.82176e-06
0.3      0.3    0.3    0.3    0.3    4.5 	-0.00423575 	-0.00761666 	0.0574505 	6.03841e-13 	1.00123e-13 	3.45796e-13 	5.95601e-13 	-1.02146e-13 	6.69623e-13 	1.24025e-07 	5.29305e-08 	-5.51353e-07 	2.29939e-08 	-2.24212e-07 	2.82176e-06
