0.01      0.01    0.01    0.01    0.01    0 	-0.0178378 	-0.0083656 	-0.0202246 	1.87379e-12 	-5.94817e-13 	1.01278e-13 	5.49233e-13 	6.99298e-15 	2.8864e-13 	6.39622e-09 	-4.65589e-09 	4.27913e-09 	3.38908e-09 	-3.11483e-09 	2.86278e-09
0.01      0.01    0.01    0.01    0.01    0.09 	-0.0178378 	-0.0083656 	-0.0202246 	1.87379e-12 	-5.94817e-13 	1.01278e-13 	5.49233e-13 	6.99298e-15 	2.8864e-13 	6.39622e-09 	-4.65589e-09 	4.27913e-09 	3.38908e-09 	-3.11483e-09 	2.86278e-09
0.01      0.01    0.01    0.01    0.01    0.18 	-0.0178378 	-0.0083656 	-0.0202246 	1.87379e-12 	-5.94817e-13 	1.01278e-13 	5.49233e-13 	6.99298e-15 	2.8864e-13 	6.39622e-09 	-4.65589e-09 	4.27913e-09 	3.38908e-09 	-3.11483e-09 	2.86278e-09
0.01      0.01    0.01    0.01    0.01    0.27 	-0.00644731 	0.00133327 	0.0624131 	6.66737e-13 	-1.22285e-12 	2.87865e-13 	3.10399e-12 	-4.03726e-13 	3.1958e-13 	4.83529e-09 	3.52429e-09 	-1.88433e-09 	2.56874e-09 	-1.37343e-09 	7.34329e-10
0.01      0.01    0.01    0.01    0.01    0.36 	-0.00644731 	0.00133327 	0.0624131 	6.66737e-13 	-1.22285e-12 	2.87865e-13 	3.10399e-12 	-4.03726e-13 	3.1958e-13 	4.83529e-09 	3.52429e-09 	-1.88433e-09 	2.56874e-09 	-1.37343e-09 	7.34329e-10
0.01      0.01    0.01    0.01    0.01    0.45 	0.0737539 	0.0222508 	0.0459301 	1.0559e-12 	-4.92111e-13 	3.60948e-13 	5.2426e-13 	-1.78535e-14 	4.15777e-13 	2.87526e-09 	-5.47783e-09 	-3.12906e-09 	1.04362e-08 	5.96137e-09 	3.40526e-09
0.01      0.01    0.01    0.01    0.01    0.54 	0.0737539 	0.0222508 	0.0459301 	1.0559e-12 	-4.92111e-13 	3.60948e-13 	5.2426e-13 	-1.78535e-14 	4.15777e-13 	2.87526e-09 	-5.47783e-09 	-3.12906e-09 	1.04362e-08 	5.96137e-09 	3.40526e-09
0.01      0.01    0.01    0.01    0.01    0.63 	0.0520966 	0.0447163 	-0.0166525 	7.57131e-13 	-1.32658e-13 	3.73586e-13 	3.07807e-13 	-1.79197e-13 	5.14158e-13 	7.83538e-10 	-2.10251e-10 	-1.03682e-09 	5.64179e-11 	2.78217e-10 	1.37198e-09
0.01      0.01    0.01    0.01    0.01    0.72 	0.0520966 	0.0447163 	-0.0166525 	7.57131e-13 	-1.32658e-13 	3.73586e-13 	3.07807e-13 	-1.79197e-13 	5.14158e-13 	7.83538e-10 	-2.10251e-10 	-1.03682e-09 	5.64179e-11 	2.78217e-10 	1.37198e-09
0.01      0.01    0.01    0.01    0.01    0.81 	-0.00940315 	-0.0179698 	0.0128214 	1.28444e-12 	-2.87579e-13 	4.65842e-13 	3.13963e-13 	-1.27511e-13 	6.07502e-13 	1.40558e-09 	1.27967e-09 	6.3555e-10 	1.16504e-09 	5.78618e-10 	2.87371e-10
0.01      0.01    0.01    0.01    0.01    0.9 	-0.00940315 	-0.0179698 	0.0128214 	1.28444e-12 	-2.87579e-13 	4.65842e-13 	3.13963e-13 	-1.27511e-13 	6.07502e-13 	1.40558e-09 	1.27967e-09 	6.3555e-10 	1.16504e-09 	5.78618e-10 	2.87371e-10
0.01      0.01    0.01    0.01    0.01    0.99 	-0.0187175 	0.013917 	-0.0178573 	4.14547e-13 	-2.0793e-14 	5.74577e-14 	2.00184e-13 	3.60767e-14 	2.31892e-13 	8.52474e-12 	1.92643e-10 	5.51059e-11 	4.35336e-09 	1.24529e-09 	3.56217e-10
0.01      0.01    0.01    0.01    0.01    1.08 	-0.0187175 	0.013917 	-0.0178573 	4.14547e-13 	-2.0793e-14 	5.74577e-14 	2.00184e-13 	3.60767e-14 	2.31892e-13 	8.52474e-12 	1.92643e-10 	5.51059e-11 	4.35336e-09 	1.24529e-09 	3.56217e-10
0.01      0.01    0.01    0.01    0.01    1.17 	-0.0187175 	0.013917 	-0.0178573 	4.14547e-13 	-2.0793e-14 	5.74577e-14 	2.00184e-13 	3.60767e-14 	2.31892e-13 	8.52474e-12 	1.92643e-10 	5.51059e-11 	4.35336e-09 	1.24529e-09 	3.56217e-10
0.01      0.01    0.01    0.01    0.01    1.26 	-0.00182301 	-0.0390778 	0.053181 	7.79264e-13 	-1.56368e-13 	7.85953e-14 	2.19881e-13 	3.74217e-15 	2.81332e-13 	2.51971e-09 	-2.761e-09 	2.87166e-09 	3.0254e-09 	-3.14665e-09 	3.27276e-09
0.01      0.01    0.01    0.01    0.01    1.35 	-0.00182301 	-0.0390778 	0.053181 	7.79264e-13 	-1.56368e-13 	7.85953e-14 	2.19881e-13 	3.74217e-15 	2.81332e-13 	2.51971e-09 	-2.761e-09 	2.87166e-09 	3.0254e-09 	-3.14665e-09 	3.27276e-09
0.01      0.01    0.01    0.01    0.01    1.44 	0.0110428 	-0.0154616 	-0.0669381 	7.07317e-13 	-1.72368e-13 	-2.13513e-13 	2.88492e-13 	1.26194e-13 	4.84423e-13 	1.77111e-09 	1.5207e-10 	1.7821e-09 	1.3057e-11 	1.53013e-10 	1.79315e-09
0.01      0.01    0.01    0.01    0.01    1.53 	0.0110428 	-0.0154616 	-0.0669381 	7.07317e-13 	-1.72368e-13 	-2.13513e-13 	2.88492e-13 	1.26194e-13 	4.84423e-13 	1.77111e-09 	1.5207e-10 	1.7821e-09 	1.3057e-11 	1.53013e-10 	1.79315e-09
0.01      0.01    0.01    0.01    0.01    1.62 	0.0752262 	0.0159158 	0.0656429 	7.3411e-13 	-1.1648e-13 	1.33025e-13 	3.87139e-13 	2.62062e-14 	1.5923e-13 	6.91864e-09 	-2.23057e-09 	-2.72282e-09 	7.19133e-10 	8.77834e-10 	1.07156e-09
0.01      0.01    0.01    0.01    0.01    1.71 	0.0752262 	0.0159158 	0.0656429 	7.3411e-13 	-1.1648e-13 	1.33025e-13 	3.87139e-13 	2.62062e-14 	1.5923e-13 	6.91864e-09 	-2.23057e-09 	-2.72282e-09 	7.19133e-10 	8.77834e-10 	1.07156e-09
0.01      0.01    0.01    0.01    0.01    1.8 	-0.0797139 	0.0035235 	0.06561 	9.61715e-13 	-5.22666e-13 	-4.58293e-13 	4.14607e-13 	9.07946e-14 	2.20661e-13 	2.28643e-10 	1.56777e-10 	6.70978e-10 	1.07499e-10 	4.60079e-10 	1.96906e-09
0.01      0.01    0.01    0.01    0.01    1.89 	-0.0797139 	0.0035235 	0.06561 	9.61715e-13 	-5.22666e-13 	-4.58293e-13 	4.14607e-13 	9.07946e-14 	2.20661e-13 	2.28643e-10 	1.56777e-10 	6.70978e-10 	1.07499e-10 	4.60079e-10 	1.96906e-09
0.01      0.01    0.01    0.01    0.01    1.98 	-0.0562956 	-0.0139964 	-0.00864582 	1.07903e-12 	-4.07861e-13 	-3.8985e-13 	3.73893e-13 	9.91682e-14 	5.42295e-13 	1.70568e-10 	4.88957e-10 	4.60072e-10 	1.40166e-09 	1.31886e-09 	1.24095e-09
0.01      0.01    0.01    0.01    0.01    2.07 	-0.0562956 	-0.0139964 	-0.00864582 	1.07903e-12 	-4.07861e-13 	-3.8985e-13 	3.73893e-13 	9.91682e-14 	5.42295e-13 	1.70568e-10 	4.88957e-10 	4.60072e-10 	1.40166e-09 	1.31886e-09 	1.24095e-09
0.01      0.01    0.01    0.01    0.01    2.16 	0.0174003 	-0.0389008 	-0.0111723 	9.96672e-13 	-2.20166e-13 	-7.19589e-14 	3.79759e-13 	5.72869e-14 	3.50872e-13 	6.07737e-10 	1.06967e-09 	-1.1213e-09 	1.8827e-09 	-1.97358e-09 	2.06885e-09
0.01      0.01    0.01    0.01    0.01    2.25 	0.0174003 	-0.0389008 	-0.0111723 	9.96672e-13 	-2.20166e-13 	-7.19589e-14 	3.79759e-13 	5.72869e-14 	3.50872e-13 	6.07737e-10 	1.06967e-09 	-1.1213e-09 	1.8827e-09 	-1.97358e-09 	2.06885e-09
0.01      0.01    0.01    0.01    0.01    2.34 	0.0174003 	-0.0389008 	-0.0111723 	9.96672e-13 	-2.20166e-13 	-7.19589e-14 	3.79759e-13 	5.72869e-14 	3.50872e-13 	6.07737e-10 	1.06967e-09 	-1.1213e-09 	1.8827e-09 	-1.97358e-09 	2.06885e-09
0.01      0.01    0.01    0.01    0.01    2.43 	0.00668098 	0.023347 	0.0216836 	9.4541e-13 	-4.52725e-13 	6.43616e-14 	7.08595e-13 	-1.03332e-13 	2.42819e-13 	3.57102e-10 	-1.91025e-09 	1.15936e-09 	1.02185e-08 	-6.2018e-09 	3.76399e-09
0.01      0.01    0.01    0.01    0.01    2.52 	0.00668098 	0.023347 	0.0216836 	9.4541e-13 	-4.52725e-13 	6.43616e-14 	7.08595e-13 	-1.03332e-13 	2.42819e-13 	3.57102e-10 	-1.91025e-09 	1.15936e-09 	1.02185e-08 	-6.2018e-09 	3.76399e-09
0.01      0.01    0.01    0.01    0.01    2.61 	0.0422466 	0.0213747 	0.0805632 	7.61769e-13 	-2.45979e-13 	1.62853e-14 	4.0044e-13 	-1.83275e-14 	2.26342e-13 	3.01628e-10 	8.29074e-10 	-1.65618e-10 	2.27885e-09 	-4.55229e-10 	9.0938e-11
0.01      0.01    0.01    0.01    0.01    2.7 	0.0422466 	0.0213747 	0.0805632 	7.61769e-13 	-2.45979e-13 	1.62853e-14 	4.0044e-13 	-1.83275e-14 	2.26342e-13 	3.01628e-10 	8.29074e-10 	-1.65618e-10 	2.27885e-09 	-4.55229e-10 	9.0938e-11
0.01      0.01    0.01    0.01    0.01    2.79 	0.0053083 	0.0358421 	0.069927 	5.26247e-13 	-1.69428e-13 	-3.86242e-14 	2.94207e-13 	-2.6758e-14 	4.1034e-13 	1.31331e-10 	-1.20745e-09 	-1.18179e-09 	1.11013e-08 	1.08653e-08 	1.06343e-08
0.01      0.01    0.01    0.01    0.01    2.88 	0.0053083 	0.0358421 	0.069927 	5.26247e-13 	-1.69428e-13 	-3.86242e-14 	2.94207e-13 	-2.6758e-14 	4.1034e-13 	1.31331e-10 	-1.20745e-09 	-1.18179e-09 	1.11013e-08 	1.08653e-08 	1.06343e-08
0.01      0.01    0.01    0.01    0.01    2.97 	-0.0150952 	-0.0148987 	0.0445235 	4.33848e-13 	-1.51296e-13 	-6.00576e-17 	2.73979e-13 	6.86951e-15 	3.16676e-13 	2.41565e-09 	-9.48188e-09 	3.64063e-09 	3.72182e-08 	-1.42902e-08 	5.48679e-09
0.01      0.01    0.01    0.01    0.01    3.06 	-0.0150952 	-0.0148987 	0.0445235 	4.33848e-13 	-1.51296e-13 	-6.00576e-17 	2.73979e-13 	6.86951e-15 	3.16676e-13 	2.41565e-09 	-9.48188e-09 	3.64063e-09 	3.72182e-08 	-1.42902e-08 	5.48679e-09
0.01      0.01    0.01    0.01    0.01    3.15 	0.0489925 	-0.0924074 	0.0771411 	5.70195e-13 	-1.9734e-13 	2.31277e-14 	2.84951e-13 	-2.69689e-14 	2.51258e-13 	6.61462e-09 	-3.19541e-09 	1.19072e-09 	1.54365e-09 	-5.75218e-10 	2.14346e-10
0.01      0.01    0.01    0.01    0.01    3.24 	0.0489925 	-0.0924074 	0.0771411 	5.70195e-13 	-1.9734e-13 	2.31277e-14 	2.84951e-13 	-2.69689e-14 	2.51258e-13 	6.61462e-09 	-3.19541e-09 	1.19072e-09 	1.54365e-09 	-5.75218e-10 	2.14346e-10
0.01      0.01    0.01    0.01    0.01    3.33 	0.0149993 	-0.0244135 	0.0513912 	1.04894e-12 	-5.21563e-13 	3.22006e-13 	6.77907e-13 	-2.65972e-13 	5.47681e-13 	1.40606e-08 	-2.51874e-08 	1.46089e-08 	4.51193e-08 	-2.61695e-08 	1.51785e-08
0.01      0.01    0.01    0.01    0.01    3.42 	0.0149993 	-0.0244135 	0.0513912 	1.04894e-12 	-5.21563e-13 	3.22006e-13 	6.77907e-13 	-2.65972e-13 	5.47681e-13 	1.40606e-08 	-2.51874e-08 	1.46089e-08 	4.51193e-08 	-2.61695e-08 	1.51785e-08
0.01      0.01    0.01    0.01    0.01    3.51 	0.0149993 	-0.0244135 	0.0513912 	1.04894e-12 	-5.21563e-13 	3.22006e-13 	6.77907e-13 	-2.65972e-13 	5.47681e-13 	1.40606e-08 	-2.51874e-08 	1.46089e-08 	4.51193e-08 	-2.61695e-08 	1.51785e-08
0.01      0.01    0.01    0.01    0.01    3.6 	-0.0404141 	-0.0240152 	-0.00934573 	7.15786e-13 	-4.47452e-13 	1.85592e-13 	5.37074e-13 	-2.03284e-14 	3.96696e-13 	1.98993e-10 	2.11177e-09 	-4.29286e-10 	2.24106e-08 	-4.5557e-09 	9.26098e-10
0.01      0.01    0.01    0.01    0.01    3.69 	-0.0404141 	-0.0240152 	-0.00934573 	7.15786e-13 	-4.47452e-13 	1.85592e-13 	5.37074e-13 	-2.03284e-14 	3.96696e-13 	1.98993e-10 	2.11177e-09 	-4.29286e-10 	2.24106e-08 	-4.5557e-09 	9.26098e-10
0.01      0.01    0.01    0.01    0.01    3.78 	0.00152488 	-0.00491657 	0.0374604 	6.31454e-13 	-3.30965e-13 	9.39945e-14 	4.14015e-13 	1.65626e-14 	3.36748e-13 	3.61959e-09 	-4.40323e-09 	-1.85497e-09 	5.35653e-09 	2.25657e-09 	9.50634e-10
0.01      0.01    0.01    0.01    0.01    3.87 	0.00152488 	-0.00491657 	0.0374604 	6.31454e-13 	-3.30965e-13 	9.39945e-14 	4.14015e-13 	1.65626e-14 	3.36748e-13 	3.61959e-09 	-4.40323e-09 	-1.85497e-09 	5.35653e-09 	2.25657e-09 	9.50634e-10
0.01      0.01    0.01    0.01    0.01    3.96 	-0.0218528 	-0.0010765 	-0.0273436 	1.37382e-12 	-2.84425e-13 	-1.48724e-14 	2.92686e-13 	1.01505e-13 	4.55536e-13 	2.67433e-09 	3.44152e-09 	-5.59448e-10 	4.42881e-09 	-7.19938e-10 	1.17032e-10
0.01      0.01    0.01    0.01    0.01    4.05 	-0.0218528 	-0.0010765 	-0.0273436 	1.37382e-12 	-2.84425e-13 	-1.48724e-14 	2.92686e-13 	1.01505e-13 	4.55536e-13 	2.67433e-09 	3.44152e-09 	-5.59448e-10 	4.42881e-09 	-7.19938e-10 	1.17032e-10
0.01      0.01    0.01    0.01    0.01    4.14 	0.0404673 	-0.0606925 	-0.0168953 	8.93721e-13 	-5.74988e-13 	-4.3605e-13 	6.42537e-13 	2.6754e-13 	4.07122e-13 	7.94776e-09 	-5.24253e-09 	7.2063e-10 	3.45809e-09 	-4.75344e-10 	6.53402e-11
0.01      0.01    0.01    0.01    0.01    4.23 	0.0404673 	-0.0606925 	-0.0168953 	8.93721e-13 	-5.74988e-13 	-4.3605e-13 	6.42537e-13 	2.6754e-13 	4.07122e-13 	7.94776e-09 	-5.24253e-09 	7.2063e-10 	3.45809e-09 	-4.75344e-10 	6.53402e-11
0.01      0.01    0.01    0.01    0.01    4.32 	-0.0241452 	0.034027 	-0.0296696 	7.23078e-13 	-1.97372e-13 	1.94087e-13 	2.56383e-13 	-7.00424e-14 	4.7077e-13 	1.07419e-09 	-7.00373e-10 	-1.62267e-09 	4.56644e-10 	1.05798e-09 	2.45121e-09
0.01      0.01    0.01    0.01    0.01    4.41 	-0.0241452 	0.034027 	-0.0296696 	7.23078e-13 	-1.97372e-13 	1.94087e-13 	2.56383e-13 	-7.00424e-14 	4.7077e-13 	1.07419e-09 	-7.00373e-10 	-1.62267e-09 	4.56644e-10 	1.05798e-09 	2.45121e-09
0.01      0.01    0.01    0.01    0.01    4.5 	-0.0241452 	0.034027 	-0.0296696 	7.23078e-13 	-1.97372e-13 	1.94087e-13 	2.56383e-13 	-7.00424e-14 	4.7077e-13 	1.07419e-09 	-7.00373e-10 	-1.62267e-09 	4.56644e-10 	1.05798e-09 	2.45121e-09
0.02      0.02    0.02    0.02    0.02    0 	-0.0181289 	-0.00813182 	-0.0204434 	1.87381e-12 	-5.94812e-13 	1.00753e-13 	5.49531e-13 	7.34168e-15 	2.88508e-13 	2.83668e-08 	-2.2033e-08 	2.04676e-08 	1.7126e-08 	-1.59124e-08 	1.47858e-08
0.02      0.02    0.02    0.02    0.02    0.09 	-0.0181289 	-0.00813182 	-0.0204434 	1.87381e-12 	-5.94812e-13 	1.00753e-13 	5.49531e-13 	7.34168e-15 	2.88508e-13 	2.83668e-08 	-2.2033e-08 	2.04676e-08 	1.7126e-08 	-1.59124e-08 	1.47858e-08
0.02      0.02    0.02    0.02    0.02    0.18 	-0.0181289 	-0.00813182 	-0.0204434 	1.87381e-12 	-5.94812e-13 	1.00753e-13 	5.49531e-13 	7.34168e-15 	2.88508e-13 	2.83668e-08 	-2.2033e-08 	2.04676e-08 	1.7126e-08 	-1.59124e-08 	1.47858e-08
0.02      0.02    0.02    0.02    0.02    0.27 	-0.00671162 	0.001122 	0.0625133 	6.66749e-13 	-1.22152e-12 	2.86794e-13 	3.10905e-12 	-4.05077e-13 	3.20013e-13 	2.26435e-08 	1.75608e-08 	-8.67584e-09 	1.36279e-08 	-6.7267e-09 	3.32455e-09
0.02      0.02    0.02    0.02    0.02    0.36 	-0.00671162 	0.001122 	0.0625133 	6.66749e-13 	-1.22152e-12 	2.86794e-13 	3.10905e-12 	-4.05077e-13 	3.20013e-13 	2.26435e-08 	1.75608e-08 	-8.67584e-09 	1.36279e-08 	-6.7267e-09 	3.32455e-09
0.02      0.02    0.02    0.02    0.02    0.45 	0.0735641 	0.0226461 	0.0461574 	1.05535e-12 	-4.92656e-13 	3.59679e-13 	5.25975e-13 	-1.79761e-14 	4.15558e-13 	1.23095e-08 	-2.48573e-08 	-1.42289e-08 	5.0226e-08 	2.87544e-08 	1.64632e-08
0.02      0.02    0.02    0.02    0.02    0.54 	0.0735641 	0.0226461 	0.0461574 	1.05535e-12 	-4.92656e-13 	3.59679e-13 	5.25975e-13 	-1.79761e-14 	4.15558e-13 	1.23095e-08 	-2.48573e-08 	-1.42289e-08 	5.0226e-08 	2.87544e-08 	1.64632e-08
0.02      0.02    0.02    0.02    0.02    0.63 	0.0522166 	0.0446805 	-0.0167976 	7.57095e-13 	-1.3265e-13 	3.73643e-13 	3.0757e-13 	-1.78953e-13 	5.14211e-13 	4.34824e-09 	-1.25841e-09 	-5.389e-09 	3.64455e-10 	1.55884e-09 	6.68191e-09
0.02      0.02    0.02    0.02    0.02    0.72 	0.0522166 	0.0446805 	-0.0167976 	7.57095e-13 	-1.3265e-13 	3.73643e-13 	3.0757e-13 	-1.78953e-13 	5.14211e-13 	4.34824e-09 	-1.25841e-09 	-5.389e-09 	3.64455e-10 	1.55884e-09 	6.68191e-09
0.02      0.02    0.02    0.02    0.02    0.81 	-0.00925142 	-0.0178192 	0.0128895 	1.28599e-12 	-2.87621e-13 	4.66689e-13 	3.1382e-13 	-1.27358e-13 	6.07495e-13 	7.18209e-09 	6.92596e-09 	3.24168e-09 	6.68409e-09 	3.12534e-09 	1.46333e-09
0.02      0.02    0.02    0.02    0.02    0.9 	-0.00925142 	-0.0178192 	0.0128895 	1.28599e-12 	-2.87621e-13 	4.66689e-13 	3.1382e-13 	-1.27358e-13 	6.07495e-13 	7.18209e-09 	6.92596e-09 	3.24168e-09 	6.68409e-09 	3.12534e-09 	1.46333e-09
0.02      0.02    0.02    0.02    0.02    0.99 	-0.0187334 	0.0136741 	-0.0179342 	4.14364e-13 	-2.06539e-14 	5.74588e-14 	2.00147e-13 	3.61106e-14 	2.31764e-13 	6.736e-11 	1.14269e-09 	3.50003e-10 	1.9582e-08 	5.97967e-09 	1.82772e-09
0.02      0.02    0.02    0.02    0.02    1.08 	-0.0187334 	0.0136741 	-0.0179342 	4.14364e-13 	-2.06539e-14 	5.74588e-14 	2.00147e-13 	3.61106e-14 	2.31764e-13 	6.736e-11 	1.14269e-09 	3.50003e-10 	1.9582e-08 	5.97967e-09 	1.82772e-09
0.02      0.02    0.02    0.02    0.02    1.17 	-0.0187334 	0.0136741 	-0.0179342 	4.14364e-13 	-2.06539e-14 	5.74588e-14 	2.00147e-13 	3.61106e-14 	2.31764e-13 	6.736e-11 	1.14269e-09 	3.50003e-10 	1.9582e-08 	5.97967e-09 	1.82772e-09
0.02      0.02    0.02    0.02    0.02    1.26 	-0.00203961 	-0.0388322 	0.0529615 	7.79648e-13 	-1.565e-13 	7.84652e-14 	2.19941e-13 	3.84144e-15 	2.81578e-13 	1.40592e-08 	-1.5757e-08 	1.47861e-08 	1.76629e-08 	-1.6565e-08 	1.55672e-08
0.02      0.02    0.02    0.02    0.02    1.35 	-0.00203961 	-0.0388322 	0.0529615 	7.79648e-13 	-1.565e-13 	7.84652e-14 	2.19941e-13 	3.84144e-15 	2.81578e-13 	1.40592e-08 	-1.5757e-08 	1.47861e-08 	1.76629e-08 	-1.6565e-08 	1.55672e-08
0.02      0.02    0.02    0.02    0.02    1.44 	0.011214 	-0.0154453 	-0.0667651 	7.07546e-13 	-1.72509e-13 	-2.13539e-13 	2.88659e-13 	1.2623e-13 	4.84544e-13 	9.11097e-09 	8.36845e-10 	9.19837e-09 	7.70315e-11 	8.44844e-10 	9.28663e-09
0.02      0.02    0.02    0.02    0.02    1.53 	0.011214 	-0.0154453 	-0.0667651 	7.07546e-13 	-1.72509e-13 	-2.13539e-13 	2.88659e-13 	1.2623e-13 	4.84544e-13 	9.11097e-09 	8.36845e-10 	9.19837e-09 	7.70315e-11 	8.44844e-10 	9.28663e-09
0.02      0.02    0.02    0.02    0.02    1.62 	0.0748835 	0.0160041 	0.0657764 	7.34404e-13 	-1.16426e-13 	1.32856e-13 	3.87267e-13 	2.61752e-14 	1.59197e-13 	3.61773e-08 	-1.01041e-08 	-1.41417e-08 	2.83659e-09 	3.95087e-09 	5.52807e-09
0.02      0.02    0.02    0.02    0.02    1.71 	0.0748835 	0.0160041 	0.0657764 	7.34404e-13 	-1.16426e-13 	1.32856e-13 	3.87267e-13 	2.61752e-14 	1.59197e-13 	3.61773e-08 	-1.01041e-08 	-1.41417e-08 	2.83659e-09 	3.95087e-09 	5.52807e-09
0.02      0.02    0.02    0.02    0.02    1.8 	-0.0797619 	0.00347556 	0.0654233 	9.61677e-13 	-5.2252e-13 	-4.57698e-13 	4.14606e-13 	9.07505e-14 	2.20885e-13 	8.81541e-10 	7.58554e-10 	3.04687e-09 	6.63499e-10 	2.65675e-09 	1.06448e-08
0.02      0.02    0.02    0.02    0.02    1.89 	-0.0797619 	0.00347556 	0.0654233 	9.61677e-13 	-5.2252e-13 	-4.57698e-13 	4.14606e-13 	9.07505e-14 	2.20885e-13 	8.81541e-10 	7.58554e-10 	3.04687e-09 	6.63499e-10 	2.65675e-09 	1.06448e-08
0.02      0.02    0.02    0.02    0.02    1.98 	-0.0563303 	-0.0141571 	-0.00878877 	1.08056e-12 	-4.08441e-13 	-3.90928e-13 	3.74323e-13 	9.95035e-14 	5.42977e-13 	5.27526e-10 	2.00294e-09 	1.81426e-09 	7.77283e-09 	7.02743e-09 	6.3547e-09
0.02      0.02    0.02    0.02    0.02    2.07 	-0.0563303 	-0.0141571 	-0.00878877 	1.08056e-12 	-4.08441e-13 	-3.90928e-13 	3.74323e-13 	9.95035e-14 	5.42977e-13 	5.27526e-10 	2.00294e-09 	1.81426e-09 	7.77283e-09 	7.02743e-09 	6.3547e-09
0.02      0.02    0.02    0.02    0.02    2.16 	0.0172716 	-0.039056 	-0.0109905 	9.98373e-13 	-2.20074e-13 	-7.2099e-14 	3.79602e-13 	5.73109e-14 	3.50871e-13 	4.48865e-09 	6.03547e-09 	-6.81194e-09 	8.19375e-09 	-9.21691e-09 	1.03805e-08
0.02      0.02    0.02    0.02    0.02    2.25 	0.0172716 	-0.039056 	-0.0109905 	9.98373e-13 	-2.20074e-13 	-7.2099e-14 	3.79602e-13 	5.73109e-14 	3.50871e-13 	4.48865e-09 	6.03547e-09 	-6.81194e-09 	8.19375e-09 	-9.21691e-09 	1.03805e-08
0.02      0.02    0.02    0.02    0.02    2.34 	0.0172716 	-0.039056 	-0.0109905 	9.98373e-13 	-2.20074e-13 	-7.2099e-14 	3.79602e-13 	5.73109e-14 	3.50871e-13 	4.48865e-09 	6.03547e-09 	-6.81194e-09 	8.19375e-09 	-9.21691e-09 	1.03805e-08
0.02      0.02    0.02    0.02    0.02    2.43 	0.00676374 	0.0229532 	0.0219207 	9.45772e-13 	-4.52723e-13 	6.43417e-14 	7.08252e-13 	-1.03427e-13 	2.42752e-13 	2.0338e-09 	-1.00433e-08 	6.06286e-09 	4.96508e-08 	-2.99747e-08 	1.80961e-08
0.02      0.02    0.02    0.02    0.02    2.52 	0.00676374 	0.0229532 	0.0219207 	9.45772e-13 	-4.52723e-13 	6.43417e-14 	7.08252e-13 	-1.03427e-13 	2.42752e-13 	2.0338e-09 	-1.00433e-08 	6.06286e-09 	4.96508e-08 	-2.99747e-08 	1.80961e-08
0.02      0.02    0.02    0.02    0.02    2.61 	0.042171 	0.0212009 	0.0806057 	7.61358e-13 	-2.46058e-13 	1.59401e-14 	4.00391e-13 	-1.82739e-14 	2.26382e-13 	1.68232e-09 	4.12175e-09 	-9.44637e-10 	1.01488e-08 	-2.31713e-09 	5.3076e-10
0.02      0.02    0.02    0.02    0.02    2.7 	0.042171 	0.0212009 	0.0806057 	7.61358e-13 	-2.46058e-13 	1.59401e-14 	4.00391e-13 	-1.82739e-14 	2.26382e-13 	1.68232e-09 	4.12175e-09 	-9.44637e-10 	1.01488e-08 	-2.31713e-09 	5.3076e-10
0.02      0.02    0.02    0.02    0.02    2.79 	0.00533611 	0.0354608 	0.0695144 	5.26264e-13 	-1.69472e-13 	-3.89445e-14 	2.94155e-13 	-2.66354e-14 	4.10192e-13 	3.5662e-10 	-4.15302e-09 	-4.32694e-09 	4.8931e-08 	5.11329e-08 	5.3478e-08
0.02      0.02    0.02    0.02    0.02    2.88 	0.00533611 	0.0354608 	0.0695144 	5.26264e-13 	-1.69472e-13 	-3.89445e-14 	2.94155e-13 	-2.66354e-14 	4.10192e-13 	3.5662e-10 	-4.15302e-09 	-4.32694e-09 	4.8931e-08 	5.11329e-08 	5.3478e-08
0.02      0.02    0.02    0.02    0.02    2.97 	-0.0149134 	-0.0155613 	0.0448331 	4.33727e-13 	-1.51166e-13 	-1.72966e-16 	2.73943e-13 	7.06421e-15 	3.16547e-13 	1.0958e-08 	-4.1058e-08 	1.78951e-08 	1.53922e-07 	-6.6993e-08 	2.92624e-08
0.02      0.02    0.02    0.02    0.02    3.06 	-0.0149134 	-0.0155613 	0.0448331 	4.33727e-13 	-1.51166e-13 	-1.72966e-16 	2.73943e-13 	7.06421e-15 	3.16547e-13 	1.0958e-08 	-4.1058e-08 	1.78951e-08 	1.53922e-07 	-6.6993e-08 	2.92624e-08
0.02      0.02    0.02    0.02    0.02    3.15 	0.0486785 	-0.0922293 	0.0770895 	5.69981e-13 	-1.96644e-13 	2.26025e-14 	2.84133e-13 	-2.64715e-14 	2.51222e-13 	3.17101e-08 	-1.7007e-08 	5.3443e-09 	9.14901e-09 	-2.86475e-09 	9.01223e-10
0.02      0.02    0.02    0.02    0.02    3.24 	0.0486785 	-0.0922293 	0.0770895 	5.69981e-13 	-1.96644e-13 	2.26025e-14 	2.84133e-13 	-2.64715e-14 	2.51222e-13 	3.17101e-08 	-1.7007e-08 	5.3443e-09 	9.14901e-09 	-2.86475e-09 	9.01223e-10
0.02      0.02    0.02    0.02    0.02    3.33 	0.0145381 	-0.0235856 	0.0508983 	1.04911e-12 	-5.21383e-13 	3.22151e-13 	6.77276e-13 	-2.65807e-13 	5.47916e-13 	6.83277e-08 	-1.22388e-07 	7.22273e-08 	2.19229e-07 	-1.29381e-07 	7.63608e-08
0.02      0.02    0.02    0.02    0.02    3.42 	0.0145381 	-0.0235856 	0.0508983 	1.04911e-12 	-5.21383e-13 	3.22151e-13 	6.77276e-13 	-2.65807e-13 	5.47916e-13 	6.83277e-08 	-1.22388e-07 	7.22273e-08 	2.19229e-07 	-1.29381e-07 	7.63608e-08
0.02      0.02    0.02    0.02    0.02    3.51 	0.0145381 	-0.0235856 	0.0508983 	1.04911e-12 	-5.21383e-13 	3.22151e-13 	6.77276e-13 	-2.65807e-13 	5.47916e-13 	6.83277e-08 	-1.22388e-07 	7.22273e-08 	2.19229e-07 	-1.29381e-07 	7.63608e-08
0.02      0.02    0.02    0.02    0.02    3.6 	-0.0404397 	-0.0246053 	-0.00923228 	7.15853e-13 	-4.47929e-13 	1.85551e-13 	5.37978e-13 	-2.02583e-14 	3.96644e-13 	4.31499e-10 	6.69871e-09 	-1.32286e-09 	1.10531e-07 	-2.17119e-08 	4.26701e-09
0.02      0.02    0.02    0.02    0.02    3.69 	-0.0404397 	-0.0246053 	-0.00923228 	7.15853e-13 	-4.47929e-13 	1.85551e-13 	5.37978e-13 	-2.02583e-14 	3.96644e-13 	4.31499e-10 	6.69871e-09 	-1.32286e-09 	1.10531e-07 	-2.17119e-08 	4.26701e-09
0.02      0.02    0.02    0.02    0.02    3.78 	0.00127783 	-0.00464923 	0.0375662 	6.31144e-13 	-3.30716e-13 	9.4156e-14 	4.13661e-13 	1.64824e-14 	3.36658e-13 	1.88509e-08 	-2.12173e-08 	-8.59388e-09 	2.39087e-08 	9.69103e-09 	3.92994e-09
0.02      0.02    0.02    0.02    0.02    3.87 	0.00127783 	-0.00464923 	0.0375662 	6.31144e-13 	-3.30716e-13 	9.4156e-14 	4.13661e-13 	1.64824e-14 	3.36658e-13 	1.88509e-08 	-2.12173e-08 	-8.59388e-09 	2.39087e-08 	9.69103e-09 	3.92994e-09
0.02      0.02    0.02    0.02    0.02    3.96 	-0.0220599 	-0.0013505 	-0.0272888 	1.37326e-12 	-2.84512e-13 	-1.53011e-14 	2.92708e-13 	1.01564e-13 	4.55595e-13 	1.34598e-08 	1.76408e-08 	-3.30776e-09 	2.31224e-08 	-4.33798e-09 	8.16676e-10
0.02      0.02    0.02    0.02    0.02    4.05 	-0.0220599 	-0.0013505 	-0.0272888 	1.37326e-12 	-2.84512e-13 	-1.53011e-14 	2.92708e-13 	1.01564e-13 	4.55595e-13 	1.34598e-08 	1.76408e-08 	-3.30776e-09 	2.31224e-08 	-4.33798e-09 	8.16676e-10
0.02      0.02    0.02    0.02    0.02    4.14 	0.0401139 	-0.0604617 	-0.0169177 	8.92698e-13 	-5.74559e-13 	-4.36014e-13 	6.42341e-13 	2.67761e-13 	4.07319e-13 	3.949e-08 	-2.58869e-08 	2.81207e-09 	1.697e-08 	-1.84378e-09 	2.01924e-10
0.02      0.02    0.02    0.02    0.02    4.23 	0.0401139 	-0.0604617 	-0.0169177 	8.92698e-13 	-5.74559e-13 	-4.36014e-13 	6.42341e-13 	2.67761e-13 	4.07319e-13 	3.949e-08 	-2.58869e-08 	2.81207e-09 	1.697e-08 	-1.84378e-09 	2.01924e-10
0.02      0.02    0.02    0.02    0.02    4.32 	-0.0240146 	0.0339351 	-0.02986 	7.23725e-13 	-1.97542e-13 	1.93978e-13 	2.56463e-13 	-6.98934e-14 	4.7045e-13 	5.36812e-09 	-3.68579e-09 	-7.92319e-09 	2.53204e-09 	5.43882e-09 	1.16957e-08
0.02      0.02    0.02    0.02    0.02    4.41 	-0.0240146 	0.0339351 	-0.02986 	7.23725e-13 	-1.97542e-13 	1.93978e-13 	2.56463e-13 	-6.98934e-14 	4.7045e-13 	5.36812e-09 	-3.68579e-09 	-7.92319e-09 	2.53204e-09 	5.43882e-09 	1.16957e-08
0.02      0.02    0.02    0.02    0.02    4.5 	-0.0240146 	0.0339351 	-0.02986 	7.23725e-13 	-1.97542e-13 	1.93978e-13 	2.56463e-13 	-6.98934e-14 	4.7045e-13 	5.36812e-09 	-3.68579e-09 	-7.92319e-09 	2.53204e-09 	5.43882e-09 	1.16957e-08
0.03      0.03    0.03    0.03    0.03    0 	-0.0183616 	-0.00792915 	-0.0206507 	1.87377e-12 	-5.94768e-13 	1.00233e-13 	5.49833e-13 	7.68473e-15 	2.88409e-13 	5.51592e-08 	-4.46559e-08 	4.28591e-08 	3.61961e-08 	-3.47686e-08 	3.34191e-08
0.03      0.03    0.03    0.03    0.03    0.09 	-0.0183616 	-0.00792915 	-0.0206507 	1.87377e-12 	-5.94768e-13 	1.00233e-13 	5.49833e-13 	7.68473e-15 	2.88409e-13 	5.51592e-08 	-4.46559e-08 	4.28591e-08 	3.61961e-08 	-3.47686e-08 	3.34191e-08
0.03      0.03    0.03    0.03    0.03    0.18 	-0.0183616 	-0.00792915 	-0.0206507 	1.87377e-12 	-5.94768e-13 	1.00233e-13 	5.49833e-13 	7.68473e-15 	2.88409e-13 	5.51592e-08 	-4.46559e-08 	4.28591e-08 	3.61961e-08 	-3.47686e-08 	3.34191e-08
0.03      0.03    0.03    0.03    0.03    0.27 	-0.00695145 	0.000922911 	0.0625937 	6.66824e-13 	-1.22021e-12 	2.85716e-13 	3.11411e-12 	-4.06411e-13 	3.20483e-13 	4.83783e-08 	3.8655e-08 	-1.77372e-08 	3.09044e-08 	-1.41617e-08 	6.511e-09
0.03      0.03    0.03    0.03    0.03    0.36 	-0.00695145 	0.000922911 	0.0625937 	6.66824e-13 	-1.22021e-12 	2.85716e-13 	3.11411e-12 	-4.06411e-13 	3.20483e-13 	4.83783e-08 	3.8655e-08 	-1.77372e-08 	3.09044e-08 	-1.41617e-08 	6.511e-09
0.03      0.03    0.03    0.03    0.03    0.45 	0.0734138 	0.022977 	0.0463695 	1.05477e-12 	-4.93166e-13 	3.58399e-13 	5.27686e-13 	-1.8101e-14 	4.15347e-13 	2.35147e-08 	-4.90376e-08 	-2.91237e-08 	1.02343e-07 	6.08258e-08 	3.61819e-08
0.03      0.03    0.03    0.03    0.03    0.54 	0.0734138 	0.022977 	0.0463695 	1.05477e-12 	-4.93166e-13 	3.58399e-13 	5.27686e-13 	-1.8101e-14 	4.15347e-13 	2.35147e-08 	-4.90376e-08 	-2.91237e-08 	1.02343e-07 	6.08258e-08 	3.61819e-08
0.03      0.03    0.03    0.03    0.03    0.63 	0.0523134 	0.0446516 	-0.0169347 	7.57057e-13 	-1.32636e-13 	3.73693e-13 	3.07337e-13 	-1.78709e-13 	5.14264e-13 	8.96322e-09 	-2.63945e-09 	-1.1529e-08 	7.77538e-10 	3.39544e-09 	1.48474e-08
0.03      0.03    0.03    0.03    0.03    0.72 	0.0523134 	0.0446516 	-0.0169347 	7.57057e-13 	-1.32636e-13 	3.73693e-13 	3.07337e-13 	-1.78709e-13 	5.14264e-13 	8.96322e-09 	-2.63945e-09 	-1.1529e-08 	7.77538e-10 	3.39544e-09 	1.48474e-08
0.03      0.03    0.03    0.03    0.03    0.81 	-0.00912129 	-0.0176682 	0.0129454 	1.28752e-12 	-2.87645e-13 	4.67516e-13 	3.1369e-13 	-1.272e-13 	6.07492e-13 	1.51125e-08 	1.5611e-08 	6.69039e-09 	1.61693e-08 	6.90599e-09 	2.96255e-09
0.03      0.03    0.03    0.03    0.03    0.9 	-0.00912129 	-0.0176682 	0.0129454 	1.28752e-12 	-2.87645e-13 	4.67516e-13 	3.1369e-13 	-1.272e-13 	6.07492e-13 	1.51125e-08 	1.5611e-08 	6.69039e-09 	1.61693e-08 	6.90599e-09 	2.96255e-09
0.03      0.03    0.03    0.03    0.03    0.99 	-0.0187478 	0.0134532 	-0.0180077 	4.14186e-13 	-2.05173e-14 	5.74611e-14 	2.00115e-13 	3.61446e-14 	2.31641e-13 	1.60839e-10 	2.56905e-09 	8.17046e-10 	4.12295e-08 	1.30868e-08 	4.15794e-09
0.03      0.03    0.03    0.03    0.03    1.08 	-0.0187478 	0.0134532 	-0.0180077 	4.14186e-13 	-2.05173e-14 	5.74611e-14 	2.00115e-13 	3.61446e-14 	2.31641e-13 	1.60839e-10 	2.56905e-09 	8.17046e-10 	4.12295e-08 	1.30868e-08 	4.15794e-09
0.03      0.03    0.03    0.03    0.03    1.17 	-0.0187478 	0.0134532 	-0.0180077 	4.14186e-13 	-2.05173e-14 	5.74611e-14 	2.00115e-13 	3.61446e-14 	2.31641e-13 	1.60839e-10 	2.56905e-09 	8.17046e-10 	4.12295e-08 	1.30868e-08 	4.15794e-09
0.03      0.03    0.03    0.03    0.03    1.26 	-0.00223613 	-0.0385868 	0.0527753 	7.80027e-13 	-1.56634e-13 	7.83363e-14 	2.19995e-13 	3.93887e-15 	2.81819e-13 	3.13719e-08 	-3.6615e-08 	3.16038e-08 	4.27719e-08 	-3.68504e-08 	3.18766e-08
0.03      0.03    0.03    0.03    0.03    1.35 	-0.00223613 	-0.0385868 	0.0527753 	7.80027e-13 	-1.56634e-13 	7.83363e-14 	2.19995e-13 	3.93887e-15 	2.81819e-13 	3.13719e-08 	-3.6615e-08 	3.16038e-08 	4.27719e-08 	-3.68504e-08 	3.18766e-08
0.03      0.03    0.03    0.03    0.03    1.44 	0.0113636 	-0.0154238 	-0.0666197 	7.07774e-13 	-1.72654e-13 	-2.13567e-13 	2.88822e-13 	1.26268e-13 	4.8466e-13 	1.94331e-08 	2.12257e-09 	1.93895e-08 	2.35357e-10 	2.11536e-09 	1.93477e-08
0.03      0.03    0.03    0.03    0.03    1.53 	0.0113636 	-0.0154238 	-0.0666197 	7.07774e-13 	-1.72654e-13 	-2.13567e-13 	2.88822e-13 	1.26268e-13 	4.8466e-13 	1.94331e-08 	2.12257e-09 	1.93895e-08 	2.35357e-10 	2.11536e-09 	1.93477e-08
0.03      0.03    0.03    0.03    0.03    1.62 	0.0745731 	0.016054 	0.0658916 	7.34705e-13 	-1.16371e-13 	1.32693e-13 	3.87396e-13 	2.61454e-14 	1.59162e-13 	7.93982e-08 	-1.86369e-08 	-3.04948e-08 	4.4649e-09 	7.17168e-09 	1.17144e-08
0.03      0.03    0.03    0.03    0.03    1.71 	0.0745731 	0.016054 	0.0658916 	7.34705e-13 	-1.16371e-13 	1.32693e-13 	3.87396e-13 	2.61454e-14 	1.59162e-13 	7.93982e-08 	-1.86369e-08 	-3.04948e-08 	4.4649e-09 	7.17168e-09 	1.17144e-08
0.03      0.03    0.03    0.03    0.03    1.8 	-0.0797637 	0.00343486 	0.0652711 	9.61655e-13 	-5.22386e-13 	-4.57108e-13 	4.14619e-13 	9.07082e-14 	2.21116e-13 	9.51514e-10 	1.09181e-09 	4.28718e-09 	1.44657e-09 	5.6304e-09 	2.19279e-08
0.03      0.03    0.03    0.03    0.03    1.89 	-0.0797637 	0.00343486 	0.0652711 	9.61655e-13 	-5.22386e-13 	-4.57108e-13 	4.14619e-13 	9.07082e-14 	2.21116e-13 	9.51514e-10 	1.09181e-09 	4.28718e-09 	1.44657e-09 	5.6304e-09 	2.19279e-08
0.03      0.03    0.03    0.03    0.03    1.98 	-0.0563397 	-0.0142978 	-0.00891734 	1.08205e-12 	-4.08994e-13 	-3.91981e-13 	3.74751e-13 	9.98318e-14 	5.43653e-13 	6.34356e-10 	3.13561e-09 	2.83684e-09 	1.68905e-08 	1.52746e-08 	1.38142e-08
0.03      0.03    0.03    0.03    0.03    2.07 	-0.0563397 	-0.0142978 	-0.00891734 	1.08205e-12 	-4.08994e-13 	-3.91981e-13 	3.74751e-13 	9.98318e-14 	5.43653e-13 	6.34356e-10 	3.13561e-09 	2.83684e-09 	1.68905e-08 	1.52746e-08 	1.38142e-08
0.03      0.03    0.03    0.03    0.03    2.16 	0.0171588 	-0.0391686 	-0.0108277 	1.00007e-12 	-2.19988e-13 	-7.22405e-14 	3.79446e-13 	5.73363e-14 	3.50866e-13 	1.03432e-08 	1.23712e-08 	-1.51966e-08 	1.4949e-08 	-1.82433e-08 	2.23661e-08
0.03      0.03    0.03    0.03    0.03    2.25 	0.0171588 	-0.0391686 	-0.0108277 	1.00007e-12 	-2.19988e-13 	-7.22405e-14 	3.79446e-13 	5.73363e-14 	3.50866e-13 	1.03432e-08 	1.23712e-08 	-1.51966e-08 	1.4949e-08 	-1.82433e-08 	2.23661e-08
0.03      0.03    0.03    0.03    0.03    2.34 	0.0171588 	-0.0391686 	-0.0108277 	1.00007e-12 	-2.19988e-13 	-7.22405e-14 	3.79446e-13 	5.73363e-14 	3.50866e-13 	1.03432e-08 	1.23712e-08 	-1.51966e-08 	1.4949e-08 	-1.82433e-08 	2.23661e-08
0.03      0.03    0.03    0.03    0.03    2.43 	0.00684193 	0.0226296 	0.022116 	9.46117e-13 	-4.52707e-13 	6.4314e-14 	7.07901e-13 	-1.03516e-13 	2.4269e-13 	4.68487e-09 	-2.16476e-08 	1.306e-08 	1.0029e-07 	-6.05066e-08 	3.65048e-08
0.03      0.03    0.03    0.03    0.03    2.52 	0.00684193 	0.0226296 	0.022116 	9.46117e-13 	-4.52707e-13 	6.4314e-14 	7.07901e-13 	-1.03516e-13 	2.4269e-13 	4.68487e-09 	-2.16476e-08 	1.306e-08 	1.0029e-07 	-6.05066e-08 	3.65048e-08
0.03      0.03    0.03    0.03    0.03    2.61 	0.0420762 	0.0210731 	0.0806444 	7.60956e-13 	-2.46141e-13 	1.55996e-14 	4.00349e-13 	-1.82208e-14 	2.26421e-13 	4.87536e-09 	9.42912e-09 	-2.40965e-09 	1.87365e-08 	-4.72599e-09 	1.20002e-09
0.03      0.03    0.03    0.03    0.03    2.7 	0.0420762 	0.0210731 	0.0806444 	7.60956e-13 	-2.46141e-13 	1.55996e-14 	4.00349e-13 	-1.82208e-14 	2.26421e-13 	4.87536e-09 	9.42912e-09 	-2.40965e-09 	1.87365e-08 	-4.72599e-09 	1.20002e-09
0.03      0.03    0.03    0.03    0.03    2.79 	0.00536136 	0.0351612 	0.0691609 	5.26279e-13 	-1.69518e-13 	-3.92641e-14 	2.94099e-13 	-2.65136e-14 	4.10041e-13 	6.37505e-10 	-7.71227e-09 	-8.40847e-09 	9.37795e-08 	1.02409e-07 	1.11984e-07
0.03      0.03    0.03    0.03    0.03    2.88 	0.00536136 	0.0351612 	0.0691609 	5.26279e-13 	-1.69518e-13 	-3.92641e-14 	2.94099e-13 	-2.65136e-14 	4.10041e-13 	6.37505e-10 	-7.71227e-09 	-8.40847e-09 	9.37795e-08 	1.02409e-07 	1.11984e-07
0.03      0.03    0.03    0.03    0.03    2.97 	-0.0147712 	-0.0160142 	0.0451177 	4.33601e-13 	-1.51039e-13 	-2.85577e-16 	2.73895e-13 	7.25791e-15 	3.16411e-13 	2.11214e-08 	-7.51837e-08 	3.70377e-08 	2.68118e-07 	-1.31511e-07 	6.51654e-08
0.03      0.03    0.03    0.03    0.03    3.06 	-0.0147712 	-0.0160142 	0.0451177 	4.33601e-13 	-1.51039e-13 	-2.85577e-16 	2.73895e-13 	7.25791e-15 	3.16411e-13 	2.11214e-08 	-7.51837e-08 	3.70377e-08 	2.68118e-07 	-1.31511e-07 	6.51654e-08
0.03      0.03    0.03    0.03    0.03    3.15 	0.0484105 	-0.0920277 	0.0770298 	5.69776e-13 	-1.95957e-13 	2.20866e-14 	2.83327e-13 	-2.59823e-14 	2.51189e-13 	6.54e-08 	-3.99279e-08 	1.20728e-08 	2.46066e-08 	-7.41832e-09 	2.24036e-09
0.03      0.03    0.03    0.03    0.03    3.24 	0.0484105 	-0.0920277 	0.0770298 	5.69776e-13 	-1.95957e-13 	2.20866e-14 	2.83327e-13 	-2.59823e-14 	2.51189e-13 	6.54e-08 	-3.99279e-08 	1.20728e-08 	2.46066e-08 	-7.41832e-09 	2.24036e-09
0.03      0.03    0.03    0.03    0.03    3.33 	0.0141875 	-0.022898 	0.0504734 	1.04926e-12 	-5.21186e-13 	3.2229e-13 	6.76639e-13 	-2.65637e-13 	5.48145e-13 	1.31613e-07 	-2.42203e-07 	1.4521e-07 	4.45945e-07 	-2.67436e-07 	1.60409e-07
0.03      0.03    0.03    0.03    0.03    3.42 	0.0141875 	-0.022898 	0.0504734 	1.04926e-12 	-5.21186e-13 	3.2229e-13 	6.76639e-13 	-2.65637e-13 	5.48145e-13 	1.31613e-07 	-2.42203e-07 	1.4521e-07 	4.45945e-07 	-2.67436e-07 	1.60409e-07
0.03      0.03    0.03    0.03    0.03    3.51 	0.0141875 	-0.022898 	0.0504734 	1.04926e-12 	-5.21186e-13 	3.2229e-13 	6.76639e-13 	-2.65637e-13 	5.48145e-13 	1.31613e-07 	-2.42203e-07 	1.4521e-07 	4.45945e-07 	-2.67436e-07 	1.60409e-07
0.03      0.03    0.03    0.03    0.03    3.6 	-0.0404295 	-0.025105 	-0.00915643 	7.15915e-13 	-4.484e-13 	1.85499e-13 	5.38889e-13 	-2.01842e-14 	3.96591e-13 	3.46861e-10 	7.13247e-09 	-1.35641e-09 	2.28405e-07 	-4.14801e-08 	7.56459e-09
0.03      0.03    0.03    0.03    0.03    3.69 	-0.0404295 	-0.025105 	-0.00915643 	7.15915e-13 	-4.484e-13 	1.85499e-13 	5.38889e-13 	-2.01842e-14 	3.96591e-13 	3.46861e-10 	7.13247e-09 	-1.35641e-09 	2.28405e-07 	-4.14801e-08 	7.56459e-09
0.03      0.03    0.03    0.03    0.03    3.78 	0.00105346 	-0.0044407 	0.0376349 	6.30841e-13 	-3.30473e-13 	9.43197e-14 	4.13307e-13 	1.64016e-14 	3.36567e-13 	4.13497e-08 	-4.34461e-08 	-1.65329e-08 	4.57849e-08 	1.74719e-08 	6.68528e-09
0.03      0.03    0.03    0.03    0.03    3.87 	0.00105346 	-0.0044407 	0.0376349 	6.30841e-13 	-3.30473e-13 	9.43197e-14 	4.13307e-13 	1.64016e-14 	3.36567e-13 	4.13497e-08 	-4.34461e-08 	-1.65329e-08 	4.57849e-08 	1.74719e-08 	6.68528e-09
0.03      0.03    0.03    0.03    0.03    3.96 	-0.0222411 	-0.00160286 	-0.0272258 	1.37267e-12 	-2.8459e-13 	-1.57274e-14 	2.92739e-13 	1.01621e-13 	4.55658e-13 	2.8572e-08 	3.82946e-08 	-8.07833e-09 	5.13404e-08 	-1.08459e-08 	2.30757e-09
0.03      0.03    0.03    0.03    0.03    4.05 	-0.0222411 	-0.00160286 	-0.0272258 	1.37267e-12 	-2.8459e-13 	-1.57274e-14 	2.92739e-13 	1.01621e-13 	4.55658e-13 	2.8572e-08 	3.82946e-08 	-8.07833e-09 	5.13404e-08 	-1.08459e-08 	2.30757e-09
0.03      0.03    0.03    0.03    0.03    4.14 	0.0398088 	-0.0602723 	-0.0169488 	8.91687e-13 	-5.74123e-13 	-4.35969e-13 	6.4216e-13 	2.67973e-13 	4.07525e-13 	8.27738e-08 	-5.33092e-08 	6.57803e-09 	3.43398e-08 	-4.23135e-09 	5.28493e-10
0.03      0.03    0.03    0.03    0.03    4.23 	0.0398088 	-0.0602723 	-0.0169488 	8.91687e-13 	-5.74123e-13 	-4.35969e-13 	6.4216e-13 	2.67973e-13 	4.07525e-13 	8.27738e-08 	-5.33092e-08 	6.57803e-09 	3.43398e-08 	-4.23135e-09 	5.28493e-10
0.03      0.03    0.03    0.03    0.03    4.32 	-0.0239014 	0.033849 	-0.0300157 	7.24374e-13 	-1.97715e-13 	1.93871e-13 	2.5654e-13 	-6.97454e-14 	4.70131e-13 	1.13147e-08 	-8.08571e-09 	-1.63001e-08 	5.7837e-09 	1.16415e-08 	2.34908e-08
0.03      0.03    0.03    0.03    0.03    4.41 	-0.0239014 	0.033849 	-0.0300157 	7.24374e-13 	-1.97715e-13 	1.93871e-13 	2.5654e-13 	-6.97454e-14 	4.70131e-13 	1.13147e-08 	-8.08571e-09 	-1.63001e-08 	5.7837e-09 	1.16415e-08 	2.34908e-08
0.03      0.03    0.03    0.03    0.03    4.5 	-0.0239014 	0.033849 	-0.0300157 	7.24374e-13 	-1.97715e-13 	1.93871e-13 	2.5654e-13 	-6.97454e-14 	4.70131e-13 	1.13147e-08 	-8.08571e-09 	-1.63001e-08 	5.7837e-09 	1.16415e-08 	2.34908e-08
0.1      0.1    0.1    0.1    0.1    0 	-0.019173 	-0.00705188 	-0.0218665 	1.87335e-12 	-5.94335e-13 	9.67493e-14 	5.5174e-13 	1.00196e-14 	2.87721e-13 	1.94567e-07 	-1.88337e-07 	2.29402e-07 	1.835e-07 	-2.25345e-07 	2.79593e-07
0.1      0.1    0.1    0.1    0.1    0.09 	-0.019173 	-0.00705188 	-0.0218665 	1.87335e-12 	-5.94335e-13 	9.67493e-14 	5.5174e-13 	1.00196e-14 	2.87721e-13 	1.94567e-07 	-1.88337e-07 	2.29402e-07 	1.835e-07 	-2.25345e-07 	2.79593e-07
0.1      0.1    0.1    0.1    0.1    0.18 	-0.019173 	-0.00705188 	-0.0218665 	1.87335e-12 	-5.94335e-13 	9.67493e-14 	5.5174e-13 	1.00196e-14 	2.87721e-13 	1.94567e-07 	-1.88337e-07 	2.29402e-07 	1.835e-07 	-2.25345e-07 	2.79593e-07
0.1      0.1    0.1    0.1    0.1    0.27 	-0.00835737 	-8.29949e-05 	0.0628762 	6.68451e-13 	-1.21158e-12 	2.78002e-13 	3.15008e-12 	-4.15627e-13 	3.24096e-13 	3.75365e-07 	2.82952e-07 	-9.2321e-08 	2.13797e-07 	-7.0131e-08 	2.34054e-08
0.1      0.1    0.1    0.1    0.1    0.36 	-0.00835737 	-8.29949e-05 	0.0628762 	6.68451e-13 	-1.21158e-12 	2.78002e-13 	3.15008e-12 	-4.15627e-13 	3.24096e-13 	3.75365e-07 	2.82952e-07 	-9.2321e-08 	2.13797e-07 	-7.0131e-08 	2.34054e-08
0.1      0.1    0.1    0.1    0.1    0.45 	0.0727971 	0.0242415 	0.0476553 	1.05072e-12 	-4.96511e-13 	3.49413e-13 	5.39691e-13 	-1.9051e-14 	4.13834e-13 	9.70406e-08 	-2.0506e-07 	-1.70772e-07 	4.33658e-07 	3.6002e-07 	3.06412e-07
0.1      0.1    0.1    0.1    0.1    0.54 	0.0727971 	0.0242415 	0.0476553 	1.05072e-12 	-4.96511e-13 	3.49413e-13 	5.39691e-13 	-1.9051e-14 	4.13834e-13 	9.70406e-08 	-2.0506e-07 	-1.70772e-07 	4.33658e-07 	3.6002e-07 	3.06412e-07
0.1      0.1    0.1    0.1    0.1    0.63 	0.052461 	0.0446462 	-0.0178112 	7.56785e-13 	-1.32471e-13 	3.73985e-13 	3.05733e-13 	-1.76991e-13 	5.14623e-13 	1.85767e-08 	-4.45887e-09 	-4.52624e-08 	1.16104e-09 	9.30494e-09 	1.37337e-07
0.1      0.1    0.1    0.1    0.1    0.72 	0.052461 	0.0446462 	-0.0178112 	7.56785e-13 	-1.32471e-13 	3.73985e-13 	3.05733e-13 	-1.76991e-13 	5.14623e-13 	1.85767e-08 	-4.45887e-09 	-4.52624e-08 	1.16104e-09 	9.30494e-09 	1.37337e-07
0.1      0.1    0.1    0.1    0.1    0.81 	-0.00864715 	-0.0166483 	0.013073 	1.29817e-12 	-2.87658e-13 	4.73327e-13 	3.12777e-13 	-1.26071e-13 	6.07439e-13 	6.25696e-08 	1.03256e-07 	2.218e-08 	1.77975e-07 	3.53248e-08 	8.08113e-09
0.1      0.1    0.1    0.1    0.1    0.9 	-0.00864715 	-0.0166483 	0.013073 	1.29817e-12 	-2.87658e-13 	4.73327e-13 	3.12777e-13 	-1.26071e-13 	6.07439e-13 	6.25696e-08 	1.03256e-07 	2.218e-08 	1.77975e-07 	3.53248e-08 	8.08113e-09
0.1      0.1    0.1    0.1    0.1    0.99 	-0.0187694 	0.0121923 	-0.0184737 	4.13022e-13 	-1.9601e-14 	5.74961e-14 	1.99959e-13 	3.6387e-14 	2.30846e-13 	4.45954e-10 	1.07398e-08 	3.75598e-09 	3.11146e-07 	1.10644e-07 	3.94057e-08
0.1      0.1    0.1    0.1    0.1    1.08 	-0.0187694 	0.0121923 	-0.0184737 	4.13022e-13 	-1.9601e-14 	5.74961e-14 	1.99959e-13 	3.6387e-14 	2.30846e-13 	4.45954e-10 	1.07398e-08 	3.75598e-09 	3.11146e-07 	1.10644e-07 	3.94057e-08
0.1      0.1    0.1    0.1    0.1    1.17 	-0.0187694 	0.0121923 	-0.0184737 	4.13022e-13 	-1.9601e-14 	5.74961e-14 	1.99959e-13 	3.6387e-14 	2.30846e-13 	4.45954e-10 	1.07398e-08 	3.75598e-09 	3.11146e-07 	1.10644e-07 	3.94057e-08
0.1      0.1    0.1    0.1    0.1    1.26 	-0.00309032 	-0.03723 	0.0519973 	7.82589e-13 	-1.57603e-13 	7.74473e-14 	2.20378e-13 	4.57392e-15 	2.83474e-13 	1.71931e-07 	-2.49104e-07 	1.60693e-07 	3.63197e-07 	-2.32402e-07 	1.50284e-07
0.1      0.1    0.1    0.1    0.1    1.35 	-0.00309032 	-0.03723 	0.0519973 	7.82589e-13 	-1.57603e-13 	7.74473e-14 	2.20378e-13 	4.57392e-15 	2.83474e-13 	1.71931e-07 	-2.49104e-07 	1.60693e-07 	3.63197e-07 	-2.32402e-07 	1.50284e-07
0.1      0.1    0.1    0.1    0.1    1.44 	0.0119988 	-0.015193 	-0.0660955 	7.09372e-13 	-1.73726e-13 	-2.13729e-13 	2.89985e-13 	1.26535e-13 	4.85427e-13 	9.78217e-08 	2.59861e-08 	8.734e-08 	7.46841e-09 	2.28195e-08 	7.82403e-08
0.1      0.1    0.1    0.1    0.1    1.53 	0.0119988 	-0.015193 	-0.0660955 	7.09372e-13 	-1.73726e-13 	-2.13729e-13 	2.89985e-13 	1.26535e-13 	4.85427e-13 	9.78217e-08 	2.59861e-08 	8.734e-08 	7.46841e-09 	2.28195e-08 	7.82403e-08
0.1      0.1    0.1    0.1    0.1    1.62 	0.0730307 	0.0159782 	0.0663453 	7.36929e-13 	-1.15937e-13 	1.31623e-13 	3.88411e-13 	2.59556e-14 	1.58941e-13 	5.07052e-07 	-1.74148e-08 	-1.64594e-07 	3.33799e-09 	6.61207e-09 	5.37735e-08
0.1      0.1    0.1    0.1    0.1    1.71 	0.0730307 	0.0159782 	0.0663453 	7.36929e-13 	-1.15937e-13 	1.31623e-13 	3.88411e-13 	2.59556e-14 	1.58941e-13 	5.07052e-07 	-1.74148e-08 	-1.64594e-07 	3.33799e-09 	6.61207e-09 	5.37735e-08
0.1      0.1    0.1    0.1    0.1    1.8 	-0.0791199 	0.00328936 	0.0649279 	9.61878e-13 	-5.21747e-13 	-4.53084e-13 	4.14945e-13 	9.04577e-14 	2.22765e-13 	4.31256e-08 	-1.30348e-08 	-3.57392e-08 	5.9067e-09 	1.82942e-08 	5.81938e-08
0.1      0.1    0.1    0.1    0.1    1.89 	-0.0791199 	0.00328936 	0.0649279 	9.61878e-13 	-5.21747e-13 	-4.53084e-13 	4.14945e-13 	9.04577e-14 	2.22765e-13 	4.31256e-08 	-1.30348e-08 	-3.57392e-08 	5.9067e-09 	1.82942e-08 	5.81938e-08
0.1      0.1    0.1    0.1    0.1    1.98 	-0.0561763 	-0.0148766 	-0.00951765 	1.09227e-12 	-4.12656e-13 	-3.99206e-13 	3.7754e-13 	1.02093e-13 	5.48261e-13 	2.56839e-09 	-1.01718e-08 	-1.04108e-08 	8.32984e-08 	8.18813e-08 	8.06228e-08
0.1      0.1    0.1    0.1    0.1    2.07 	-0.0561763 	-0.0148766 	-0.00951765 	1.09227e-12 	-4.12656e-13 	-3.99206e-13 	3.7754e-13 	1.02093e-13 	5.48261e-13 	2.56839e-09 	-1.01718e-08 	-1.04108e-08 	8.32984e-08 	8.18813e-08 	8.06228e-08
0.1      0.1    0.1    0.1    0.1    2.16 	0.0169753 	-0.0394304 	-0.0099718 	1.01202e-12 	-2.19424e-13 	-7.32578e-14 	3.7844e-13 	5.75284e-14 	3.50857e-13 	2.63179e-08 	2.9142e-08 	-5.83655e-08 	3.28541e-08 	-6.73254e-08 	1.49828e-07
0.1      0.1    0.1    0.1    0.1    2.25 	0.0169753 	-0.0394304 	-0.0099718 	1.01202e-12 	-2.19424e-13 	-7.32578e-14 	3.7844e-13 	5.75284e-14 	3.50857e-13 	2.63179e-08 	2.9142e-08 	-5.83655e-08 	3.28541e-08 	-6.73254e-08 	1.49828e-07
0.1      0.1    0.1    0.1    0.1    2.34 	0.0169753 	-0.0394304 	-0.0099718 	1.01202e-12 	-2.19424e-13 	-7.32578e-14 	3.7844e-13 	5.75284e-14 	3.50857e-13 	2.63179e-08 	2.9142e-08 	-5.83655e-08 	3.28541e-08 	-6.73254e-08 	1.49828e-07
0.1      0.1    0.1    0.1    0.1    2.43 	0.0072577 	0.0215081 	0.0228224 	9.48331e-13 	-4.52445e-13 	6.39651e-14 	7.05238e-13 	-1.04058e-13 	2.42278e-13 	3.52205e-08 	-1.13371e-07 	7.00451e-08 	3.73199e-07 	-2.30096e-07 	1.41894e-07
0.1      0.1    0.1    0.1    0.1    2.52 	0.0072577 	0.0215081 	0.0228224 	9.48331e-13 	-4.52445e-13 	6.39651e-14 	7.05238e-13 	-1.04058e-13 	2.42278e-13 	3.52205e-08 	-1.13371e-07 	7.00451e-08 	3.73199e-07 	-2.30096e-07 	1.41894e-07
0.1      0.1    0.1    0.1    0.1    2.61 	0.0410646 	0.020743 	0.0807588 	7.58206e-13 	-2.46744e-13 	1.32868e-14 	4.00186e-13 	-1.78466e-14 	2.26735e-13 	1.44242e-07 	7.36037e-08 	-2.36421e-08 	4.65377e-08 	-1.45285e-08 	4.56655e-09
0.1      0.1    0.1    0.1    0.1    2.7 	0.0410646 	0.020743 	0.0807588 	7.58206e-13 	-2.46744e-13 	1.32868e-14 	4.00186e-13 	-1.78466e-14 	2.26735e-13 	1.44242e-07 	7.36037e-08 	-2.36421e-08 	4.65377e-08 	-1.45285e-08 	4.56655e-09
0.1      0.1    0.1    0.1    0.1    2.79 	0.00557017 	0.0340901 	0.0677023 	5.26342e-13 	-1.69837e-13 	-4.1491e-14 	2.93678e-13 	-2.5672e-14 	4.0897e-13 	6.82865e-09 	-4.60493e-08 	-5.886e-08 	3.33255e-07 	4.19788e-07 	5.30626e-07
0.1      0.1    0.1    0.1    0.1    2.88 	0.00557017 	0.0340901 	0.0677023 	5.26342e-13 	-1.69837e-13 	-4.1491e-14 	2.93678e-13 	-2.5672e-14 	4.0897e-13 	6.82865e-09 	-4.60493e-08 	-5.886e-08 	3.33255e-07 	4.19788e-07 	5.30626e-07
0.1      0.1    0.1    0.1    0.1    2.97 	-0.0144351 	-0.0173123 	0.0466121 	4.32672e-13 	-1.50134e-13 	-1.07987e-15 	2.73434e-13 	8.59986e-15 	3.15376e-13 	5.31833e-08 	-1.83668e-07 	1.50209e-07 	6.37878e-07 	-5.265e-07 	4.58168e-07
0.1      0.1    0.1    0.1    0.1    3.06 	-0.0144351 	-0.0173123 	0.0466121 	4.32672e-13 	-1.50134e-13 	-1.07987e-15 	2.73434e-13 	8.59986e-15 	3.15376e-13 	5.31833e-08 	-1.83668e-07 	1.50209e-07 	6.37878e-07 	-5.265e-07 	4.58168e-07
0.1      0.1    0.1    0.1    0.1    3.15 	0.0471877 	-0.0904483 	0.0763297 	5.68498e-13 	-1.91267e-13 	1.86083e-14 	2.77997e-13 	-2.26714e-14 	2.51101e-13 	3.41739e-07 	-3.67181e-07 	1.45255e-07 	4.06275e-07 	-1.63503e-07 	6.66452e-08
0.1      0.1    0.1    0.1    0.1    3.24 	0.0471877 	-0.0904483 	0.0763297 	5.68498e-13 	-1.91267e-13 	1.86083e-14 	2.77997e-13 	-2.26714e-14 	2.51101e-13 	3.41739e-07 	-3.67181e-07 	1.45255e-07 	4.06275e-07 	-1.63503e-07 	6.66452e-08
0.1      0.1    0.1    0.1    0.1    3.33 	0.0134656 	-0.0203266 	0.0485371 	1.05e-12 	-5.19614e-13 	3.23185e-13 	6.72065e-13 	-2.64354e-13 	5.49621e-13 	2.91885e-07 	-7.13131e-07 	4.8307e-07 	1.81344e-06 	-1.2457e-06 	8.59737e-07
0.1      0.1    0.1    0.1    0.1    3.42 	0.0134656 	-0.0203266 	0.0485371 	1.05e-12 	-5.19614e-13 	3.23185e-13 	6.72065e-13 	-2.64354e-13 	5.49621e-13 	2.91885e-07 	-7.13131e-07 	4.8307e-07 	1.81344e-06 	-1.2457e-06 	8.59737e-07
0.1      0.1    0.1    0.1    0.1    3.51 	0.0134656 	-0.0203266 	0.0485371 	1.05e-12 	-5.19614e-13 	3.23185e-13 	6.72065e-13 	-2.64354e-13 	5.49621e-13 	2.91885e-07 	-7.13131e-07 	4.8307e-07 	1.81344e-06 	-1.2457e-06 	8.59737e-07
0.1      0.1    0.1    0.1    0.1    3.6 	-0.0402198 	-0.0271989 	-0.00912739 	7.16371e-13 	-4.51718e-13 	1.84959e-13 	5.45494e-13 	-1.95862e-14 	3.96199e-13 	5.46032e-09 	-6.81741e-08 	3.47059e-09 	1.08229e-06 	-8.03915e-08 	8.36e-09
0.1      0.1    0.1    0.1    0.1    3.69 	-0.0402198 	-0.0271989 	-0.00912739 	7.16371e-13 	-4.51718e-13 	1.84959e-13 	5.45494e-13 	-1.95862e-14 	3.96199e-13 	5.46032e-09 	-6.81741e-08 	3.47059e-09 	1.08229e-06 	-8.03915e-08 	8.36e-09
0.1      0.1    0.1    0.1    0.1    3.78 	-0.000145862 	-0.00368519 	0.0377355 	6.28807e-13 	-3.28788e-13 	9.54977e-14 	4.10832e-13 	1.58266e-14 	3.35917e-13 	2.89706e-07 	-2.14308e-07 	-4.78142e-08 	1.61687e-07 	3.76991e-08 	9.61191e-09
0.1      0.1    0.1    0.1    0.1    3.87 	-0.000145862 	-0.00368519 	0.0377355 	6.28807e-13 	-3.28788e-13 	9.54977e-14 	4.10832e-13 	1.58266e-14 	3.35917e-13 	2.89706e-07 	-2.14308e-07 	-4.78142e-08 	1.61687e-07 	3.76991e-08 	9.61191e-09
0.1      0.1    0.1    0.1    0.1    3.96 	-0.0230553 	-0.00276964 	-0.026782 	1.36831e-12 	-2.85092e-13 	-1.87241e-14 	2.92999e-13 	1.02023e-13 	4.56104e-13 	1.53866e-07 	2.17884e-07 	-7.13297e-08 	3.0861e-07 	-1.01195e-07 	3.37981e-08
0.1      0.1    0.1    0.1    0.1    4.05 	-0.0230553 	-0.00276964 	-0.026782 	1.36831e-12 	-2.85092e-13 	-1.87241e-14 	2.92999e-13 	1.02023e-13 	4.56104e-13 	1.53866e-07 	2.17884e-07 	-7.13297e-08 	3.0861e-07 	-1.01195e-07 	3.37981e-08
0.1      0.1    0.1    0.1    0.1    4.14 	0.0384398 	-0.0596678 	-0.0174255 	8.84814e-13 	-5.71162e-13 	-4.35646e-13 	6.41051e-13 	2.69399e-13 	4.09017e-13 	4.35318e-07 	-2.25439e-07 	1.05882e-07 	1.18381e-07 	-5.26108e-08 	2.87853e-08
0.1      0.1    0.1    0.1    0.1    4.23 	0.0384398 	-0.0596678 	-0.0174255 	8.84814e-13 	-5.71162e-13 	-4.35646e-13 	6.41051e-13 	2.69399e-13 	4.09017e-13 	4.35318e-07 	-2.25439e-07 	1.05882e-07 	1.18381e-07 	-5.26108e-08 	2.87853e-08
0.1      0.1    0.1    0.1    0.1    4.32 	-0.023399 	0.0334717 	-0.0305344 	7.29041e-13 	-1.98947e-13 	1.93093e-13 	2.57147e-13 	-6.86987e-14 	4.6797e-13 	5.94964e-08 	-4.48891e-08 	-6.99162e-08 	3.38828e-08 	5.27514e-08 	8.29795e-08
0.1      0.1    0.1    0.1    0.1    4.41 	-0.023399 	0.0334717 	-0.0305344 	7.29041e-13 	-1.98947e-13 	1.93093e-13 	2.57147e-13 	-6.86987e-14 	4.6797e-13 	5.94964e-08 	-4.48891e-08 	-6.99162e-08 	3.38828e-08 	5.27514e-08 	8.29795e-08
0.1      0.1    0.1    0.1    0.1    4.5 	-0.023399 	0.0334717 	-0.0305344 	7.29041e-13 	-1.98947e-13 	1.93093e-13 	2.57147e-13 	-6.86987e-14 	4.6797e-13 	5.94964e-08 	-4.48891e-08 	-6.99162e-08 	3.38828e-08 	5.27514e-08 	8.29795e-08
0.2      0.2    0.2    0.2    0.2    0 	-0.0196457 	-0.00640213 	-0.0232752 	1.87283e-12 	-5.93615e-13 	9.20526e-14 	5.54207e-13 	1.3243e-14 	2.86752e-13 	2.75522e-07 	-3.04522e-07 	4.6675e-07 	3.40394e-07 	-5.30196e-07 	8.46047e-07
0.2      0.2    0.2    0.2    0.2    0.09 	-0.0196457 	-0.00640213 	-0.0232752 	1.87283e-12 	-5.93615e-13 	9.20526e-14 	5.54207e-13 	1.3243e-14 	2.86752e-13 	2.75522e-07 	-3.04522e-07 	4.6675e-07 	3.40394e-07 	-5.30196e-07 	8.46047e-07
0.2      0.2    0.2    0.2    0.2    0.18 	-0.0196457 	-0.00640213 	-0.0232752 	1.87283e-12 	-5.93615e-13 	9.20526e-14 	5.54207e-13 	1.3243e-14 	2.86752e-13 	2.75522e-07 	-3.04522e-07 	4.6675e-07 	3.40394e-07 	-5.30196e-07 	8.46047e-07
0.2      0.2    0.2    0.2    0.2    0.27 	-0.0101242 	-0.000901774 	0.0630272 	6.73428e-13 	-1.19997e-12 	2.66587e-13 	3.20049e-12 	-4.28206e-13 	3.29994e-13 	1.21476e-06 	7.37737e-07 	-1.89912e-07 	4.55441e-07 	-1.19613e-07 	3.23247e-08
0.2      0.2    0.2    0.2    0.2    0.36 	-0.0101242 	-0.000901774 	0.0630272 	6.73428e-13 	-1.19997e-12 	2.66587e-13 	3.20049e-12 	-4.28206e-13 	3.29994e-13 	1.21476e-06 	7.37737e-07 	-1.89912e-07 	4.55441e-07 	-1.19613e-07 	3.23247e-08
0.2      0.2    0.2    0.2    0.2    0.45 	0.0722281 	0.0247925 	0.0493035 	1.0453e-12 	-5.00999e-13 	3.36633e-13 	5.57056e-13 	-2.05527e-14 	4.11655e-13 	1.93361e-07 	-3.3133e-07 	-4.40884e-07 	5.84911e-07 	7.37074e-07 	1.02888e-06
0.2      0.2    0.2    0.2    0.2    0.54 	0.0722281 	0.0247925 	0.0493035 	1.0453e-12 	-5.00999e-13 	3.36633e-13 	5.57056e-13 	-2.05527e-14 	4.11655e-13 	1.93361e-07 	-3.3133e-07 	-4.40884e-07 	5.84911e-07 	7.37074e-07 	1.02888e-06
0.2      0.2    0.2    0.2    0.2    0.63 	0.0520674 	0.044874 	-0.0189411 	7.56472e-13 	-1.32183e-13 	3.74343e-13 	3.03473e-13 	-1.74529e-13 	5.15096e-13 	1.81703e-08 	-8.58181e-09 	2.20491e-08 	5.84464e-09 	-3.88795e-08 	4.79346e-07
0.2      0.2    0.2    0.2    0.2    0.72 	0.0520674 	0.044874 	-0.0189411 	7.56472e-13 	-1.32183e-13 	3.74343e-13 	3.03473e-13 	-1.74529e-13 	5.15096e-13 	1.81703e-08 	-8.58181e-09 	2.20491e-08 	5.84464e-09 	-3.88795e-08 	4.79346e-07
0.2      0.2    0.2    0.2    0.2    0.81 	-0.00841981 	-0.015412 	0.0128674 	1.3134e-12 	-2.87424e-13 	4.8169e-13 	3.11348e-13 	-1.24422e-13 	6.07227e-13 	8.53653e-08 	2.18294e-07 	8.76317e-09 	6.16389e-07 	5.36995e-09 	6.05397e-09
0.2      0.2    0.2    0.2    0.2    0.9 	-0.00841981 	-0.015412 	0.0128674 	1.3134e-12 	-2.87424e-13 	4.8169e-13 	3.11348e-13 	-1.24422e-13 	6.07227e-13 	8.53653e-08 	2.18294e-07 	8.76317e-09 	6.16389e-07 	5.36995e-09 	6.05397e-09
0.2      0.2    0.2    0.2    0.2    0.99 	-0.0186176 	0.0108395 	-0.0191107 	4.11453e-13 	-1.83704e-14 	5.75641e-14 	1.99844e-13 	3.67542e-14 	2.29827e-13 	2.07838e-09 	-2.59958e-08 	-1.15781e-08 	8.6164e-07 	3.49994e-07 	1.42972e-07
0.2      0.2    0.2    0.2    0.2    1.08 	-0.0186176 	0.0108395 	-0.0191107 	4.11453e-13 	-1.83704e-14 	5.75641e-14 	1.99844e-13 	3.67542e-14 	2.29827e-13 	2.07838e-09 	-2.59958e-08 	-1.15781e-08 	8.6164e-07 	3.49994e-07 	1.42972e-07
0.2      0.2    0.2    0.2    0.2    1.17 	-0.0186176 	0.0108395 	-0.0191107 	4.11453e-13 	-1.83704e-14 	5.75641e-14 	1.99844e-13 	3.67542e-14 	2.29827e-13 	2.07838e-09 	-2.59958e-08 	-1.15781e-08 	8.6164e-07 	3.49994e-07 	1.42972e-07
0.2      0.2    0.2    0.2    0.2    1.26 	-0.00366897 	-0.0360993 	0.0514262 	7.86121e-13 	-1.59078e-13 	7.62132e-14 	2.20987e-13 	5.3855e-15 	2.85817e-13 	3.06151e-07 	-5.02813e-07 	2.86066e-07 	8.32287e-07 	-4.69817e-07 	2.67401e-07
0.2      0.2    0.2    0.2    0.2    1.35 	-0.00366897 	-0.0360993 	0.0514262 	7.86121e-13 	-1.59078e-13 	7.62132e-14 	2.20987e-13 	5.3855e-15 	2.85817e-13 	3.06151e-07 	-5.02813e-07 	2.86066e-07 	8.32287e-07 	-4.69817e-07 	2.67401e-07
0.2      0.2    0.2    0.2    0.2    1.44 	0.0124433 	-0.0148178 	-0.0658973 	7.11657e-13 	-1.75344e-13 	-2.13854e-13 	2.91715e-13 	1.26907e-13 	4.86421e-13 	1.72814e-07 	8.0323e-08 	1.28831e-07 	4.1216e-08 	5.69703e-08 	9.82267e-08
0.2      0.2    0.2    0.2    0.2    1.53 	0.0124433 	-0.0148178 	-0.0658973 	7.11657e-13 	-1.75344e-13 	-2.13854e-13 	2.91715e-13 	1.26907e-13 	4.86421e-13 	1.72814e-07 	8.0323e-08 	1.28831e-07 	4.1216e-08 	5.69703e-08 	9.82267e-08
0.2      0.2    0.2    0.2    0.2    1.62 	0.0716462 	0.0155546 	0.0665711 	7.40237e-13 	-1.15238e-13 	1.30154e-13 	3.90028e-13 	2.57306e-14 	1.58675e-13 	1.15189e-06 	1.32465e-07 	-2.9556e-07 	2.60528e-08 	-2.91179e-08 	7.80528e-08
0.2      0.2    0.2    0.2    0.2    1.71 	0.0716462 	0.0155546 	0.0665711 	7.40237e-13 	-1.15238e-13 	1.30154e-13 	3.90028e-13 	2.57306e-14 	1.58675e-13 	1.15189e-06 	1.32465e-07 	-2.9556e-07 	2.60528e-08 	-2.91179e-08 	7.80528e-08
0.2      0.2    0.2    0.2    0.2    1.8 	-0.0777661 	0.00320608 	0.0653571 	9.62727e-13 	-5.21181e-13 	-4.47412e-13 	4.15725e-13 	9.01725e-14 	2.25171e-13 	4.22149e-07 	-5.23378e-08 	-4.87765e-09 	8.5049e-09 	9.32231e-09 	3.84592e-08
0.2      0.2    0.2    0.2    0.2    1.89 	-0.0777661 	0.00320608 	0.0653571 	9.62727e-13 	-5.21181e-13 	-4.47412e-13 	4.15725e-13 	9.01725e-14 	2.25171e-13 	4.22149e-07 	-5.23378e-08 	-4.87765e-09 	8.5049e-09 	9.32231e-09 	3.84592e-08
0.2      0.2    0.2    0.2    0.2    1.98 	-0.0558536 	-0.0151914 	-0.0100091 	1.10664e-12 	-4.17661e-13 	-4.09368e-13 	3.81131e-13 	1.05272e-13 	5.54658e-13 	2.42278e-08 	-4.88782e-08 	-5.81358e-08 	1.30473e-07 	1.46321e-07 	1.6604e-07
0.2      0.2    0.2    0.2    0.2    2.07 	-0.0558536 	-0.0151914 	-0.0100091 	1.10664e-12 	-4.17661e-13 	-4.09368e-13 	3.81131e-13 	1.05272e-13 	5.54658e-13 	2.42278e-08 	-4.88782e-08 	-5.81358e-08 	1.30473e-07 	1.46321e-07 	1.6604e-07
0.2      0.2    0.2    0.2    0.2    2.16 	0.0177131 	-0.0394372 	-0.00907917 	1.02919e-12 	-2.18594e-13 	-7.47646e-14 	3.77103e-13 	5.7808e-14 	3.50901e-13 	5.00025e-08 	3.93277e-09 	5.7334e-08 	2.60153e-08 	-8.59208e-08 	3.92462e-07
0.2      0.2    0.2    0.2    0.2    2.25 	0.0177131 	-0.0394372 	-0.00907917 	1.02919e-12 	-2.18594e-13 	-7.47646e-14 	3.77103e-13 	5.7808e-14 	3.50901e-13 	5.00025e-08 	3.93277e-09 	5.7334e-08 	2.60153e-08 	-8.59208e-08 	3.92462e-07
0.2      0.2    0.2    0.2    0.2    2.34 	0.0177131 	-0.0394372 	-0.00907917 	1.02919e-12 	-2.18594e-13 	-7.47646e-14 	3.77103e-13 	5.7808e-14 	3.50901e-13 	5.00025e-08 	3.93277e-09 	5.7334e-08 	2.60153e-08 	-8.59208e-08 	3.92462e-07
0.2      0.2    0.2    0.2    0.2    2.43 	0.00755724 	0.0210951 	0.0231388 	9.51368e-13 	-4.51954e-13 	6.31484e-14 	7.01085e-13 	-1.04661e-13 	2.41698e-13 	7.36831e-08 	-1.78599e-07 	1.15908e-07 	4.5442e-07 	-2.92238e-07 	1.88266e-07
0.2      0.2    0.2    0.2    0.2    2.52 	0.00755724 	0.0210951 	0.0231388 	9.51368e-13 	-4.51954e-13 	6.31484e-14 	7.01085e-13 	-1.04661e-13 	2.41698e-13 	7.36831e-08 	-1.78599e-07 	1.15908e-07 	4.5442e-07 	-2.92238e-07 	1.88266e-07
0.2      0.2    0.2    0.2    0.2    2.61 	0.0393231 	0.0208465 	0.0807244 	7.54332e-13 	-2.4757e-13 	1.01609e-14 	4.00065e-13 	-1.73103e-14 	2.27201e-13 	8.34214e-07 	1.06742e-07 	-3.36136e-08 	3.36778e-08 	-1.05409e-08 	3.3153e-09
0.2      0.2    0.2    0.2    0.2    2.7 	0.0393231 	0.0208465 	0.0807244 	7.54332e-13 	-2.4757e-13 	1.01609e-14 	4.00065e-13 	-1.73103e-14 	2.27201e-13 	8.34214e-07 	1.06742e-07 	-3.36136e-08 	3.36778e-08 	-1.05409e-08 	3.3153e-09
0.2      0.2    0.2    0.2    0.2    2.79 	0.00600368 	0.0334268 	0.0666756 	5.26329e-13 	-1.70248e-13 	-4.46109e-14 	2.92984e-13 	-2.45228e-14 	4.07412e-13 	4.46267e-08 	-1.35722e-07 	-1.902e-07 	4.91182e-07 	6.7054e-07 	9.19442e-07
0.2      0.2    0.2    0.2    0.2    2.88 	0.00600368 	0.0334268 	0.0666756 	5.26329e-13 	-1.70248e-13 	-4.46109e-14 	2.92984e-13 	-2.45228e-14 	4.07412e-13 	4.46267e-08 	-1.35722e-07 	-1.902e-07 	4.91182e-07 	6.7054e-07 	9.19442e-07
0.2      0.2    0.2    0.2    0.2    2.97 	-0.0146896 	-0.0180669 	0.0479563 	4.31285e-13 	-1.48832e-13 	-2.22548e-15 	2.72601e-13 	1.04685e-14 	3.13828e-13 	3.37312e-08 	-1.25697e-07 	1.15361e-07 	7.94871e-07 	-8.97106e-07 	1.07842e-06
0.2      0.2    0.2    0.2    0.2    3.06 	-0.0146896 	-0.0180669 	0.0479563 	4.31285e-13 	-1.48832e-13 	-2.22548e-15 	2.72601e-13 	1.04685e-14 	3.13828e-13 	3.37312e-08 	-1.25697e-07 	1.15361e-07 	7.94871e-07 	-8.97106e-07 	1.07842e-06
0.2      0.2    0.2    0.2    0.2    3.15 	0.0459747 	-0.0886346 	0.074944 	5.6696e-13 	-1.84863e-13 	1.39037e-14 	2.71156e-13 	-1.81771e-14 	2.51294e-13 	7.79872e-07 	-1.03175e-06 	5.84521e-07 	1.38511e-06 	-7.96806e-07 	4.70582e-07
0.2      0.2    0.2    0.2    0.2    3.24 	0.0459747 	-0.0886346 	0.074944 	5.6696e-13 	-1.84863e-13 	1.39037e-14 	2.71156e-13 	-1.81771e-14 	2.51294e-13 	7.79872e-07 	-1.03175e-06 	5.84521e-07 	1.38511e-06 	-7.96806e-07 	4.70582e-07
0.2      0.2    0.2    0.2    0.2    3.33 	0.014114 	-0.0189438 	0.0469103 	1.05047e-12 	-5.17039e-13 	3.24312e-13 	6.65273e-13 	-2.62328e-13 	5.51371e-13 	1.77846e-07 	-4.57027e-07 	3.15348e-07 	2.62184e-06 	-2.13253e-06 	1.76693e-06
0.2      0.2    0.2    0.2    0.2    3.42 	0.014114 	-0.0189438 	0.0469103 	1.05047e-12 	-5.17039e-13 	3.24312e-13 	6.65273e-13 	-2.62328e-13 	5.51371e-13 	1.77846e-07 	-4.57027e-07 	3.15348e-07 	2.62184e-06 	-2.13253e-06 	1.76693e-06
0.2      0.2    0.2    0.2    0.2    3.51 	0.014114 	-0.0189438 	0.0469103 	1.05047e-12 	-5.17039e-13 	3.24312e-13 	6.65273e-13 	-2.62328e-13 	5.51371e-13 	1.77846e-07 	-4.57027e-07 	3.15348e-07 	2.62184e-06 	-2.13253e-06 	1.76693e-06
0.2      0.2    0.2    0.2    0.2    3.6 	-0.0401846 	-0.0286538 	-0.00949396 	7.17391e-13 	-4.56657e-13 	1.83892e-13 	5.55464e-13 	-1.85849e-14 	3.95635e-13 	1.01998e-08 	-1.3248e-07 	-4.92965e-09 	1.89474e-06 	6.49626e-08 	1.55671e-08
0.2      0.2    0.2    0.2    0.2    3.69 	-0.0401846 	-0.0286538 	-0.00949396 	7.17391e-13 	-4.56657e-13 	1.83892e-13 	5.55464e-13 	-1.85849e-14 	3.95635e-13 	1.01998e-08 	-1.3248e-07 	-4.92965e-09 	1.89474e-06 	6.49626e-08 	1.55671e-08
0.2      0.2    0.2    0.2    0.2    3.78 	-0.00132955 	-0.00307191 	0.037738 	6.26035e-13 	-3.26401e-13 	9.72017e-14 	4.07323e-13 	1.50271e-14 	3.3491e-13 	7.41608e-07 	-4.50475e-07 	-5.07151e-08 	2.78571e-07 	3.44329e-08 	6.13241e-09
0.2      0.2    0.2    0.2    0.2    3.87 	-0.00132955 	-0.00307191 	0.037738 	6.26035e-13 	-3.26401e-13 	9.72017e-14 	4.07323e-13 	1.50271e-14 	3.3491e-13 	7.41608e-07 	-4.50475e-07 	-5.07151e-08 	2.78571e-07 	3.44329e-08 	6.13241e-09
0.2      0.2    0.2    0.2    0.2    3.96 	-0.0236709 	-0.00354454 	-0.0263154 	1.36153e-12 	-2.8581e-13 	-2.31009e-14 	2.93371e-13 	1.02632e-13 	4.56669e-13 	2.9333e-07 	4.0376e-07 	-1.70768e-07 	5.56181e-07 	-2.34392e-07 	1.01584e-07
0.2      0.2    0.2    0.2    0.2    4.05 	-0.0236709 	-0.00354454 	-0.0263154 	1.36153e-12 	-2.8581e-13 	-2.31009e-14 	2.93371e-13 	1.02632e-13 	4.56669e-13 	2.9333e-07 	4.0376e-07 	-1.70768e-07 	5.56181e-07 	-2.34392e-07 	1.01584e-07
0.2      0.2    0.2    0.2    0.2    4.14 	0.0373508 	-0.0595923 	-0.0185035 	8.75221e-13 	-5.66892e-13 	-4.3501e-13 	6.39495e-13 	2.71232e-13 	4.11118e-13 	8.58082e-07 	-2.9952e-07 	4.36678e-07 	1.16679e-07 	-1.3294e-07 	2.53678e-07
0.2      0.2    0.2    0.2    0.2    4.23 	0.0373508 	-0.0595923 	-0.0185035 	8.75221e-13 	-5.66892e-13 	-4.3501e-13 	6.39495e-13 	2.71232e-13 	4.11118e-13 	8.58082e-07 	-2.9952e-07 	4.36678e-07 	1.16679e-07 	-1.3294e-07 	2.53678e-07
0.2      0.2    0.2    0.2    0.2    4.32 	-0.0231171 	0.0333481 	-0.0307357 	7.3596e-13 	-2.00753e-13 	1.91865e-13 	2.58169e-13 	-6.71651e-14 	4.65005e-13 	9.89128e-08 	-6.74452e-08 	-9.81147e-08 	4.63911e-08 	6.76073e-08 	9.92916e-08
0.2      0.2    0.2    0.2    0.2    4.41 	-0.0231171 	0.0333481 	-0.0307357 	7.3596e-13 	-2.00753e-13 	1.91865e-13 	2.58169e-13 	-6.71651e-14 	4.65005e-13 	9.89128e-08 	-6.74452e-08 	-9.81147e-08 	4.63911e-08 	6.76073e-08 	9.92916e-08
0.2      0.2    0.2    0.2    0.2    4.5 	-0.0231171 	0.0333481 	-0.0307357 	7.3596e-13 	-2.00753e-13 	1.91865e-13 	2.58169e-13 	-6.71651e-14 	4.65005e-13 	9.89128e-08 	-6.74452e-08 	-9.81147e-08 	4.63911e-08 	6.76073e-08 	9.92916e-08
0.3      0.3    0.3    0.3    0.3    0 	-0.0199716 	-0.00598655 	-0.024508 	1.87255e-12 	-5.92845e-13 	8.75488e-14 	5.56578e-13 	1.63828e-14 	2.85846e-13 	3.24777e-07 	-3.79884e-07 	6.89602e-07 	4.48644e-07 	-8.279e-07 	1.58274e-06
0.3      0.3    0.3    0.3    0.3    0.09 	-0.0199716 	-0.00598655 	-0.024508 	1.87255e-12 	-5.92845e-13 	8.75488e-14 	5.56578e-13 	1.63828e-14 	2.85846e-13 	3.24777e-07 	-3.79884e-07 	6.89602e-07 	4.48644e-07 	-8.279e-07 	1.58274e-06
0.3      0.3    0.3    0.3    0.3    0.18 	-0.0199716 	-0.00598655 	-0.024508 	1.87255e-12 	-5.92845e-13 	8.75488e-14 	5.56578e-13 	1.63828e-14 	2.85846e-13 	3.24777e-07 	-3.79884e-07 	6.89602e-07 	4.48644e-07 	-8.279e-07 	1.58274e-06
0.3      0.3    0.3    0.3    0.3    0.27 	-0.011783 	-0.00146614 	0.063104 	6.81033e-13 	-1.1887e-12 	2.54854e-13 	3.24813e-12 	-4.3999e-13 	3.36563e-13 	2.44957e-06 	1.24312e-06 	-2.75362e-07 	6.49024e-07 	-1.48337e-07 	3.52096e-08
0.3      0.3    0.3    0.3    0.3    0.36 	-0.011783 	-0.00146614 	0.063104 	6.81033e-13 	-1.1887e-12 	2.54854e-13 	3.24813e-12 	-4.3999e-13 	3.36563e-13 	2.44957e-06 	1.24312e-06 	-2.75362e-07 	6.49024e-07 	-1.48337e-07 	3.52096e-08
0.3      0.3    0.3    0.3    0.3    0.45 	0.0716574 	0.024933 	0.0508701 	1.0404e-12 	-5.05294e-13 	3.2397e-13 	5.74765e-13 	-2.21699e-14 	4.09528e-13 	3.2719e-07 	-4.05772e-07 	-8.262e-07 	5.67031e-07 	9.87359e-07 	2.11483e-06
0.3      0.3    0.3    0.3    0.3    0.54 	0.0716574 	0.024933 	0.0508701 	1.0404e-12 	-5.05294e-13 	3.2397e-13 	5.74765e-13 	-2.21699e-14 	4.09528e-13 	3.2719e-07 	-4.05772e-07 	-8.262e-07 	5.67031e-07 	9.87359e-07 	2.11483e-06
0.3      0.3    0.3    0.3    0.3    0.63 	0.0514696 	0.0451554 	-0.019996 	7.56308e-13 	-1.31927e-13 	3.74682e-13 	3.0126e-13 	-1.72063e-13 	5.15541e-13 	9.26535e-08 	-5.07263e-08 	2.43458e-07 	2.91407e-08 	-1.54892e-07 	9.83062e-07
0.3      0.3    0.3    0.3    0.3    0.72 	0.0514696 	0.0451554 	-0.019996 	7.56308e-13 	-1.31927e-13 	3.74682e-13 	3.0126e-13 	-1.72063e-13 	5.15541e-13 	9.26535e-08 	-5.07263e-08 	2.43458e-07 	2.91407e-08 	-1.54892e-07 	9.83062e-07
0.3      0.3    0.3    0.3    0.3    0.81 	-0.00832899 	-0.0143845 	0.0124723 	1.32856e-12 	-2.86956e-13 	4.90008e-13 	3.09826e-13 	-1.22725e-13 	6.06861e-13 	8.74796e-08 	2.9595e-07 	-2.13961e-08 	1.16078e-06 	-1.35744e-07 	3.12012e-08
0.3      0.3    0.3    0.3    0.3    0.9 	-0.00832899 	-0.0143845 	0.0124723 	1.32856e-12 	-2.86956e-13 	4.90008e-13 	3.09826e-13 	-1.22725e-13 	6.06861e-13 	8.74796e-08 	2.9595e-07 	-2.13961e-08 	1.16078e-06 	-1.35744e-07 	3.12012e-08
0.3      0.3    0.3    0.3    0.3    0.99 	-0.0183714 	0.00971881 	-0.0197087 	4.09913e-13 	-1.72003e-14 	5.76289e-14 	1.9979e-13 	3.71501e-14 	2.2889e-13 	1.55851e-08 	-1.30753e-07 	-6.14432e-08 	1.50437e-06 	6.71922e-07 	3.02316e-07
0.3      0.3    0.3    0.3    0.3    1.08 	-0.0183714 	0.00971881 	-0.0197087 	4.09913e-13 	-1.72003e-14 	5.76289e-14 	1.9979e-13 	3.71501e-14 	2.2889e-13 	1.55851e-08 	-1.30753e-07 	-6.14432e-08 	1.50437e-06 	6.71922e-07 	3.02316e-07
0.3      0.3    0.3    0.3    0.3    1.17 	-0.0183714 	0.00971881 	-0.0197087 	4.09913e-13 	-1.72003e-14 	5.76289e-14 	1.9979e-13 	3.71501e-14 	2.2889e-13 	1.55851e-08 	-1.30753e-07 	-6.14432e-08 	1.50437e-06 	6.71922e-07 	3.02316e-07
0.3      0.3    0.3    0.3    0.3    1.26 	-0.00396406 	-0.0353831 	0.0510075 	7.89594e-13 	-1.60646e-13 	7.50115e-14 	2.21678e-13 	6.133e-15 	2.88159e-13 	3.72501e-07 	-6.58817e-07 	3.66123e-07 	1.17738e-06 	-6.50792e-07 	3.61364e-07
0.3      0.3    0.3    0.3    0.3    1.35 	-0.00396406 	-0.0353831 	0.0510075 	7.89594e-13 	-1.60646e-13 	7.50115e-14 	2.21678e-13 	6.133e-15 	2.88159e-13 	3.72501e-07 	-6.58817e-07 	3.66123e-07 	1.17738e-06 	-6.50792e-07 	3.61364e-07
0.3      0.3    0.3    0.3    0.3    1.44 	0.0127297 	-0.0144838 	-0.0658963 	7.13923e-13 	-1.77015e-13 	-2.13883e-13 	2.93492e-13 	1.2726e-13 	4.87322e-13 	2.22647e-07 	1.37929e-07 	1.34641e-07 	9.4093e-08 	7.58598e-08 	8.8104e-08
0.3      0.3    0.3    0.3    0.3    1.53 	0.0127297 	-0.0144838 	-0.0658963 	7.13923e-13 	-1.77015e-13 	-2.13883e-13 	2.93492e-13 	1.2726e-13 	4.87322e-13 	2.22647e-07 	1.37929e-07 	1.34641e-07 	9.4093e-08 	7.58598e-08 	8.8104e-08
0.3      0.3    0.3    0.3    0.3    1.62 	0.0706647 	0.0150758 	0.066606 	7.43555e-13 	-1.14502e-13 	1.28684e-13 	3.91741e-13 	2.5543e-14 	1.58409e-13 	1.73156e-06 	3.69899e-07 	-3.50428e-07 	1.00769e-07 	-6.35372e-08 	7.68865e-08
0.3      0.3    0.3    0.3    0.3    1.71 	0.0706647 	0.0150758 	0.066606 	7.43555e-13 	-1.14502e-13 	1.28684e-13 	3.91741e-13 	2.5543e-14 	1.58409e-13 	1.73156e-06 	3.69899e-07 	-3.50428e-07 	1.00769e-07 	-6.35372e-08 	7.68865e-08
0.3      0.3    0.3    0.3    0.3    1.8 	-0.0763902 	0.0030988 	0.0661573 	9.63663e-13 	-5.20587e-13 	-4.41644e-13 	4.1657e-13 	8.99316e-14 	2.27598e-13 	1.1734e-06 	-1.10107e-07 	3.00243e-07 	1.20148e-08 	-1.92875e-08 	1.32371e-07
0.3      0.3    0.3    0.3    0.3    1.89 	-0.0763902 	0.0030988 	0.0661573 	9.63663e-13 	-5.20587e-13 	-4.41644e-13 	4.1657e-13 	8.99316e-14 	2.27598e-13 	1.1734e-06 	-1.10107e-07 	3.00243e-07 	1.20148e-08 	-1.92875e-08 	1.32371e-07
0.3      0.3    0.3    0.3    0.3    1.98 	-0.0554773 	-0.01524 	-0.0103238 	1.12105e-12 	-4.22579e-13 	-4.19467e-13 	3.84504e-13 	1.08406e-13 	5.60997e-13 	7.20316e-08 	-8.16423e-08 	-1.20233e-07 	1.3257e-07 	1.71153e-07 	2.31202e-07
0.3      0.3    0.3    0.3    0.3    2.07 	-0.0554773 	-0.01524 	-0.0103238 	1.12105e-12 	-4.22579e-13 	-4.19467e-13 	3.84504e-13 	1.08406e-13 	5.60997e-13 	7.20316e-08 	-8.16423e-08 	-1.20233e-07 	1.3257e-07 	1.71153e-07 	2.31202e-07
0.3      0.3    0.3    0.3    0.3    2.16 	0.0189398 	-0.0393519 	-0.00837194 	1.04627e-12 	-2.17635e-13 	-7.63147e-14 	3.75817e-13 	5.80525e-14 	3.51009e-13 	3.64409e-07 	-7.38928e-09 	3.96984e-07 	1.81424e-08 	-7.06815e-08 	6.63539e-07
0.3      0.3    0.3    0.3    0.3    2.25 	0.0189398 	-0.0393519 	-0.00837194 	1.04627e-12 	-2.17635e-13 	-7.63147e-14 	3.75817e-13 	5.80525e-14 	3.51009e-13 	3.64409e-07 	-7.38928e-09 	3.96984e-07 	1.81424e-08 	-7.06815e-08 	6.63539e-07
0.3      0.3    0.3    0.3    0.3    2.34 	0.0189398 	-0.0393519 	-0.00837194 	1.04627e-12 	-2.17635e-13 	-7.63147e-14 	3.75817e-13 	5.80525e-14 	3.51009e-13 	3.64409e-07 	-7.38928e-09 	3.96984e-07 	1.81424e-08 	-7.06815e-08 	6.63539e-07
0.3      0.3    0.3    0.3    0.3    2.43 	0.0076284 	0.0210589 	0.0232029 	9.54513e-13 	-4.51466e-13 	6.20642e-14 	6.96739e-13 	-1.05122e-13 	2.41164e-13 	8.47783e-08 	-1.80443e-07 	1.21878e-07 	4.08801e-07 	-2.71665e-07 	1.8133e-07
0.3      0.3    0.3    0.3    0.3    2.52 	0.0076284 	0.0210589 	0.0232029 	9.54513e-13 	-4.51466e-13 	6.20642e-14 	6.96739e-13 	-1.05122e-13 	2.41164e-13 	8.47783e-08 	-1.80443e-07 	1.21878e-07 	4.08801e-07 	-2.71665e-07 	1.8133e-07
0.3      0.3    0.3    0.3    0.3    2.61 	0.0375324 	0.0211297 	0.0806664 	7.50492e-13 	-2.48318e-13 	7.20966e-15 	3.99918e-13 	-1.67776e-14 	2.27611e-13 	2.11546e-06 	-1.19741e-08 	-5.6695e-09 	2.79621e-08 	-8.13671e-09 	2.43405e-09
0.3      0.3    0.3    0.3    0.3    2.7 	0.0375324 	0.0211297 	0.0806664 	7.50492e-13 	-2.48318e-13 	7.20966e-15 	3.99918e-13 	-1.67776e-14 	2.27611e-13 	2.11546e-06 	-1.19741e-08 	-5.6695e-09 	2.79621e-08 	-8.13671e-09 	2.43405e-09
0.3      0.3    0.3    0.3    0.3    2.79 	0.00647906 	0.0329844 	0.06596 	5.26253e-13 	-1.7061e-13 	-4.76381e-14 	2.92214e-13 	-2.34388e-14 	4.0586e-13 	1.28914e-07 	-2.51384e-07 	-3.67944e-07 	5.9186e-07 	8.42764e-07 	1.20535e-06
0.3      0.3    0.3    0.3    0.3    2.88 	0.00647906 	0.0329844 	0.06596 	5.26253e-13 	-1.7061e-13 	-4.76381e-14 	2.92214e-13 	-2.34388e-14 	4.0586e-13 	1.28914e-07 	-2.51384e-07 	-3.67944e-07 	5.9186e-07 	8.42764e-07 	1.20535e-06
0.3      0.3    0.3    0.3    0.3    2.97 	-0.015214 	-0.0185745 	0.0488531 	4.29893e-13 	-1.47545e-13 	-3.37236e-15 	2.71699e-13 	1.2285e-14 	3.12293e-13 	5.89355e-08 	2.55183e-08 	-9.26969e-08 	8.99884e-07 	-1.16799e-06 	1.59722e-06
0.3      0.3    0.3    0.3    0.3    3.06 	-0.015214 	-0.0185745 	0.0488531 	4.29893e-13 	-1.47545e-13 	-3.37236e-15 	2.71699e-13 	1.2285e-14 	3.12293e-13 	5.89355e-08 	2.55183e-08 	-9.26969e-08 	8.99884e-07 	-1.16799e-06 	1.59722e-06
0.3      0.3    0.3    0.3    0.3    3.15 	0.044819 	-0.0871702 	0.0734313 	5.65562e-13 	-1.78749e-13 	9.42407e-15 	2.65006e-13 	-1.38947e-14 	2.51719e-13 	1.36382e-06 	-1.84819e-06 	1.31051e-06 	2.51941e-06 	-1.79634e-06 	1.32037e-06
0.3      0.3    0.3    0.3    0.3    3.24 	0.044819 	-0.0871702 	0.0734313 	5.65562e-13 	-1.78749e-13 	9.42407e-15 	2.65006e-13 	-1.38947e-14 	2.51719e-13 	1.36382e-06 	-1.84819e-06 	1.31051e-06 	2.51941e-06 	-1.79634e-06 	1.32037e-06
0.3      0.3    0.3    0.3    0.3    3.33 	0.0152715 	-0.0182927 	0.0457252 	1.05036e-12 	-5.14129e-13 	3.25288e-13 	6.58211e-13 	-2.60117e-13 	5.52757e-13 	3.2088e-07 	1.37378e-07 	-2.99719e-07 	2.83939e-06 	-2.65192e-06 	2.57044e-06
0.3      0.3    0.3    0.3    0.3    3.42 	0.0152715 	-0.0182927 	0.0457252 	1.05036e-12 	-5.14129e-13 	3.25288e-13 	6.58211e-13 	-2.60117e-13 	5.52757e-13 	3.2088e-07 	1.37378e-07 	-2.99719e-07 	2.83939e-06 	-2.65192e-06 	2.57044e-06
0.3      0.3    0.3    0.3    0.3    3.51 	0.0152715 	-0.0182927 	0.0457252 	1.05036e-12 	-5.14129e-13 	3.25288e-13 	6.58211e-13 	-2.60117e-13 	5.52757e-13 	3.2088e-07 	1.37378e-07 	-2.99719e-07 	2.83939e-06 	-2.65192e-06 	2.57044e-06
0.3      0.3    0.3    0.3    0.3    3.6 	-0.0404073 	-0.0294894 	-0.0100384 	7.1898e-13 	-4.61855e-13 	1.8261e-13 	5.6588e-13 	-1.7487e-14 	3.951e-13 	8.42461e-09 	-7.03477e-08 	3.3592e-09 	2.36746e-06 	3.23053e-07 	8.45346e-08
0.3      0.3    0.3    0.3    0.3    3.69 	-0.0404073 	-0.0294894 	-0.0100384 	7.1898e-13 	-4.61855e-13 	1.8261e-13 	5.6588e-13 	-1.7487e-14 	3.951e-13 	8.42461e-09 	-7.03477e-08 	3.3592e-09 	2.36746e-06 	3.23053e-07 	8.45346e-08
0.3      0.3    0.3    0.3    0.3    3.78 	-0.00219306 	-0.00258802 	0.0378043 	6.23362e-13 	-3.24053e-13 	9.88969e-14 	4.03881e-13 	1.42616e-14 	3.33814e-13 	1.1818e-06 	-6.83744e-07 	-6.29958e-08 	3.9959e-07 	3.92384e-08 	5.35901e-09
0.3      0.3    0.3    0.3    0.3    3.87 	-0.00219306 	-0.00258802 	0.0378043 	6.23362e-13 	-3.24053e-13 	9.88969e-14 	4.03881e-13 	1.42616e-14 	3.33814e-13 	1.1818e-06 	-6.83744e-07 	-6.29958e-08 	3.9959e-07 	3.92384e-08 	5.35901e-09
0.3      0.3    0.3    0.3    0.3    3.96 	-0.0240959 	-0.00393799 	-0.0259561 	1.35418e-12 	-2.86561e-13 	-2.76195e-14 	2.9375e-13 	1.03292e-13 	4.57176e-13 	3.98853e-07 	5.17363e-07 	-2.60702e-07 	6.74266e-07 	-3.35351e-07 	1.73888e-07
0.3      0.3    0.3    0.3    0.3    4.05 	-0.0240959 	-0.00393799 	-0.0259561 	1.35418e-12 	-2.86561e-13 	-2.76195e-14 	2.9375e-13 	1.03292e-13 	4.57176e-13 	3.98853e-07 	5.17363e-07 	-2.60702e-07 	6.74266e-07 	-3.35351e-07 	1.73888e-07
0.3      0.3    0.3    0.3    0.3    4.14 	0.0366122 	-0.0597492 	-0.0197845 	8.65653e-13 	-5.62404e-13 	-4.34031e-13 	6.37733e-13 	2.72777e-13 	4.13085e-13 	1.18978e-06 	-2.57049e-07 	9.15436e-07 	8.46123e-08 	-1.43027e-07 	8.08663e-07
0.3      0.3    0.3    0.3    0.3    4.23 	0.0366122 	-0.0597492 	-0.0197845 	8.65653e-13 	-5.62404e-13 	-4.34031e-13 	6.37733e-13 	2.72777e-13 	4.13085e-13 	1.18978e-06 	-2.57049e-07 	9.15436e-07 	8.46123e-08 	-1.43027e-07 	8.08663e-07
0.3      0.3    0.3    0.3    0.3    4.32 	-0.0230525 	0.0334433 	-0.0308162 	7.43072e-13 	-2.02582e-13 	1.90507e-13 	2.5929e-13 	-6.55855e-14 	4.6211e-13 	1.02708e-07 	-5.95798e-08 	-9.79346e-08 	3.71694e-08 	5.7911e-08 	9.49873e-08
0.3      0.3    0.3    0.3    0.3    4.41 	-0.0230525 	0.0334433 	-0.0308162 	7.43072e-13 	-2.02582e-13 	1.90507e-13 	2.5929e-13 	-6.55855e-14 	4.6211e-13 	1.02708e-07 	-5.95798e-08 	-9.79346e-08 	3.71694e-08 	5.7911e-08 	9.49873e-08
0.3      0.3    0.3    0.3    0.3    4.5 	-0.0230525 	0.0334433 	-0.0308162 	7.43072e-13 	-2.02582e-13 	1.90507e-13 	2.5929e-13 	-6.55855e-14 	4.6211e-13 	1.02708e-07 	-5.95798e-08 	-9.79346e-08 	3.71694e-08 	5.7911e-08 	9.49873e-08
