0.01      0.01    0.01    0.01    0.01    0 	0.0236233 	0.00513348 	0.00422135 	5.99284e-13 	-2.33708e-13 	1.13466e-15 	2.98619e-13 	-1.53758e-14 	3.05957e-13 	2.85016e-11 	2.43586e-11 	-2.6472e-11 	2.08178e-11 	-2.2624e-11 	2.45868e-11
0.01      0.01    0.01    0.01    0.01    0.09 	0.0236233 	0.00513348 	0.00422135 	5.99284e-13 	-2.33708e-13 	1.13466e-15 	2.98619e-13 	-1.53758e-14 	3.05957e-13 	2.85016e-11 	2.43586e-11 	-2.6472e-11 	2.08178e-11 	-2.2624e-11 	2.45868e-11
0.01      0.01    0.01    0.01    0.01    0.18 	0.0236233 	0.00513348 	0.00422135 	5.99284e-13 	-2.33708e-13 	1.13466e-15 	2.98619e-13 	-1.53758e-14 	3.05957e-13 	2.85016e-11 	2.43586e-11 	-2.6472e-11 	2.08178e-11 	-2.2624e-11 	2.45868e-11
0.01      0.01    0.01    0.01    0.01    0.27 	0.00244615 	0.0121824 	-0.00764998 	6.32172e-13 	-2.8345e-13 	1.06282e-13 	3.082e-13 	-9.3887e-14 	2.83523e-13 	9.51857e-11 	5.9003e-11 	1.33866e-10 	3.65743e-11 	8.29797e-11 	1.88264e-10
0.01      0.01    0.01    0.01    0.01    0.36 	0.00244615 	0.0121824 	-0.00764998 	6.32172e-13 	-2.8345e-13 	1.06282e-13 	3.082e-13 	-9.3887e-14 	2.83523e-13 	9.51857e-11 	5.9003e-11 	1.33866e-10 	3.65743e-11 	8.29797e-11 	1.88264e-10
0.01      0.01    0.01    0.01    0.01    0.45 	0.0313382 	0.000700532 	-0.00232663 	5.11588e-13 	-1.66707e-13 	1.01344e-13 	2.58398e-13 	-4.33711e-14 	2.25064e-13 	3.2602e-10 	8.94646e-11 	-1.81716e-10 	2.45503e-11 	-4.98655e-11 	1.01285e-10
0.01      0.01    0.01    0.01    0.01    0.54 	0.0313382 	0.000700532 	-0.00232663 	5.11588e-13 	-1.66707e-13 	1.01344e-13 	2.58398e-13 	-4.33711e-14 	2.25064e-13 	3.2602e-10 	8.94646e-11 	-1.81716e-10 	2.45503e-11 	-4.98655e-11 	1.01285e-10
0.01      0.01    0.01    0.01    0.01    0.63 	-0.00945141 	0.0219161 	-0.0143161 	7.98991e-13 	-3.59616e-13 	4.86075e-14 	3.93297e-13 	2.0354e-14 	2.98826e-13 	1.13312e-09 	3.58098e-11 	2.52717e-10 	1.13169e-12 	7.9866e-12 	5.63631e-11
0.01      0.01    0.01    0.01    0.01    0.72 	-0.00945141 	0.0219161 	-0.0143161 	7.98991e-13 	-3.59616e-13 	4.86075e-14 	3.93297e-13 	2.0354e-14 	2.98826e-13 	1.13312e-09 	3.58098e-11 	2.52717e-10 	1.13169e-12 	7.9866e-12 	5.63631e-11
0.01      0.01    0.01    0.01    0.01    0.81 	0.0290409 	-0.00540791 	0.0176277 	5.48575e-13 	-1.9934e-13 	3.37897e-14 	2.75728e-13 	4.65677e-14 	2.38751e-13 	3.4728e-10 	1.36424e-10 	9.72395e-11 	5.35921e-11 	3.81991e-11 	2.72274e-11
0.01      0.01    0.01    0.01    0.01    0.9 	0.0290409 	-0.00540791 	0.0176277 	5.48575e-13 	-1.9934e-13 	3.37897e-14 	2.75728e-13 	4.65677e-14 	2.38751e-13 	3.4728e-10 	1.36424e-10 	9.72395e-11 	5.35921e-11 	3.81991e-11 	2.72274e-11
0.01      0.01    0.01    0.01    0.01    0.99 	0.0277149 	-0.000876985 	0.0133479 	4.54137e-13 	-1.95071e-13 	3.34024e-14 	2.43645e-13 	1.84778e-14 	2.95549e-13 	1.17937e-10 	-3.83759e-12 	-1.15304e-11 	1.24873e-13 	3.75191e-13 	1.12729e-12
0.01      0.01    0.01    0.01    0.01    1.08 	0.0277149 	-0.000876985 	0.0133479 	4.54137e-13 	-1.95071e-13 	3.34024e-14 	2.43645e-13 	1.84778e-14 	2.95549e-13 	1.17937e-10 	-3.83759e-12 	-1.15304e-11 	1.24873e-13 	3.75191e-13 	1.12729e-12
0.01      0.01    0.01    0.01    0.01    1.17 	0.0277149 	-0.000876985 	0.0133479 	4.54137e-13 	-1.95071e-13 	3.34024e-14 	2.43645e-13 	1.84778e-14 	2.95549e-13 	1.17937e-10 	-3.83759e-12 	-1.15304e-11 	1.24873e-13 	3.75191e-13 	1.12729e-12
0.01      0.01    0.01    0.01    0.01    1.26 	-0.00112946 	0.0142574 	0.00273174 	5.03458e-13 	-2.10464e-13 	-1.18744e-13 	2.04642e-13 	5.76118e-14 	2.55981e-13 	3.75942e-10 	-2.68896e-10 	4.58357e-11 	1.9233e-10 	-3.27844e-11 	5.58839e-12
0.01      0.01    0.01    0.01    0.01    1.35 	-0.00112946 	0.0142574 	0.00273174 	5.03458e-13 	-2.10464e-13 	-1.18744e-13 	2.04642e-13 	5.76118e-14 	2.55981e-13 	3.75942e-10 	-2.68896e-10 	4.58357e-11 	1.9233e-10 	-3.27844e-11 	5.58839e-12
0.01      0.01    0.01    0.01    0.01    1.44 	0.0160233 	0.00524368 	0.000345479 	5.4082e-13 	-1.96067e-13 	1.56599e-15 	2.16039e-13 	1.06232e-14 	2.66851e-13 	4.88759e-11 	4.48713e-11 	2.51966e-11 	4.11949e-11 	2.31321e-11 	1.29894e-11
0.01      0.01    0.01    0.01    0.01    1.53 	0.0160233 	0.00524368 	0.000345479 	5.4082e-13 	-1.96067e-13 	1.56599e-15 	2.16039e-13 	1.06232e-14 	2.66851e-13 	4.88759e-11 	4.48713e-11 	2.51966e-11 	4.11949e-11 	2.31321e-11 	1.29894e-11
0.01      0.01    0.01    0.01    0.01    1.62 	0.0283789 	-0.0022409 	0.013237 	5.95936e-13 	-2.36392e-13 	5.1809e-14 	2.55117e-13 	-1.56335e-14 	3.11252e-13 	4.68922e-11 	6.91612e-11 	3.39157e-11 	1.02006e-10 	5.00221e-11 	2.45301e-11
0.01      0.01    0.01    0.01    0.01    1.71 	0.0283789 	-0.0022409 	0.013237 	5.95936e-13 	-2.36392e-13 	5.1809e-14 	2.55117e-13 	-1.56335e-14 	3.11252e-13 	4.68922e-11 	6.91612e-11 	3.39157e-11 	1.02006e-10 	5.00221e-11 	2.45301e-11
0.01      0.01    0.01    0.01    0.01    1.8 	0.00176344 	0.00956937 	-0.00532918 	4.79462e-13 	-1.82231e-13 	-1.1149e-13 	2.01752e-13 	5.01799e-14 	3.09951e-13 	8.88201e-11 	-6.72915e-11 	-2.29539e-11 	5.09811e-11 	1.73902e-11 	5.93201e-12
0.01      0.01    0.01    0.01    0.01    1.89 	0.00176344 	0.00956937 	-0.00532918 	4.79462e-13 	-1.82231e-13 	-1.1149e-13 	2.01752e-13 	5.01799e-14 	3.09951e-13 	8.88201e-11 	-6.72915e-11 	-2.29539e-11 	5.09811e-11 	1.73902e-11 	5.93201e-12
0.01      0.01    0.01    0.01    0.01    1.98 	0.0324182 	-0.00234407 	-0.0073477 	8.77744e-13 	-2.99959e-13 	-3.12241e-13 	2.98444e-13 	6.62723e-14 	2.80981e-13 	1.57706e-10 	2.94616e-10 	9.15944e-11 	5.50381e-10 	1.7111e-10 	5.31972e-11
0.01      0.01    0.01    0.01    0.01    2.07 	0.0324182 	-0.00234407 	-0.0073477 	8.77744e-13 	-2.99959e-13 	-3.12241e-13 	2.98444e-13 	6.62723e-14 	2.80981e-13 	1.57706e-10 	2.94616e-10 	9.15944e-11 	5.50381e-10 	1.7111e-10 	5.31972e-11
0.01      0.01    0.01    0.01    0.01    2.16 	0.0553202 	-0.00510652 	-0.0040055 	5.8928e-13 	-1.62569e-13 	-1.43186e-13 	2.78702e-13 	5.96866e-14 	2.87962e-13 	1.17521e-10 	8.19885e-12 	2.01548e-11 	5.71993e-13 	1.4061e-12 	3.45656e-12
0.01      0.01    0.01    0.01    0.01    2.25 	0.0553202 	-0.00510652 	-0.0040055 	5.8928e-13 	-1.62569e-13 	-1.43186e-13 	2.78702e-13 	5.96866e-14 	2.87962e-13 	1.17521e-10 	8.19885e-12 	2.01548e-11 	5.71993e-13 	1.4061e-12 	3.45656e-12
0.01      0.01    0.01    0.01    0.01    2.34 	0.0553202 	-0.00510652 	-0.0040055 	5.8928e-13 	-1.62569e-13 	-1.43186e-13 	2.78702e-13 	5.96866e-14 	2.87962e-13 	1.17521e-10 	8.19885e-12 	2.01548e-11 	5.71993e-13 	1.4061e-12 	3.45656e-12
0.01      0.01    0.01    0.01    0.01    2.43 	0.0292855 	0.0010035 	-0.0149396 	4.0242e-13 	-9.08804e-14 	-1.29525e-13 	1.97871e-13 	9.40491e-15 	2.95426e-13 	3.2912e-10 	1.45763e-10 	-4.7533e-10 	6.45565e-11 	-2.10517e-10 	6.86492e-10
0.01      0.01    0.01    0.01    0.01    2.52 	0.0292855 	0.0010035 	-0.0149396 	4.0242e-13 	-9.08804e-14 	-1.29525e-13 	1.97871e-13 	9.40491e-15 	2.95426e-13 	3.2912e-10 	1.45763e-10 	-4.7533e-10 	6.45565e-11 	-2.10517e-10 	6.86492e-10
0.01      0.01    0.01    0.01    0.01    2.61 	0.0146597 	0.0131442 	0.00109954 	4.86425e-13 	-1.82275e-13 	-1.46988e-13 	2.69368e-13 	2.55814e-14 	2.56832e-13 	1.23439e-09 	1.57292e-10 	-2.54326e-10 	2.00429e-11 	-3.24075e-11 	5.23998e-11
0.01      0.01    0.01    0.01    0.01    2.7 	0.0146597 	0.0131442 	0.00109954 	4.86425e-13 	-1.82275e-13 	-1.46988e-13 	2.69368e-13 	2.55814e-14 	2.56832e-13 	1.23439e-09 	1.57292e-10 	-2.54326e-10 	2.00429e-11 	-3.24075e-11 	5.23998e-11
0.01      0.01    0.01    0.01    0.01    2.79 	0.0655844 	-0.00521274 	-0.00389638 	6.0863e-13 	-2.5929e-13 	-1.01127e-13 	3.63242e-13 	4.20887e-14 	2.51852e-13 	4.04708e-10 	5.88513e-11 	2.51965e-10 	8.55795e-12 	3.664e-11 	1.5687e-10
0.01      0.01    0.01    0.01    0.01    2.88 	0.0655844 	-0.00521274 	-0.00389638 	6.0863e-13 	-2.5929e-13 	-1.01127e-13 	3.63242e-13 	4.20887e-14 	2.51852e-13 	4.04708e-10 	5.88513e-11 	2.51965e-10 	8.55795e-12 	3.664e-11 	1.5687e-10
0.01      0.01    0.01    0.01    0.01    2.97 	0.0788714 	-0.00951103 	-0.00336884 	1.04646e-12 	-4.12034e-13 	-1.08433e-13 	5.01942e-13 	2.41859e-14 	3.28576e-13 	5.30791e-14 	-2.59988e-12 	8.16995e-13 	1.27344e-10 	-4.00172e-11 	1.25751e-11
0.01      0.01    0.01    0.01    0.01    3.06 	0.0788714 	-0.00951103 	-0.00336884 	1.04646e-12 	-4.12034e-13 	-1.08433e-13 	5.01942e-13 	2.41859e-14 	3.28576e-13 	5.30791e-14 	-2.59988e-12 	8.16995e-13 	1.27344e-10 	-4.00172e-11 	1.25751e-11
0.01      0.01    0.01    0.01    0.01    3.15 	0.0426971 	0.00528298 	0.00320699 	5.75096e-13 	-1.9483e-13 	-1.93765e-14 	2.72707e-13 	4.26409e-14 	2.68327e-13 	1.01007e-09 	8.46469e-10 	6.84565e-10 	7.09369e-10 	5.73688e-10 	4.63959e-10
0.01      0.01    0.01    0.01    0.01    3.24 	0.0426971 	0.00528298 	0.00320699 	5.75096e-13 	-1.9483e-13 	-1.93765e-14 	2.72707e-13 	4.26409e-14 	2.68327e-13 	1.01007e-09 	8.46469e-10 	6.84565e-10 	7.09369e-10 	5.73688e-10 	4.63959e-10
0.01      0.01    0.01    0.01    0.01    3.33 	0.00662684 	0.0144815 	-0.00325447 	5.58281e-13 	-2.41751e-13 	-4.22616e-14 	2.79834e-13 	2.12026e-14 	2.95455e-13 	1.76016e-12 	1.97089e-11 	2.84438e-11 	2.20684e-10 	3.18491e-10 	4.59645e-10
0.01      0.01    0.01    0.01    0.01    3.42 	0.00662684 	0.0144815 	-0.00325447 	5.58281e-13 	-2.41751e-13 	-4.22616e-14 	2.79834e-13 	2.12026e-14 	2.95455e-13 	1.76016e-12 	1.97089e-11 	2.84438e-11 	2.20684e-10 	3.18491e-10 	4.59645e-10
0.01      0.01    0.01    0.01    0.01    3.51 	0.00662684 	0.0144815 	-0.00325447 	5.58281e-13 	-2.41751e-13 	-4.22616e-14 	2.79834e-13 	2.12026e-14 	2.95455e-13 	1.76016e-12 	1.97089e-11 	2.84438e-11 	2.20684e-10 	3.18491e-10 	4.59645e-10
0.01      0.01    0.01    0.01    0.01    3.6 	0.0127428 	0.0110058 	-0.013408 	4.37696e-13 	-1.95464e-13 	5.50877e-14 	2.57015e-13 	-3.63956e-14 	2.39363e-13 	2.31811e-14 	2.48488e-13 	2.06651e-13 	2.66364e-12 	2.21517e-12 	1.84221e-12
0.01      0.01    0.01    0.01    0.01    3.69 	0.0127428 	0.0110058 	-0.013408 	4.37696e-13 	-1.95464e-13 	5.50877e-14 	2.57015e-13 	-3.63956e-14 	2.39363e-13 	2.31811e-14 	2.48488e-13 	2.06651e-13 	2.66364e-12 	2.21517e-12 	1.84221e-12
0.01      0.01    0.01    0.01    0.01    3.78 	0.0191999 	0.00423945 	-0.013321 	5.02927e-13 	-1.94935e-13 	-1.57567e-14 	2.55687e-13 	1.67337e-14 	2.62719e-13 	8.50483e-12 	3.87662e-12 	8.83226e-11 	1.76702e-12 	4.02587e-11 	9.1723e-10
0.01      0.01    0.01    0.01    0.01    3.87 	0.0191999 	0.00423945 	-0.013321 	5.02927e-13 	-1.94935e-13 	-1.57567e-14 	2.55687e-13 	1.67337e-14 	2.62719e-13 	8.50483e-12 	3.87662e-12 	8.83226e-11 	1.76702e-12 	4.02587e-11 	9.1723e-10
0.01      0.01    0.01    0.01    0.01    3.96 	0.0205741 	0.0114468 	-0.00149376 	6.18828e-13 	-2.71267e-13 	4.16517e-14 	3.97784e-13 	-7.07472e-14 	2.48219e-13 	1.39738e-09 	-2.9934e-10 	3.81956e-10 	6.41229e-11 	-8.18206e-11 	1.04403e-10
0.01      0.01    0.01    0.01    0.01    4.05 	0.0205741 	0.0114468 	-0.00149376 	6.18828e-13 	-2.71267e-13 	4.16517e-14 	3.97784e-13 	-7.07472e-14 	2.48219e-13 	1.39738e-09 	-2.9934e-10 	3.81956e-10 	6.41229e-11 	-8.18206e-11 	1.04403e-10
0.01      0.01    0.01    0.01    0.01    4.14 	0.00407309 	0.00966234 	-0.00326551 	1.13942e-12 	-5.47968e-13 	7.32145e-14 	4.75079e-13 	-6.64478e-14 	2.33158e-13 	3.00708e-11 	-2.64038e-11 	-2.17141e-10 	2.31839e-11 	1.90661e-10 	1.56797e-09
0.01      0.01    0.01    0.01    0.01    4.23 	0.00407309 	0.00966234 	-0.00326551 	1.13942e-12 	-5.47968e-13 	7.32145e-14 	4.75079e-13 	-6.64478e-14 	2.33158e-13 	3.00708e-11 	-2.64038e-11 	-2.17141e-10 	2.31839e-11 	1.90661e-10 	1.56797e-09
0.01      0.01    0.01    0.01    0.01    4.32 	0.027872 	-0.00106843 	0.0134068 	5.2637e-13 	-1.79289e-13 	-4.98961e-14 	1.91582e-13 	-6.50981e-15 	2.49665e-13 	6.95972e-10 	-8.41218e-11 	1.06035e-10 	1.01678e-11 	-1.28163e-11 	1.61549e-11
0.01      0.01    0.01    0.01    0.01    4.41 	0.027872 	-0.00106843 	0.0134068 	5.2637e-13 	-1.79289e-13 	-4.98961e-14 	1.91582e-13 	-6.50981e-15 	2.49665e-13 	6.95972e-10 	-8.41218e-11 	1.06035e-10 	1.01678e-11 	-1.28163e-11 	1.61549e-11
0.01      0.01    0.01    0.01    0.01    4.5 	0.027872 	-0.00106843 	0.0134068 	5.2637e-13 	-1.79289e-13 	-4.98961e-14 	1.91582e-13 	-6.50981e-15 	2.49665e-13 	6.95972e-10 	-8.41218e-11 	1.06035e-10 	1.01678e-11 	-1.28163e-11 	1.61549e-11
0.02      0.02    0.02    0.02    0.02    0 	0.0236437 	0.00512741 	0.00424984 	5.99112e-13 	-2.33653e-13 	1.24783e-15 	2.98538e-13 	-1.54666e-14 	3.06088e-13 	5.20583e-11 	-1.44048e-11 	7.03807e-11 	3.01724e-11 	-7.41618e-11 	2.12578e-10
0.02      0.02    0.02    0.02    0.02    0.09 	0.0236437 	0.00512741 	0.00424984 	5.99112e-13 	-2.33653e-13 	1.24783e-15 	2.98538e-13 	-1.54666e-14 	3.06088e-13 	5.20583e-11 	-1.44048e-11 	7.03807e-11 	3.01724e-11 	-7.41618e-11 	2.12578e-10
0.02      0.02    0.02    0.02    0.02    0.18 	0.0236437 	0.00512741 	0.00424984 	5.99112e-13 	-2.33653e-13 	1.24783e-15 	2.98538e-13 	-1.54666e-14 	3.06088e-13 	5.20583e-11 	-1.44048e-11 	7.03807e-11 	3.01724e-11 	-7.41618e-11 	2.12578e-10
0.02      0.02    0.02    0.02    0.02    0.27 	0.00242863 	0.0121645 	-0.00769312 	6.32324e-13 	-2.83501e-13 	1.06227e-13 	3.08201e-13 	-9.38213e-14 	2.83581e-13 	1.96025e-10 	1.51149e-10 	3.60023e-10 	1.20381e-10 	2.86363e-10 	6.81961e-10
0.02      0.02    0.02    0.02    0.02    0.36 	0.00242863 	0.0121645 	-0.00769312 	6.32324e-13 	-2.83501e-13 	1.06227e-13 	3.08201e-13 	-9.38213e-14 	2.83581e-13 	1.96025e-10 	1.51149e-10 	3.60023e-10 	1.20381e-10 	2.86363e-10 	6.81961e-10
0.02      0.02    0.02    0.02    0.02    0.45 	0.0312835 	0.000697075 	-0.00228779 	5.11622e-13 	-1.66861e-13 	1.01367e-13 	2.58493e-13 	-4.32703e-14 	2.25116e-13 	1.18702e-09 	1.74589e-10 	-7.52749e-10 	2.95478e-11 	-1.07027e-10 	4.82679e-10
0.02      0.02    0.02    0.02    0.02    0.54 	0.0312835 	0.000697075 	-0.00228779 	5.11622e-13 	-1.66861e-13 	1.01367e-13 	2.58493e-13 	-4.32703e-14 	2.25116e-13 	1.18702e-09 	1.74589e-10 	-7.52749e-10 	2.95478e-11 	-1.07027e-10 	4.82679e-10
0.02      0.02    0.02    0.02    0.02    0.63 	-0.00929677 	0.021922 	-0.0142864 	7.9952e-13 	-3.59702e-13 	4.87933e-14 	3.93218e-13 	2.03528e-14 	2.98918e-13 	6.93764e-09 	2.65444e-10 	1.38329e-09 	1.06018e-11 	5.27618e-11 	2.76168e-10
0.02      0.02    0.02    0.02    0.02    0.72 	-0.00929677 	0.021922 	-0.0142864 	7.9952e-13 	-3.59702e-13 	4.87933e-14 	3.93218e-13 	2.03528e-14 	2.98918e-13 	6.93764e-09 	2.65444e-10 	1.38329e-09 	1.06018e-11 	5.27618e-11 	2.76168e-10
0.02      0.02    0.02    0.02    0.02    0.81 	0.0289977 	-0.00541826 	0.017613 	5.48788e-13 	-1.99498e-13 	3.38366e-14 	2.76016e-13 	4.66524e-14 	2.38915e-13 	9.18288e-10 	2.84774e-10 	2.85957e-10 	8.98894e-11 	8.80348e-11 	8.9329e-11
0.02      0.02    0.02    0.02    0.02    0.9 	0.0289977 	-0.00541826 	0.017613 	5.48788e-13 	-1.99498e-13 	3.38366e-14 	2.76016e-13 	4.66524e-14 	2.38915e-13 	9.18288e-10 	2.84774e-10 	2.85957e-10 	8.98894e-11 	8.80348e-11 	8.9329e-11
0.02      0.02    0.02    0.02    0.02    0.99 	0.0276965 	-0.000860363 	0.0133495 	4.54138e-13 	-1.95091e-13 	3.34065e-14 	2.43652e-13 	1.84049e-14 	2.95419e-13 	2.30619e-10 	-9.02407e-11 	-2.00334e-11 	4.91332e-11 	7.98142e-12 	1.80608e-12
0.02      0.02    0.02    0.02    0.02    1.08 	0.0276965 	-0.000860363 	0.0133495 	4.54138e-13 	-1.95091e-13 	3.34065e-14 	2.43652e-13 	1.84049e-14 	2.95419e-13 	2.30619e-10 	-9.02407e-11 	-2.00334e-11 	4.91332e-11 	7.98142e-12 	1.80608e-12
0.02      0.02    0.02    0.02    0.02    1.17 	0.0276965 	-0.000860363 	0.0133495 	4.54138e-13 	-1.95091e-13 	3.34065e-14 	2.43652e-13 	1.84049e-14 	2.95419e-13 	2.30619e-10 	-9.02407e-11 	-2.00334e-11 	4.91332e-11 	7.98142e-12 	1.80608e-12
0.02      0.02    0.02    0.02    0.02    1.26 	-0.00102933 	0.0142021 	0.0027405 	5.0332e-13 	-2.10355e-13 	-1.18583e-13 	2.04529e-13 	5.75622e-14 	2.55969e-13 	2.7421e-09 	-1.60473e-09 	2.60933e-10 	9.42818e-10 	-1.53392e-10 	2.4975e-11
0.02      0.02    0.02    0.02    0.02    1.35 	-0.00102933 	0.0142021 	0.0027405 	5.0332e-13 	-2.10355e-13 	-1.18583e-13 	2.04529e-13 	5.75622e-14 	2.55969e-13 	2.7421e-09 	-1.60473e-09 	2.60933e-10 	9.42818e-10 	-1.53392e-10 	2.4975e-11
0.02      0.02    0.02    0.02    0.02    1.44 	0.0160076 	0.00522363 	0.00032333 	5.40449e-13 	-1.95896e-13 	1.60316e-15 	2.15881e-13 	1.06712e-14 	2.66838e-13 	1.33047e-10 	1.4127e-10 	1.24437e-10 	1.5292e-10 	1.3723e-10 	1.2638e-10
0.02      0.02    0.02    0.02    0.02    1.53 	0.0160076 	0.00522363 	0.00032333 	5.40449e-13 	-1.95896e-13 	1.60316e-15 	2.15881e-13 	1.06712e-14 	2.66838e-13 	1.33047e-10 	1.4127e-10 	1.24437e-10 	1.5292e-10 	1.3723e-10 	1.2638e-10
0.02      0.02    0.02    0.02    0.02    1.62 	0.0283783 	-0.00228067 	0.0132042 	5.95556e-13 	-2.36285e-13 	5.17409e-14 	2.5504e-13 	-1.5554e-14 	3.11178e-13 	3.32073e-11 	9.96693e-11 	6.69276e-11 	4.85166e-10 	3.57955e-10 	2.68547e-10
0.02      0.02    0.02    0.02    0.02    1.71 	0.0283783 	-0.00228067 	0.0132042 	5.95556e-13 	-2.36285e-13 	5.17409e-14 	2.5504e-13 	-1.5554e-14 	3.11178e-13 	3.32073e-11 	9.96693e-11 	6.69276e-11 	4.85166e-10 	3.57955e-10 	2.68547e-10
0.02      0.02    0.02    0.02    0.02    1.8 	0.0018292 	0.00954736 	-0.00535222 	4.79479e-13 	-1.8213e-13 	-1.11552e-13 	2.01601e-13 	5.0151e-14 	3.09952e-13 	1.0734e-09 	-4.2252e-10 	-3.48994e-10 	1.73517e-10 	1.37431e-10 	1.14988e-10
0.02      0.02    0.02    0.02    0.02    1.89 	0.0018292 	0.00954736 	-0.00535222 	4.79479e-13 	-1.8213e-13 	-1.11552e-13 	2.01601e-13 	5.0151e-14 	3.09952e-13 	1.0734e-09 	-4.2252e-10 	-3.48994e-10 	1.73517e-10 	1.37431e-10 	1.14988e-10
0.02      0.02    0.02    0.02    0.02    1.98 	0.032408 	-0.00242226 	-0.00738005 	8.77598e-13 	-3.00141e-13 	-3.12332e-13 	2.98583e-13 	6.63743e-14 	2.80815e-13 	1.7265e-10 	5.63086e-10 	2.04067e-10 	2.12011e-09 	7.89677e-10 	2.97115e-10
0.02      0.02    0.02    0.02    0.02    2.07 	0.032408 	-0.00242226 	-0.00738005 	8.77598e-13 	-3.00141e-13 	-3.12332e-13 	2.98583e-13 	6.63743e-14 	2.80815e-13 	1.7265e-10 	5.63086e-10 	2.04067e-10 	2.12011e-09 	7.89677e-10 	2.97115e-10
0.02      0.02    0.02    0.02    0.02    2.16 	0.0554008 	-0.00510267 	-0.00400119 	5.88383e-13 	-1.6221e-13 	-1.42982e-13 	2.78617e-13 	5.95928e-14 	2.87738e-13 	1.51651e-09 	8.18473e-11 	1.33564e-10 	4.69302e-12 	8.83121e-12 	2.13212e-11
0.02      0.02    0.02    0.02    0.02    2.25 	0.0554008 	-0.00510267 	-0.00400119 	5.88383e-13 	-1.6221e-13 	-1.42982e-13 	2.78617e-13 	5.95928e-14 	2.87738e-13 	1.51651e-09 	8.18473e-11 	1.33564e-10 	4.69302e-12 	8.83121e-12 	2.13212e-11
0.02      0.02    0.02    0.02    0.02    2.34 	0.0554008 	-0.00510267 	-0.00400119 	5.88383e-13 	-1.6221e-13 	-1.42982e-13 	2.78617e-13 	5.95928e-14 	2.87738e-13 	1.51651e-09 	8.18473e-11 	1.33564e-10 	4.69302e-12 	8.83121e-12 	2.13212e-11
0.02      0.02    0.02    0.02    0.02    2.43 	0.029275 	0.00100281 	-0.0148332 	4.02395e-13 	-9.08998e-14 	-1.2947e-13 	1.97799e-13 	9.39302e-15 	2.95351e-13 	4.00206e-10 	1.48387e-10 	-1.05622e-09 	5.65453e-11 	-3.61874e-10 	3.62359e-09
0.02      0.02    0.02    0.02    0.02    2.52 	0.029275 	0.00100281 	-0.0148332 	4.02395e-13 	-9.08998e-14 	-1.2947e-13 	1.97799e-13 	9.39302e-15 	2.95351e-13 	4.00206e-10 	1.48387e-10 	-1.05622e-09 	5.65453e-11 	-3.61874e-10 	3.62359e-09
0.02      0.02    0.02    0.02    0.02    2.61 	0.0145776 	0.0131433 	0.00114196 	4.86495e-13 	-1.82288e-13 	-1.47011e-13 	2.69277e-13 	2.55357e-14 	2.56721e-13 	3.49188e-09 	3.05252e-10 	-1.2594e-09 	4.02424e-11 	-9.4402e-11 	4.82038e-10
0.02      0.02    0.02    0.02    0.02    2.7 	0.0145776 	0.0131433 	0.00114196 	4.86495e-13 	-1.82288e-13 	-1.47011e-13 	2.69277e-13 	2.55357e-14 	2.56721e-13 	3.49188e-09 	3.05252e-10 	-1.2594e-09 	4.02424e-11 	-9.4402e-11 	4.82038e-10
0.02      0.02    0.02    0.02    0.02    2.79 	0.0655614 	-0.00521607 	-0.00395498 	6.08561e-13 	-2.59326e-13 	-1.01316e-13 	3.6337e-13 	4.21519e-14 	2.52041e-13 	7.57391e-10 	1.27753e-10 	7.59944e-10 	2.24133e-11 	1.19261e-10 	9.8324e-10
0.02      0.02    0.02    0.02    0.02    2.88 	0.0655614 	-0.00521607 	-0.00395498 	6.08561e-13 	-2.59326e-13 	-1.01316e-13 	3.6337e-13 	4.21519e-14 	2.52041e-13 	7.57391e-10 	1.27753e-10 	7.59944e-10 	2.24133e-11 	1.19261e-10 	9.8324e-10
0.02      0.02    0.02    0.02    0.02    2.97 	0.0789523 	-0.00952518 	-0.0033662 	1.04573e-12 	-4.11781e-13 	-1.08711e-13 	5.01966e-13 	2.44328e-14 	3.28604e-13 	1.09736e-09 	-3.47153e-10 	8.41672e-11 	2.28271e-10 	-5.06255e-11 	1.30009e-11
0.02      0.02    0.02    0.02    0.02    3.06 	0.0789523 	-0.00952518 	-0.0033662 	1.04573e-12 	-4.11781e-13 	-1.08711e-13 	5.01966e-13 	2.44328e-14 	3.28604e-13 	1.09736e-09 	-3.47153e-10 	8.41672e-11 	2.28271e-10 	-5.06255e-11 	1.30009e-11
0.02      0.02    0.02    0.02    0.02    3.15 	0.0426386 	0.00520422 	0.00312111 	5.74556e-13 	-1.94669e-13 	-1.95004e-14 	2.72554e-13 	4.26916e-14 	2.68217e-13 	2.1758e-09 	2.28199e-09 	2.22516e-09 	2.44435e-09 	2.40649e-09 	2.38241e-09
0.02      0.02    0.02    0.02    0.02    3.24 	0.0426386 	0.00520422 	0.00312111 	5.74556e-13 	-1.94669e-13 	-1.95004e-14 	2.72554e-13 	4.26916e-14 	2.68217e-13 	2.1758e-09 	2.28199e-09 	2.22516e-09 	2.44435e-09 	2.40649e-09 	2.38241e-09
0.02      0.02    0.02    0.02    0.02    3.33 	0.00667636 	0.0144478 	-0.00333061 	5.58507e-13 	-2.41813e-13 	-4.24437e-14 	2.79776e-13 	2.12759e-14 	2.95503e-13 	3.9625e-10 	-3.95873e-10 	-8.09125e-10 	5.3364e-10 	1.02499e-09 	2.00694e-09
0.02      0.02    0.02    0.02    0.02    3.42 	0.00667636 	0.0144478 	-0.00333061 	5.58507e-13 	-2.41813e-13 	-4.24437e-14 	2.79776e-13 	2.12759e-14 	2.95503e-13 	3.9625e-10 	-3.95873e-10 	-8.09125e-10 	5.3364e-10 	1.02499e-09 	2.00694e-09
0.02      0.02    0.02    0.02    0.02    3.51 	0.00667636 	0.0144478 	-0.00333061 	5.58507e-13 	-2.41813e-13 	-4.24437e-14 	2.79776e-13 	2.12759e-14 	2.95503e-13 	3.9625e-10 	-3.95873e-10 	-8.09125e-10 	5.3364e-10 	1.02499e-09 	2.00694e-09
0.02      0.02    0.02    0.02    0.02    3.6 	0.0127911 	0.0110206 	-0.0134063 	4.37903e-13 	-1.95569e-13 	5.50568e-14 	2.57054e-13 	-3.63769e-14 	2.39337e-13 	3.91699e-10 	1.07595e-10 	1.31202e-12 	3.10252e-11 	1.19498e-12 	1.21458e-12
0.02      0.02    0.02    0.02    0.02    3.69 	0.0127911 	0.0110206 	-0.0134063 	4.37903e-13 	-1.95569e-13 	5.50568e-14 	2.57054e-13 	-3.63769e-14 	2.39337e-13 	3.91699e-10 	1.07595e-10 	1.31202e-12 	3.10252e-11 	1.19498e-12 	1.21458e-12
0.02      0.02    0.02    0.02    0.02    3.78 	0.0192691 	0.00427427 	-0.0132029 	5.03264e-13 	-1.95018e-13 	-1.59232e-14 	2.55869e-13 	1.68453e-14 	2.62835e-13 	8.82462e-10 	4.45631e-10 	1.88812e-09 	2.26191e-10 	9.6357e-10 	4.45267e-09
0.02      0.02    0.02    0.02    0.02    3.87 	0.0192691 	0.00427427 	-0.0132029 	5.03264e-13 	-1.95018e-13 	-1.59232e-14 	2.55869e-13 	1.68453e-14 	2.62835e-13 	8.82462e-10 	4.45631e-10 	1.88812e-09 	2.26191e-10 	9.6357e-10 	4.45267e-09
0.02      0.02    0.02    0.02    0.02    3.96 	0.0205051 	0.0115396 	-0.00153241 	6.18864e-13 	-2.7112e-13 	4.1684e-14 	3.97656e-13 	-7.08844e-14 	2.48292e-13 	2.96968e-09 	-2.09846e-09 	1.18474e-09 	1.79378e-09 	-9.15307e-10 	4.92294e-10
0.02      0.02    0.02    0.02    0.02    4.05 	0.0205051 	0.0115396 	-0.00153241 	6.18864e-13 	-2.7112e-13 	4.1684e-14 	3.97656e-13 	-7.08844e-14 	2.48292e-13 	2.96968e-09 	-2.09846e-09 	1.18474e-09 	1.79378e-09 	-9.15307e-10 	4.92294e-10
0.02      0.02    0.02    0.02    0.02    4.14 	0.00412828 	0.00964629 	-0.00341588 	1.13925e-12 	-5.48398e-13 	7.32477e-14 	4.75577e-13 	-6.65509e-14 	2.33125e-13 	6.565e-10 	-2.36185e-10 	-2.1578e-09 	8.93103e-11 	8.11104e-10 	7.38758e-09
0.02      0.02    0.02    0.02    0.02    4.23 	0.00412828 	0.00964629 	-0.00341588 	1.13925e-12 	-5.48398e-13 	7.32477e-14 	4.75577e-13 	-6.65509e-14 	2.33125e-13 	6.565e-10 	-2.36185e-10 	-2.1578e-09 	8.93103e-11 	8.11104e-10 	7.38758e-09
0.02      0.02    0.02    0.02    0.02    4.32 	0.027808 	-0.00101904 	0.0133926 	5.2624e-13 	-1.79208e-13 	-4.97166e-14 	1.91547e-13 	-6.65028e-15 	2.49601e-13 	1.89551e-09 	-8.93588e-10 	3.64468e-10 	4.84713e-10 	-1.77798e-10 	7.07596e-11
0.02      0.02    0.02    0.02    0.02    4.41 	0.027808 	-0.00101904 	0.0133926 	5.2624e-13 	-1.79208e-13 	-4.97166e-14 	1.91547e-13 	-6.65028e-15 	2.49601e-13 	1.89551e-09 	-8.93588e-10 	3.64468e-10 	4.84713e-10 	-1.77798e-10 	7.07596e-11
0.02      0.02    0.02    0.02    0.02    4.5 	0.027808 	-0.00101904 	0.0133926 	5.2624e-13 	-1.79208e-13 	-4.97166e-14 	1.91547e-13 	-6.65028e-15 	2.49601e-13 	1.89551e-09 	-8.93588e-10 	3.64468e-10 	4.84713e-10 	-1.77798e-10 	7.07596e-11
0.03      0.03    0.03    0.03    0.03    0 	0.0236572 	0.00511248 	0.00427065 	5.98939e-13 	-2.33604e-13 	1.36013e-15 	2.98446e-13 	-1.55571e-14 	3.06208e-13 	1.33373e-10 	-9.42559e-11 	2.19064e-10 	9.35984e-11 	-1.97067e-10 	4.42059e-10
0.03      0.03    0.03    0.03    0.03    0.09 	0.0236572 	0.00511248 	0.00427065 	5.98939e-13 	-2.33604e-13 	1.36013e-15 	2.98446e-13 	-1.55571e-14 	3.06208e-13 	1.33373e-10 	-9.42559e-11 	2.19064e-10 	9.35984e-11 	-1.97067e-10 	4.42059e-10
0.03      0.03    0.03    0.03    0.03    0.18 	0.0236572 	0.00511248 	0.00427065 	5.98939e-13 	-2.33604e-13 	1.36013e-15 	2.98446e-13 	-1.55571e-14 	3.06208e-13 	1.33373e-10 	-9.42559e-11 	2.19064e-10 	9.35984e-11 	-1.97067e-10 	4.42059e-10
0.03      0.03    0.03    0.03    0.03    0.27 	0.00242112 	0.0121421 	-0.00774264 	6.32477e-13 	-2.83552e-13 	1.06174e-13 	3.08202e-13 	-9.37553e-14 	2.83639e-13 	2.30832e-10 	2.50115e-10 	5.78876e-10 	3.06403e-10 	7.03739e-10 	1.61759e-09
0.03      0.03    0.03    0.03    0.03    0.36 	0.00242112 	0.0121421 	-0.00774264 	6.32477e-13 	-2.83552e-13 	1.06174e-13 	3.08202e-13 	-9.37553e-14 	2.83639e-13 	2.30832e-10 	2.50115e-10 	5.78876e-10 	3.06403e-10 	7.03739e-10 	1.61759e-09
0.03      0.03    0.03    0.03    0.03    0.45 	0.0312719 	0.000704651 	-0.00224836 	5.11654e-13 	-1.67017e-13 	1.01389e-13 	2.58583e-13 	-4.31692e-14 	2.25164e-13 	1.39418e-09 	1.02955e-10 	-1.18616e-09 	2.16239e-11 	-4.98059e-11 	1.12297e-09
0.03      0.03    0.03    0.03    0.03    0.54 	0.0312719 	0.000704651 	-0.00224836 	5.11654e-13 	-1.67017e-13 	1.01389e-13 	2.58583e-13 	-4.31692e-14 	2.25164e-13 	1.39418e-09 	1.02955e-10 	-1.18616e-09 	2.16239e-11 	-4.98059e-11 	1.12297e-09
0.03      0.03    0.03    0.03    0.03    0.63 	-0.00916107 	0.0219132 	-0.0142514 	8.0005e-13 	-3.59789e-13 	4.89786e-14 	3.9314e-13 	2.03524e-14 	2.99012e-13 	1.53695e-08 	4.1956e-11 	3.34677e-09 	1.08686e-11 	3.27981e-12 	7.32213e-10
0.03      0.03    0.03    0.03    0.03    0.72 	-0.00916107 	0.0219132 	-0.0142514 	8.0005e-13 	-3.59789e-13 	4.89786e-14 	3.9314e-13 	2.03524e-14 	2.99012e-13 	1.53695e-08 	4.1956e-11 	3.34677e-09 	1.08686e-11 	3.27981e-12 	7.32213e-10
0.03      0.03    0.03    0.03    0.03    0.81 	0.0289812 	-0.00542097 	0.017605 	5.48999e-13 	-1.99658e-13 	3.3884e-14 	2.76298e-13 	4.67374e-14 	2.39074e-13 	1.141e-09 	3.21238e-10 	3.84733e-10 	9.26037e-11 	1.06861e-10 	1.30888e-10
0.03      0.03    0.03    0.03    0.03    0.9 	0.0289812 	-0.00542097 	0.017605 	5.48999e-13 	-1.99658e-13 	3.3884e-14 	2.76298e-13 	4.67374e-14 	2.39074e-13 	1.141e-09 	3.21238e-10 	3.84733e-10 	9.26037e-11 	1.06861e-10 	1.30888e-10
0.03      0.03    0.03    0.03    0.03    0.99 	0.0276905 	-0.000842913 	0.0133512 	4.54139e-13 	-1.95114e-13 	3.34107e-14 	2.43656e-13 	1.83323e-14 	2.95287e-13 	2.55849e-10 	-1.7549e-10 	-2.80473e-11 	1.66072e-10 	2.19477e-11 	3.31839e-12
0.03      0.03    0.03    0.03    0.03    1.08 	0.0276905 	-0.000842913 	0.0133512 	4.54139e-13 	-1.95114e-13 	3.34107e-14 	2.43656e-13 	1.83323e-14 	2.95287e-13 	2.55849e-10 	-1.7549e-10 	-2.80473e-11 	1.66072e-10 	2.19477e-11 	3.31839e-12
0.03      0.03    0.03    0.03    0.03    1.17 	0.0276905 	-0.000842913 	0.0133512 	4.54139e-13 	-1.95114e-13 	3.34107e-14 	2.43656e-13 	1.83323e-14 	2.95287e-13 	2.55849e-10 	-1.7549e-10 	-2.80473e-11 	1.66072e-10 	2.19477e-11 	3.31839e-12
0.03      0.03    0.03    0.03    0.03    1.26 	-0.000930883 	0.0141408 	0.00274731 	5.03184e-13 	-2.10246e-13 	-1.18423e-13 	2.04422e-13 	5.75125e-14 	2.55961e-13 	6.77083e-09 	-4.05087e-09 	5.75282e-10 	2.4266e-09 	-3.44206e-10 	4.93065e-11
0.03      0.03    0.03    0.03    0.03    1.35 	-0.000930883 	0.0141408 	0.00274731 	5.03184e-13 	-2.10246e-13 	-1.18423e-13 	2.04422e-13 	5.75125e-14 	2.55961e-13 	6.77083e-09 	-4.05087e-09 	5.75282e-10 	2.4266e-09 	-3.44206e-10 	4.93065e-11
0.03      0.03    0.03    0.03    0.03    1.44 	0.0160146 	0.00521295 	0.000308422 	5.4008e-13 	-1.95728e-13 	1.64037e-15 	2.15722e-13 	1.0719e-14 	2.66823e-13 	1.03541e-10 	1.32389e-10 	1.25905e-10 	2.27763e-10 	2.35202e-10 	2.48565e-10
0.03      0.03    0.03    0.03    0.03    1.53 	0.0160146 	0.00521295 	0.000308422 	5.4008e-13 	-1.95728e-13 	1.64037e-15 	2.15722e-13 	1.0719e-14 	2.66823e-13 	1.03541e-10 	1.32389e-10 	1.25905e-10 	2.27763e-10 	2.35202e-10 	2.48565e-10
0.03      0.03    0.03    0.03    0.03    1.62 	0.0283681 	-0.00232452 	0.013185 	5.95176e-13 	-2.36183e-13 	5.16738e-14 	2.54955e-13 	-1.54752e-14 	3.11098e-13 	5.68168e-11 	2.47397e-10 	1.49244e-10 	1.27212e-09 	7.89505e-10 	5.00122e-10
0.03      0.03    0.03    0.03    0.03    1.71 	0.0283681 	-0.00232452 	0.013185 	5.95176e-13 	-2.36183e-13 	5.16738e-14 	2.54955e-13 	-1.54752e-14 	3.11098e-13 	5.68168e-11 	2.47397e-10 	1.49244e-10 	1.27212e-09 	7.89505e-10 	5.00122e-10
0.03      0.03    0.03    0.03    0.03    1.8 	0.00187376 	0.00951389 	-0.00537435 	4.79495e-13 	-1.82031e-13 	-1.11614e-13 	2.0145e-13 	5.01223e-14 	3.09951e-13 	2.13341e-09 	-1.0616e-09 	-8.23669e-10 	5.47545e-10 	4.17655e-10 	3.23321e-10
0.03      0.03    0.03    0.03    0.03    1.89 	0.00187376 	0.00951389 	-0.00537435 	4.79495e-13 	-1.82031e-13 	-1.11614e-13 	2.0145e-13 	5.01223e-14 	3.09951e-13 	2.13341e-09 	-1.0616e-09 	-8.23669e-10 	5.47545e-10 	4.17655e-10 	3.23321e-10
0.03      0.03    0.03    0.03    0.03    1.98 	0.0323866 	-0.00250851 	-0.00743069 	8.77436e-13 	-3.00301e-13 	-3.12401e-13 	2.98744e-13 	6.64709e-14 	2.80678e-13 	3.21258e-10 	1.24911e-09 	5.70512e-10 	5.11653e-09 	2.36714e-09 	1.11549e-09
0.03      0.03    0.03    0.03    0.03    2.07 	0.0323866 	-0.00250851 	-0.00743069 	8.77436e-13 	-3.00301e-13 	-3.12401e-13 	2.98744e-13 	6.64709e-14 	2.80678e-13 	3.21258e-10 	1.24911e-09 	5.70512e-10 	5.11653e-09 	2.36714e-09 	1.11549e-09
0.03      0.03    0.03    0.03    0.03    2.16 	0.055487 	-0.0051028 	-0.00403169 	5.87491e-13 	-1.61858e-13 	-1.42784e-13 	2.7852e-13 	5.95004e-14 	2.87503e-13 	4.4173e-09 	1.20858e-10 	-5.0656e-10 	4.50731e-12 	-4.84624e-12 	1.2668e-10
0.03      0.03    0.03    0.03    0.03    2.25 	0.055487 	-0.0051028 	-0.00403169 	5.87491e-13 	-1.61858e-13 	-1.42784e-13 	2.7852e-13 	5.95004e-14 	2.87503e-13 	4.4173e-09 	1.20858e-10 	-5.0656e-10 	4.50731e-12 	-4.84624e-12 	1.2668e-10
0.03      0.03    0.03    0.03    0.03    2.34 	0.055487 	-0.0051028 	-0.00403169 	5.87491e-13 	-1.61858e-13 	-1.42784e-13 	2.7852e-13 	5.95004e-14 	2.87503e-13 	4.4173e-09 	1.20858e-10 	-5.0656e-10 	4.50731e-12 	-4.84624e-12 	1.2668e-10
0.03      0.03    0.03    0.03    0.03    2.43 	0.0293033 	0.00100553 	-0.0147729 	4.02369e-13 	-9.09195e-14 	-1.29416e-13 	1.97726e-13 	9.38083e-15 	2.95275e-13 	2.99027e-10 	9.77448e-11 	-4.77002e-10 	3.83596e-11 	-2.83817e-10 	5.91049e-09
0.03      0.03    0.03    0.03    0.03    2.52 	0.0293033 	0.00100553 	-0.0147729 	4.02369e-13 	-9.09195e-14 	-1.29416e-13 	1.97726e-13 	9.38083e-15 	2.95275e-13 	2.99027e-10 	9.77448e-11 	-4.77002e-10 	3.83596e-11 	-2.83817e-10 	5.91049e-09
0.03      0.03    0.03    0.03    0.03    2.61 	0.014574 	0.0131666 	0.00116302 	4.86565e-13 	-1.82301e-13 	-1.47035e-13 	2.69185e-13 	2.549e-14 	2.5661e-13 	3.37401e-09 	-5.53624e-11 	-1.534e-09 	1.02077e-10 	1.18983e-10 	7.91386e-10
0.03      0.03    0.03    0.03    0.03    2.7 	0.014574 	0.0131666 	0.00116302 	4.86565e-13 	-1.82301e-13 	-1.47035e-13 	2.69185e-13 	2.549e-14 	2.5661e-13 	3.37401e-09 	-5.53624e-11 	-1.534e-09 	1.02077e-10 	1.18983e-10 	7.91386e-10
0.03      0.03    0.03    0.03    0.03    2.79 	0.0656247 	-0.00520249 	-0.00400437 	6.0849e-13 	-2.59367e-13 	-1.01507e-13 	3.6349e-13 	4.22152e-14 	2.5222e-13 	7.59069e-10 	1.51028e-10 	-2.39283e-11 	3.32647e-11 	-7.9827e-11 	2.14321e-09
0.03      0.03    0.03    0.03    0.03    2.88 	0.0656247 	-0.00520249 	-0.00400437 	6.0849e-13 	-2.59367e-13 	-1.01507e-13 	3.6349e-13 	4.22152e-14 	2.5222e-13 	7.59069e-10 	1.51028e-10 	-2.39283e-11 	3.32647e-11 	-7.9827e-11 	2.14321e-09
0.03      0.03    0.03    0.03    0.03    2.97 	0.0790731 	-0.00952878 	-0.00335449 	1.045e-12 	-4.1152e-13 	-1.08983e-13 	5.01993e-13 	2.46801e-14 	3.28641e-13 	5.66738e-09 	-7.13438e-10 	4.87291e-10 	1.9982e-10 	-7.57056e-11 	4.63741e-11
0.03      0.03    0.03    0.03    0.03    3.06 	0.0790731 	-0.00952878 	-0.00335449 	1.045e-12 	-4.1152e-13 	-1.08983e-13 	5.01993e-13 	2.46801e-14 	3.28641e-13 	5.66738e-09 	-7.13438e-10 	4.87291e-10 	1.9982e-10 	-7.57056e-11 	4.63741e-11
0.03      0.03    0.03    0.03    0.03    3.15 	0.0426193 	0.00514097 	0.00306142 	5.74017e-13 	-1.94514e-13 	-1.96243e-14 	2.72394e-13 	4.27434e-14 	2.68098e-13 	2.40384e-09 	3.12368e-09 	3.07299e-09 	4.34973e-09 	4.29943e-09 	4.25896e-09
0.03      0.03    0.03    0.03    0.03    3.24 	0.0426193 	0.00514097 	0.00306142 	5.74017e-13 	-1.94514e-13 	-1.96243e-14 	2.72394e-13 	4.27434e-14 	2.68098e-13 	2.40384e-09 	3.12368e-09 	3.07299e-09 	4.34973e-09 	4.29943e-09 	4.25896e-09
0.03      0.03    0.03    0.03    0.03    3.33 	0.00673267 	0.0143988 	-0.00338609 	5.58729e-13 	-2.41881e-13 	-4.26248e-14 	2.7971e-13 	2.13487e-14 	2.95544e-13 	1.49892e-09 	-1.37905e-09 	-2.2002e-09 	1.3629e-09 	2.18393e-09 	3.58407e-09
0.03      0.03    0.03    0.03    0.03    3.42 	0.00673267 	0.0143988 	-0.00338609 	5.58729e-13 	-2.41881e-13 	-4.26248e-14 	2.7971e-13 	2.13487e-14 	2.95544e-13 	1.49892e-09 	-1.37905e-09 	-2.2002e-09 	1.3629e-09 	2.18393e-09 	3.58407e-09
0.03      0.03    0.03    0.03    0.03    3.51 	0.00673267 	0.0143988 	-0.00338609 	5.58729e-13 	-2.41881e-13 	-4.26248e-14 	2.7971e-13 	2.13487e-14 	2.95544e-13 	1.49892e-09 	-1.37905e-09 	-2.2002e-09 	1.3629e-09 	2.18393e-09 	3.58407e-09
0.03      0.03    0.03    0.03    0.03    3.6 	0.0128552 	0.0110275 	-0.0134045 	4.3811e-13 	-1.95674e-13 	5.50263e-14 	2.57095e-13 	-3.63583e-14 	2.39312e-13 	1.7238e-09 	3.1934e-10 	3.62943e-11 	6.33018e-11 	6.76648e-12 	1.66841e-12
0.03      0.03    0.03    0.03    0.03    3.69 	0.0128552 	0.0110275 	-0.0134045 	4.3811e-13 	-1.95674e-13 	5.50263e-14 	2.57095e-13 	-3.63583e-14 	2.39312e-13 	1.7238e-09 	3.1934e-10 	3.62943e-11 	6.33018e-11 	6.76648e-12 	1.66841e-12
0.03      0.03    0.03    0.03    0.03    3.78 	0.0193647 	0.00430821 	-0.013098 	5.036e-13 	-1.95104e-13 	-1.6089e-14 	2.56045e-13 	1.69569e-14 	2.62947e-13 	3.85082e-09 	1.62319e-09 	5.85063e-09 	6.90864e-10 	2.51426e-09 	9.45944e-09
0.03      0.03    0.03    0.03    0.03    3.87 	0.0193647 	0.00430821 	-0.013098 	5.036e-13 	-1.95104e-13 	-1.6089e-14 	2.56045e-13 	1.69569e-14 	2.62947e-13 	3.85082e-09 	1.62319e-09 	5.85063e-09 	6.90864e-10 	2.51426e-09 	9.45944e-09
0.03      0.03    0.03    0.03    0.03    3.96 	0.0204803 	0.0116325 	-0.00156264 	6.18899e-13 	-2.70978e-13 	4.1716e-14 	3.97522e-13 	-7.10207e-14 	2.48357e-13 	3.39404e-09 	-3.78211e-09 	1.71614e-09 	5.28292e-09 	-2.19162e-09 	9.4081e-10
0.03      0.03    0.03    0.03    0.03    4.05 	0.0204803 	0.0116325 	-0.00156264 	6.18899e-13 	-2.70978e-13 	4.1716e-14 	3.97522e-13 	-7.10207e-14 	2.48357e-13 	3.39404e-09 	-3.78211e-09 	1.71614e-09 	5.28292e-09 	-2.19162e-09 	9.4081e-10
0.03      0.03    0.03    0.03    0.03    4.14 	0.00418087 	0.00962704 	-0.00353499 	1.13905e-12 	-5.48803e-13 	7.32783e-14 	4.76085e-13 	-6.66503e-14 	2.33115e-13 	1.82023e-09 	-6.42536e-10 	-5.05615e-09 	2.29778e-10 	1.80938e-09 	1.43992e-08
0.03      0.03    0.03    0.03    0.03    4.23 	0.00418087 	0.00962704 	-0.00353499 	1.13905e-12 	-5.48803e-13 	7.32783e-14 	4.76085e-13 	-6.66503e-14 	2.33115e-13 	1.82023e-09 	-6.42536e-10 	-5.05615e-09 	2.29778e-10 	1.80938e-09 	1.43992e-08
0.03      0.03    0.03    0.03    0.03    4.32 	0.027768 	-0.000970487 	0.013389 	5.2611e-13 	-1.79128e-13 	-4.95378e-14 	1.91511e-13 	-6.79018e-15 	2.49537e-13 	2.84454e-09 	-1.91785e-09 	5.00344e-10 	1.43572e-09 	-3.3216e-10 	8.94523e-11
0.03      0.03    0.03    0.03    0.03    4.41 	0.027768 	-0.000970487 	0.013389 	5.2611e-13 	-1.79128e-13 	-4.95378e-14 	1.91511e-13 	-6.79018e-15 	2.49537e-13 	2.84454e-09 	-1.91785e-09 	5.00344e-10 	1.43572e-09 	-3.3216e-10 	8.94523e-11
0.03      0.03    0.03    0.03    0.03    4.5 	0.027768 	-0.000970487 	0.013389 	5.2611e-13 	-1.79128e-13 	-4.95378e-14 	1.91511e-13 	-6.79018e-15 	2.49537e-13 	2.84454e-09 	-1.91785e-09 	5.00344e-10 	1.43572e-09 	-3.3216e-10 	8.94523e-11
0.1      0.1    0.1    0.1    0.1    0 	0.0235954 	0.00507839 	0.00429753 	5.97735e-13 	-2.33256e-13 	2.14028e-15 	2.97764e-13 	-1.61834e-14 	3.07027e-13 	3.89605e-10 	4.48053e-11 	3.37913e-11 	4.91968e-10 	-6.22517e-10 	8.2767e-10
0.1      0.1    0.1    0.1    0.1    0.09 	0.0235954 	0.00507839 	0.00429753 	5.97735e-13 	-2.33256e-13 	2.14028e-15 	2.97764e-13 	-1.61834e-14 	3.07027e-13 	3.89605e-10 	4.48053e-11 	3.37913e-11 	4.91968e-10 	-6.22517e-10 	8.2767e-10
0.1      0.1    0.1    0.1    0.1    0.18 	0.0235954 	0.00507839 	0.00429753 	5.97735e-13 	-2.33256e-13 	2.14028e-15 	2.97764e-13 	-1.61834e-14 	3.07027e-13 	3.89605e-10 	4.48053e-11 	3.37913e-11 	4.91968e-10 	-6.22517e-10 	8.2767e-10
0.1      0.1    0.1    0.1    0.1    0.27 	0.00230686 	0.0120275 	-0.00806428 	6.33596e-13 	-2.83915e-13 	1.05793e-13 	3.0825e-13 	-9.32686e-14 	2.84051e-13 	2.00345e-09 	2.32248e-09 	5.98003e-09 	2.84458e-09 	7.16337e-09 	1.82225e-08
0.1      0.1    0.1    0.1    0.1    0.36 	0.00230686 	0.0120275 	-0.00806428 	6.33596e-13 	-2.83915e-13 	1.05793e-13 	3.0825e-13 	-9.32686e-14 	2.84051e-13 	2.00345e-09 	2.32248e-09 	5.98003e-09 	2.84458e-09 	7.16337e-09 	1.82225e-08
0.1      0.1    0.1    0.1    0.1    0.45 	0.0313264 	0.000738037 	-0.00202875 	5.11875e-13 	-1.68132e-13 	1.01514e-13 	2.59184e-13 	-4.24396e-14 	2.25481e-13 	6.46843e-10 	7.46686e-11 	-5.19295e-11 	1.85518e-10 	1.25321e-09 	9.34443e-09
0.1      0.1    0.1    0.1    0.1    0.54 	0.0313264 	0.000738037 	-0.00202875 	5.11875e-13 	-1.68132e-13 	1.01514e-13 	2.59184e-13 	-4.24396e-14 	2.25481e-13 	6.46843e-10 	7.46686e-11 	-5.19295e-11 	1.85518e-10 	1.25321e-09 	9.34443e-09
0.1      0.1    0.1    0.1    0.1    0.63 	-0.00856186 	0.0218406 	-0.0140483 	8.03821e-13 	-3.60414e-13 	5.02815e-14 	3.92607e-13 	2.03688e-14 	2.99685e-13 	8.38785e-08 	-7.68946e-09 	2.53017e-08 	7.66955e-10 	-2.38161e-09 	7.70273e-09
0.1      0.1    0.1    0.1    0.1    0.72 	-0.00856186 	0.0218406 	-0.0140483 	8.03821e-13 	-3.60414e-13 	5.02815e-14 	3.92607e-13 	2.03688e-14 	2.99685e-13 	8.38785e-08 	-7.68946e-09 	2.53017e-08 	7.66955e-10 	-2.38161e-09 	7.70273e-09
0.1      0.1    0.1    0.1    0.1    0.81 	0.0290397 	-0.00540518 	0.0176107 	5.50472e-13 	-2.00801e-13 	3.4217e-14 	2.78249e-13 	4.73292e-14 	2.4019e-13 	7.27766e-10 	1.93082e-10 	2.26139e-10 	5.22731e-11 	5.73263e-11 	9.93825e-11
0.1      0.1    0.1    0.1    0.1    0.9 	0.0290397 	-0.00540518 	0.0176107 	5.50472e-13 	-2.00801e-13 	3.4217e-14 	2.78249e-13 	4.73292e-14 	2.4019e-13 	7.27766e-10 	1.93082e-10 	2.26139e-10 	5.22731e-11 	5.73263e-11 	9.93825e-11
0.1      0.1    0.1    0.1    0.1    0.99 	0.0276813 	-0.000739953 	0.0133008 	4.54182e-13 	-1.95287e-13 	3.34341e-14 	2.43697e-13 	1.78167e-14 	2.94371e-13 	1.65416e-10 	-4.20854e-10 	9.73826e-11 	1.86534e-09 	-6.17642e-10 	2.5266e-10
0.1      0.1    0.1    0.1    0.1    1.08 	0.0276813 	-0.000739953 	0.0133008 	4.54182e-13 	-1.95287e-13 	3.34341e-14 	2.43697e-13 	1.78167e-14 	2.94371e-13 	1.65416e-10 	-4.20854e-10 	9.73826e-11 	1.86534e-09 	-6.17642e-10 	2.5266e-10
0.1      0.1    0.1    0.1    0.1    1.17 	0.0276813 	-0.000739953 	0.0133008 	4.54182e-13 	-1.95287e-13 	3.34341e-14 	2.43697e-13 	1.78167e-14 	2.94371e-13 	1.65416e-10 	-4.20854e-10 	9.73826e-11 	1.86534e-09 	-6.17642e-10 	2.5266e-10
0.1      0.1    0.1    0.1    0.1    1.26 	-0.000404978 	0.0137665 	0.0027952 	5.02248e-13 	-2.09479e-13 	-1.17302e-13 	2.03698e-13 	5.71632e-14 	2.55922e-13 	5.50356e-08 	-3.76569e-08 	4.4303e-09 	2.58086e-08 	-3.04175e-09 	3.64716e-10
0.1      0.1    0.1    0.1    0.1    1.35 	-0.000404978 	0.0137665 	0.0027952 	5.02248e-13 	-2.09479e-13 	-1.17302e-13 	2.03698e-13 	5.71632e-14 	2.55922e-13 	5.50356e-08 	-3.76569e-08 	4.4303e-09 	2.58086e-08 	-3.04175e-09 	3.64716e-10
0.1      0.1    0.1    0.1    0.1    1.44 	0.0160836 	0.00516063 	0.000255644 	5.37507e-13 	-1.94572e-13 	1.90582e-15 	2.14612e-13 	1.10501e-14 	2.66701e-13 	5.59026e-10 	-5.18002e-10 	-5.75911e-10 	7.14737e-10 	7.98517e-10 	9.01351e-10
0.1      0.1    0.1    0.1    0.1    1.53 	0.0160836 	0.00516063 	0.000255644 	5.37507e-13 	-1.94572e-13 	1.90582e-15 	2.14612e-13 	1.10501e-14 	2.66701e-13 	5.59026e-10 	-5.18002e-10 	-5.75911e-10 	7.14737e-10 	7.98517e-10 	9.01351e-10
0.1      0.1    0.1    0.1    0.1    1.62 	0.0282393 	-0.00247616 	0.0130999 	5.92518e-13 	-2.3548e-13 	5.12007e-14 	2.54342e-13 	-1.49261e-14 	3.10524e-13 	2.14181e-09 	3.41006e-09 	1.86071e-09 	6.30843e-09 	3.39352e-09 	1.8381e-09
0.1      0.1    0.1    0.1    0.1    1.71 	0.0282393 	-0.00247616 	0.0130999 	5.92518e-13 	-2.3548e-13 	5.12007e-14 	2.54342e-13 	-1.49261e-14 	3.10524e-13 	2.14181e-09 	3.41006e-09 	1.86071e-09 	6.30843e-09 	3.39352e-09 	1.8381e-09
0.1      0.1    0.1    0.1    0.1    1.8 	0.00208372 	0.00931718 	-0.00546961 	4.79606e-13 	-1.81355e-13 	-1.12044e-13 	2.00405e-13 	4.99228e-14 	3.09949e-13 	1.03193e-08 	-8.3891e-09 	-4.64582e-09 	6.94285e-09 	3.78825e-09 	2.09676e-09
0.1      0.1    0.1    0.1    0.1    1.89 	0.00208372 	0.00931718 	-0.00546961 	4.79606e-13 	-1.81355e-13 	-1.12044e-13 	2.00405e-13 	4.99228e-14 	3.09949e-13 	1.03193e-08 	-8.3891e-09 	-4.64582e-09 	6.94285e-09 	3.78825e-09 	2.09676e-09
0.1      0.1    0.1    0.1    0.1    1.98 	0.0323259 	-0.00287127 	-0.0077494 	8.76237e-13 	-3.01414e-13 	-3.12852e-13 	2.99881e-13 	6.71511e-14 	2.79741e-13 	1.12123e-09 	5.81518e-09 	4.28465e-09 	3.05888e-08 	2.28603e-08 	1.74228e-08
0.1      0.1    0.1    0.1    0.1    2.07 	0.0323259 	-0.00287127 	-0.0077494 	8.76237e-13 	-3.01414e-13 	-3.12852e-13 	2.99881e-13 	6.71511e-14 	2.79741e-13 	1.12123e-09 	5.81518e-09 	4.28465e-09 	3.05888e-08 	2.28603e-08 	1.74228e-08
0.1      0.1    0.1    0.1    0.1    2.16 	0.0559063 	-0.00507884 	-0.00426075 	5.8131e-13 	-1.59461e-13 	-1.41442e-13 	2.77773e-13 	5.88497e-14 	2.85816e-13 	3.68142e-08 	1.19191e-09 	-1.65004e-08 	5.99159e-11 	-5.80613e-10 	7.70664e-09
0.1      0.1    0.1    0.1    0.1    2.25 	0.0559063 	-0.00507884 	-0.00426075 	5.8131e-13 	-1.59461e-13 	-1.41442e-13 	2.77773e-13 	5.88497e-14 	2.85816e-13 	3.68142e-08 	1.19191e-09 	-1.65004e-08 	5.99159e-11 	-5.80613e-10 	7.70664e-09
0.1      0.1    0.1    0.1    0.1    2.34 	0.0559063 	-0.00507884 	-0.00426075 	5.8131e-13 	-1.59461e-13 	-1.41442e-13 	2.77773e-13 	5.88497e-14 	2.85816e-13 	3.68142e-08 	1.19191e-09 	-1.65004e-08 	5.99159e-11 	-5.80613e-10 	7.70664e-09
0.1      0.1    0.1    0.1    0.1    2.43 	0.0295692 	0.000984406 	-0.0145016 	4.0215e-13 	-9.10662e-14 	-1.29031e-13 	1.97208e-13 	9.28808e-15 	2.94749e-13 	9.3811e-09 	-6.06488e-10 	1.22579e-08 	6.09448e-11 	-8.72471e-10 	1.92036e-08
0.1      0.1    0.1    0.1    0.1    2.52 	0.0295692 	0.000984406 	-0.0145016 	4.0215e-13 	-9.10662e-14 	-1.29031e-13 	1.97208e-13 	9.28808e-15 	2.94749e-13 	9.3811e-09 	-6.06488e-10 	1.22579e-08 	6.09448e-11 	-8.72471e-10 	1.92036e-08
0.1      0.1    0.1    0.1    0.1    2.61 	0.0145487 	0.0132076 	0.00131226 	4.87081e-13 	-1.82361e-13 	-1.47212e-13 	2.68496e-13 	2.51596e-14 	2.55832e-13 	1.59473e-09 	-5.23212e-10 	-1.93922e-09 	4.81632e-10 	1.35934e-09 	4.35597e-09
0.1      0.1    0.1    0.1    0.1    2.7 	0.0145487 	0.0132076 	0.00131226 	4.87081e-13 	-1.82361e-13 	-1.47212e-13 	2.68496e-13 	2.51596e-14 	2.55832e-13 	1.59473e-09 	-5.23212e-10 	-1.93922e-09 	4.81632e-10 	1.35934e-09 	4.35597e-09
0.1      0.1    0.1    0.1    0.1    2.79 	0.0660648 	-0.00531755 	-0.0043047 	6.07978e-13 	-2.5966e-13 	-1.02841e-13 	3.64253e-13 	4.26474e-14 	2.53432e-13 	2.79632e-08 	-5.44227e-09 	-2.11683e-08 	1.32952e-09 	4.04026e-09 	1.68806e-08
0.1      0.1    0.1    0.1    0.1    2.88 	0.0660648 	-0.00531755 	-0.0043047 	6.07978e-13 	-2.5966e-13 	-1.02841e-13 	3.64253e-13 	4.26474e-14 	2.53432e-13 	2.79632e-08 	-5.44227e-09 	-2.11683e-08 	1.32952e-09 	4.04026e-09 	1.68806e-08
0.1      0.1    0.1    0.1    0.1    2.97 	0.0797955 	-0.00967256 	-0.00345947 	1.03982e-12 	-4.09643e-13 	-1.10853e-13 	5.02204e-13 	2.64633e-14 	3.28962e-13 	9.16003e-08 	-1.54561e-08 	-7.3666e-09 	2.74581e-09 	1.45349e-09 	1.04558e-09
0.1      0.1    0.1    0.1    0.1    3.06 	0.0797955 	-0.00967256 	-0.00345947 	1.03982e-12 	-4.09643e-13 	-1.10853e-13 	5.02204e-13 	2.64633e-14 	3.28962e-13 	9.16003e-08 	-1.54561e-08 	-7.3666e-09 	2.74581e-09 	1.45349e-09 	1.04558e-09
0.1      0.1    0.1    0.1    0.1    3.15 	0.0425535 	0.00479906 	0.00267845 	5.70264e-13 	-1.93482e-13 	-2.04951e-14 	2.71305e-13 	4.31154e-14 	2.67268e-13 	2.44854e-09 	7.24565e-09 	7.49272e-09 	2.50637e-08 	2.62347e-08 	2.75774e-08
0.1      0.1    0.1    0.1    0.1    3.24 	0.0425535 	0.00479906 	0.00267845 	5.70264e-13 	-1.93482e-13 	-2.04951e-14 	2.71305e-13 	4.31154e-14 	2.67268e-13 	2.44854e-09 	7.24565e-09 	7.49272e-09 	2.50637e-08 	2.62347e-08 	2.75774e-08
0.1      0.1    0.1    0.1    0.1    3.33 	0.00702128 	0.0140633 	-0.00372583 	5.60276e-13 	-2.42379e-13 	-4.3866e-14 	2.79256e-13 	2.18469e-14 	2.95807e-13 	1.64555e-08 	-1.77215e-08 	-1.89493e-08 	1.92349e-08 	2.05122e-08 	2.20531e-08
0.1      0.1    0.1    0.1    0.1    3.42 	0.00702128 	0.0140633 	-0.00372583 	5.60276e-13 	-2.42379e-13 	-4.3866e-14 	2.79256e-13 	2.18469e-14 	2.95807e-13 	1.64555e-08 	-1.77215e-08 	-1.89493e-08 	1.92349e-08 	2.05122e-08 	2.20531e-08
0.1      0.1    0.1    0.1    0.1    3.51 	0.00702128 	0.0140633 	-0.00372583 	5.60276e-13 	-2.42379e-13 	-4.3866e-14 	2.79256e-13 	2.18469e-14 	2.95807e-13 	1.64555e-08 	-1.77215e-08 	-1.89493e-08 	1.92349e-08 	2.05122e-08 	2.20531e-08
0.1      0.1    0.1    0.1    0.1    3.6 	0.0131922 	0.0110534 	-0.0133759 	4.39601e-13 	-1.96428e-13 	5.48162e-14 	2.57401e-13 	-3.62259e-14 	2.39136e-13 	2.13679e-08 	1.77001e-09 	1.38405e-09 	1.5675e-10 	1.14131e-10 	9.70903e-11
0.1      0.1    0.1    0.1    0.1    3.69 	0.0131922 	0.0110534 	-0.0133759 	4.39601e-13 	-1.96428e-13 	5.48162e-14 	2.57401e-13 	-3.62259e-14 	2.39136e-13 	2.13679e-08 	1.77001e-09 	1.38405e-09 	1.5675e-10 	1.14131e-10 	9.70903e-11
0.1      0.1    0.1    0.1    0.1    3.78 	0.0199326 	0.00445711 	-0.0125542 	5.05995e-13 	-1.95715e-13 	-1.72534e-14 	2.57262e-13 	1.7747e-14 	2.63722e-13 	5.71181e-08 	1.65386e-08 	5.85551e-08 	4.83467e-09 	1.70955e-08 	6.06022e-08
0.1      0.1    0.1    0.1    0.1    3.87 	0.0199326 	0.00445711 	-0.0125542 	5.05995e-13 	-1.95715e-13 	-1.72534e-14 	2.57262e-13 	1.7747e-14 	2.63722e-13 	5.71181e-08 	1.65386e-08 	5.85551e-08 	4.83467e-09 	1.70955e-08 	6.06022e-08
0.1      0.1    0.1    0.1    0.1    3.96 	0.0204503 	0.0121678 	-0.00180419 	6.19133e-13 	-2.69964e-13 	4.19144e-14 	3.96486e-13 	-7.19306e-14 	2.48787e-13 	2.34755e-09 	-8.60725e-09 	3.59168e-09 	5.27377e-08 	-2.23723e-08 	9.54841e-09
0.1      0.1    0.1    0.1    0.1    4.05 	0.0204503 	0.0121678 	-0.00180419 	6.19133e-13 	-2.69964e-13 	4.19144e-14 	3.96486e-13 	-7.19306e-14 	2.48787e-13 	2.34755e-09 	-8.60725e-09 	3.59168e-09 	5.27377e-08 	-2.23723e-08 	9.54841e-09
0.1      0.1    0.1    0.1    0.1    4.14 	0.00431541 	0.00957268 	-0.00404583 	1.13782e-12 	-5.51726e-13 	7.35229e-14 	4.7973e-13 	-6.73519e-14 	2.33074e-13 	7.00262e-09 	-2.81223e-09 	-2.08336e-08 	1.13373e-09 	8.36877e-09 	6.37612e-08
0.1      0.1    0.1    0.1    0.1    4.23 	0.00431541 	0.00957268 	-0.00404583 	1.13782e-12 	-5.51726e-13 	7.35229e-14 	4.7973e-13 	-6.73519e-14 	2.33074e-13 	7.00262e-09 	-2.81223e-09 	-2.08336e-08 	1.13373e-09 	8.36877e-09 	6.37612e-08
0.1      0.1    0.1    0.1    0.1    4.32 	0.027745 	-0.000729998 	0.0134557 	5.25193e-13 	-1.78566e-13 	-4.82868e-14 	1.91259e-13 	-7.77509e-15 	2.49111e-13 	3.03269e-09 	-4.858e-09 	-2.36788e-10 	1.18365e-08 	1.62427e-09 	4.06305e-10
0.1      0.1    0.1    0.1    0.1    4.41 	0.027745 	-0.000729998 	0.0134557 	5.25193e-13 	-1.78566e-13 	-4.82868e-14 	1.91259e-13 	-7.77509e-15 	2.49111e-13 	3.03269e-09 	-4.858e-09 	-2.36788e-10 	1.18365e-08 	1.62427e-09 	4.06305e-10
0.1      0.1    0.1    0.1    0.1    4.5 	0.027745 	-0.000729998 	0.0134557 	5.25193e-13 	-1.78566e-13 	-4.82868e-14 	1.91259e-13 	-7.77509e-15 	2.49111e-13 	3.03269e-09 	-4.858e-09 	-2.36788e-10 	1.18365e-08 	1.62427e-09 	4.06305e-10
0.2      0.2    0.2    0.2    0.2    0 	0.0232746 	0.00513792 	0.00418537 	5.96037e-13 	-2.32724e-13 	3.2475e-15 	2.96706e-13 	-1.70582e-14 	3.08173e-13 	1.4824e-08 	-1.21488e-09 	3.34603e-09 	4.24723e-10 	-6.82661e-10 	1.28037e-09
0.2      0.2    0.2    0.2    0.2    0.09 	0.0232746 	0.00513792 	0.00418537 	5.96037e-13 	-2.32724e-13 	3.2475e-15 	2.96706e-13 	-1.70582e-14 	3.08173e-13 	1.4824e-08 	-1.21488e-09 	3.34603e-09 	4.24723e-10 	-6.82661e-10 	1.28037e-09
0.2      0.2    0.2    0.2    0.2    0.18 	0.0232746 	0.00513792 	0.00418537 	5.96037e-13 	-2.32724e-13 	3.2475e-15 	2.96706e-13 	-1.70582e-14 	3.08173e-13 	1.4824e-08 	-1.21488e-09 	3.34603e-09 	4.24723e-10 	-6.82661e-10 	1.28037e-09
0.2      0.2    0.2    0.2    0.2    0.27 	0.0021413 	0.0120149 	-0.00846042 	6.35304e-13 	-2.84446e-13 	1.05212e-13 	3.08417e-13 	-9.2485e-14 	2.84651e-13 	9.40294e-09 	4.96782e-09 	2.38401e-08 	3.36525e-09 	1.30696e-08 	6.08702e-08
0.2      0.2    0.2    0.2    0.2    0.36 	0.0021413 	0.0120149 	-0.00846042 	6.35304e-13 	-2.84446e-13 	1.05212e-13 	3.08417e-13 	-9.2485e-14 	2.84651e-13 	9.40294e-09 	4.96782e-09 	2.38401e-08 	3.36525e-09 	1.30696e-08 	6.08702e-08
0.2      0.2    0.2    0.2    0.2    0.45 	0.0314465 	0.000742945 	-0.00177372 	5.12262e-13 	-1.69785e-13 	1.01624e-13 	2.60058e-13 	-4.13391e-14 	2.25925e-13 	2.85266e-09 	6.10521e-10 	7.41228e-09 	2.57293e-10 	2.45212e-09 	2.71218e-08
0.2      0.2    0.2    0.2    0.2    0.54 	0.0314465 	0.000742945 	-0.00177372 	5.12262e-13 	-1.69785e-13 	1.01624e-13 	2.60058e-13 	-4.13391e-14 	2.25925e-13 	2.85266e-09 	6.10521e-10 	7.41228e-09 	2.57293e-10 	2.45212e-09 	2.71218e-08
0.2      0.2    0.2    0.2    0.2    0.63 	-0.00813928 	0.0217774 	-0.013822 	8.09325e-13 	-3.61349e-13 	5.2146e-14 	3.91851e-13 	2.04449e-14 	3.0066e-13 	1.5345e-07 	-1.76332e-08 	5.73795e-08 	2.09413e-09 	-6.75251e-09 	2.19634e-08
0.2      0.2    0.2    0.2    0.2    0.72 	-0.00813928 	0.0217774 	-0.013822 	8.09325e-13 	-3.61349e-13 	5.2146e-14 	3.91851e-13 	2.04449e-14 	3.0066e-13 	1.5345e-07 	-1.76332e-08 	5.73795e-08 	2.09413e-09 	-6.75251e-09 	2.19634e-08
0.2      0.2    0.2    0.2    0.2    0.81 	0.0292542 	-0.00533257 	0.017658 	5.52588e-13 	-2.02481e-13 	3.4683e-14 	2.81035e-13 	4.81538e-14 	2.41844e-13 	7.50967e-09 	2.36429e-09 	1.53679e-09 	7.4784e-10 	4.81809e-10 	3.34745e-10
0.2      0.2    0.2    0.2    0.2    0.9 	0.0292542 	-0.00533257 	0.017658 	5.52588e-13 	-2.02481e-13 	3.4683e-14 	2.81035e-13 	4.81538e-14 	2.41844e-13 	7.50967e-09 	2.36429e-09 	1.53679e-09 	7.4784e-10 	4.81809e-10 	3.34745e-10
0.2      0.2    0.2    0.2    0.2    0.99 	0.0276478 	-0.000587923 	0.013173 	4.54361e-13 	-1.95566e-13 	3.34605e-14 	2.43827e-13 	1.70538e-14 	2.93116e-13 	2.99245e-10 	-1.39093e-09 	8.79262e-10 	7.44684e-09 	-4.84875e-09 	3.31646e-09
0.2      0.2    0.2    0.2    0.2    1.08 	0.0276478 	-0.000587923 	0.013173 	4.54361e-13 	-1.95566e-13 	3.34605e-14 	2.43827e-13 	1.70538e-14 	2.93116e-13 	2.99245e-10 	-1.39093e-09 	8.79262e-10 	7.44684e-09 	-4.84875e-09 	3.31646e-09
0.2      0.2    0.2    0.2    0.2    1.17 	0.0276478 	-0.000587923 	0.013173 	4.54361e-13 	-1.95566e-13 	3.34605e-14 	2.43827e-13 	1.70538e-14 	2.93116e-13 	2.99245e-10 	-1.39093e-09 	8.79262e-10 	7.44684e-09 	-4.84875e-09 	3.31646e-09
0.2      0.2    0.2    0.2    0.2    1.26 	0.000105489 	0.013411 	0.00292743 	5.00933e-13 	-2.08402e-13 	-1.15722e-13 	2.02696e-13 	5.66666e-14 	2.55866e-13 	1.37926e-07 	-9.67799e-08 	2.08947e-08 	6.79428e-08 	-1.46939e-08 	3.45843e-09
0.2      0.2    0.2    0.2    0.2    1.35 	0.000105489 	0.013411 	0.00292743 	5.00933e-13 	-2.08402e-13 	-1.15722e-13 	2.02696e-13 	5.66666e-14 	2.55866e-13 	1.37926e-07 	-9.67799e-08 	2.08947e-08 	6.79428e-08 	-1.46939e-08 	3.45843e-09
0.2      0.2    0.2    0.2    0.2    1.44 	0.0161821 	0.00510498 	0.000287549 	5.33865e-13 	-1.9296e-13 	2.29412e-15 	2.13069e-13 	1.15135e-14 	2.66525e-13 	2.81331e-09 	-2.00962e-09 	-6.99009e-10 	1.57506e-09 	7.16509e-10 	6.52793e-10
0.2      0.2    0.2    0.2    0.2    1.53 	0.0161821 	0.00510498 	0.000287549 	5.33865e-13 	-1.9296e-13 	2.29412e-15 	2.13069e-13 	1.15135e-14 	2.66525e-13 	2.81331e-09 	-2.00962e-09 	-6.99009e-10 	1.57506e-09 	7.16509e-10 	6.52793e-10
0.2      0.2    0.2    0.2    0.2    1.62 	0.0279605 	-0.00251494 	0.013025 	5.88731e-13 	-2.34474e-13 	5.05106e-14 	2.53459e-13 	-1.41485e-14 	3.09699e-13 	1.77137e-08 	9.55076e-09 	7.69843e-09 	7.36899e-09 	5.10115e-09 	3.76002e-09
0.2      0.2    0.2    0.2    0.2    1.71 	0.0279605 	-0.00251494 	0.013025 	5.88731e-13 	-2.34474e-13 	5.05106e-14 	2.53459e-13 	-1.41485e-14 	3.09699e-13 	1.77137e-08 	9.55076e-09 	7.69843e-09 	7.36899e-09 	5.10115e-09 	3.76002e-09
0.2      0.2    0.2    0.2    0.2    1.8 	0.00228948 	0.00912207 	-0.0055397 	4.79756e-13 	-1.80424e-13 	-1.12654e-13 	1.98961e-13 	4.9638e-14 	3.09951e-13 	2.28584e-08 	-2.09046e-08 	-9.35103e-09 	1.92496e-08 	8.53035e-09 	3.84639e-09
0.2      0.2    0.2    0.2    0.2    1.89 	0.00228948 	0.00912207 	-0.0055397 	4.79756e-13 	-1.80424e-13 	-1.12654e-13 	1.98961e-13 	4.9638e-14 	3.09951e-13 	2.28584e-08 	-2.09046e-08 	-9.35103e-09 	1.92496e-08 	8.53035e-09 	3.84639e-09
0.2      0.2    0.2    0.2    0.2    1.98 	0.0323097 	-0.00310955 	-0.00813945 	8.74505e-13 	-3.03096e-13 	-3.1356e-13 	3.0149e-13 	6.81988e-14 	2.78329e-13 	1.31975e-09 	8.27263e-09 	8.06842e-09 	5.39582e-08 	5.48964e-08 	5.83344e-08
0.2      0.2    0.2    0.2    0.2    2.07 	0.0323097 	-0.00310955 	-0.00813945 	8.74505e-13 	-3.03096e-13 	-3.1356e-13 	3.0149e-13 	6.81988e-14 	2.78329e-13 	1.31975e-09 	8.27263e-09 	8.06842e-09 	5.39582e-08 	5.48964e-08 	5.83344e-08
0.2      0.2    0.2    0.2    0.2    2.16 	0.0562029 	-0.00494137 	-0.00452527 	5.72774e-13 	-1.56192e-13 	-1.39635e-13 	2.76629e-13 	5.79154e-14 	2.83352e-13 	7.19919e-08 	1.19473e-08 	-4.37168e-08 	2.7261e-09 	-8.06484e-09 	2.75622e-08
0.2      0.2    0.2    0.2    0.2    2.25 	0.0562029 	-0.00494137 	-0.00452527 	5.72774e-13 	-1.56192e-13 	-1.39635e-13 	2.76629e-13 	5.79154e-14 	2.83352e-13 	7.19919e-08 	1.19473e-08 	-4.37168e-08 	2.7261e-09 	-8.06484e-09 	2.75622e-08
0.2      0.2    0.2    0.2    0.2    2.34 	0.0562029 	-0.00494137 	-0.00452527 	5.72774e-13 	-1.56192e-13 	-1.39635e-13 	2.76629e-13 	5.79154e-14 	2.83352e-13 	7.19919e-08 	1.19473e-08 	-4.37168e-08 	2.7261e-09 	-8.06484e-09 	2.75622e-08
0.2      0.2    0.2    0.2    0.2    2.43 	0.0299041 	0.000910151 	-0.0142414 	4.01763e-13 	-9.13068e-14 	-1.28468e-13 	1.96464e-13 	9.1393e-15 	2.94016e-13 	3.97264e-08 	-5.9307e-09 	3.88805e-08 	9.58244e-10 	-5.63804e-09 	4.0365e-08
0.2      0.2    0.2    0.2    0.2    2.52 	0.0299041 	0.000910151 	-0.0142414 	4.01763e-13 	-9.13068e-14 	-1.28468e-13 	1.96464e-13 	9.1393e-15 	2.94016e-13 	3.97264e-08 	-5.9307e-09 	3.88805e-08 	9.58244e-10 	-5.63804e-09 	4.0365e-08
0.2      0.2    0.2    0.2    0.2    2.61 	0.0144114 	0.0132981 	0.00145125 	4.87895e-13 	-1.82362e-13 	-1.47492e-13 	2.67416e-13 	2.46575e-14 	2.5475e-13 	4.22609e-09 	-2.57267e-09 	-6.51435e-09 	1.79932e-09 	4.42221e-09 	1.16368e-08
0.2      0.2    0.2    0.2    0.2    2.7 	0.0144114 	0.0132981 	0.00145125 	4.87895e-13 	-1.82362e-13 	-1.47492e-13 	2.67416e-13 	2.46575e-14 	2.5475e-13 	4.22609e-09 	-2.57267e-09 	-6.51435e-09 	1.79932e-09 	4.42221e-09 	1.16368e-08
0.2      0.2    0.2    0.2    0.2    2.79 	0.0665199 	-0.00558736 	-0.00470184 	6.07315e-13 	-2.60065e-13 	-1.04727e-13 	3.65252e-13 	4.32419e-14 	2.55155e-13 	9.19695e-08 	-3.69353e-08 	-7.26587e-08 	1.59355e-08 	2.93897e-08 	5.79235e-08
0.2      0.2    0.2    0.2    0.2    2.88 	0.0665199 	-0.00558736 	-0.00470184 	6.07315e-13 	-2.60065e-13 	-1.04727e-13 	3.65252e-13 	4.32419e-14 	2.55155e-13 	9.19695e-08 	-3.69353e-08 	-7.26587e-08 	1.59355e-08 	2.93897e-08 	5.79235e-08
0.2      0.2    0.2    0.2    0.2    2.97 	0.0804844 	-0.00991522 	-0.00382656 	1.03238e-12 	-4.06986e-13 	-1.13454e-13 	5.02477e-13 	2.91571e-14 	3.29448e-13 	2.49374e-07 	-6.37793e-08 	-7.04432e-08 	1.69512e-08 	1.94995e-08 	2.34729e-08
0.2      0.2    0.2    0.2    0.2    3.06 	0.0804844 	-0.00991522 	-0.00382656 	1.03238e-12 	-4.06986e-13 	-1.13454e-13 	5.02477e-13 	2.91571e-14 	3.29448e-13 	2.49374e-07 	-6.37793e-08 	-7.04432e-08 	1.69512e-08 	1.94995e-08 	2.34729e-08
0.2      0.2    0.2    0.2    0.2    3.15 	0.0424731 	0.00454965 	0.00212778 	5.64969e-13 	-1.92116e-13 	-2.17459e-14 	2.69901e-13 	4.36676e-14 	2.66127e-13 	3.82875e-09 	1.35639e-08 	1.89943e-08 	5.06835e-08 	7.10731e-08 	1.03383e-07
0.2      0.2    0.2    0.2    0.2    3.24 	0.0424731 	0.00454965 	0.00212778 	5.64969e-13 	-1.92116e-13 	-2.17459e-14 	2.69901e-13 	4.36676e-14 	2.66127e-13 	3.82875e-09 	1.35639e-08 	1.89943e-08 	5.06835e-08 	7.10731e-08 	1.03383e-07
0.2      0.2    0.2    0.2    0.2    3.33 	0.0072259 	0.0137067 	-0.00423891 	5.62518e-13 	-2.43136e-13 	-4.55477e-14 	2.78699e-13 	2.25271e-14 	2.96167e-13 	3.34342e-08 	-4.39405e-08 	-5.22866e-08 	5.86997e-08 	7.0452e-08 	8.5188e-08
0.2      0.2    0.2    0.2    0.2    3.42 	0.0072259 	0.0137067 	-0.00423891 	5.62518e-13 	-2.43136e-13 	-4.55477e-14 	2.78699e-13 	2.25271e-14 	2.96167e-13 	3.34342e-08 	-4.39405e-08 	-5.22866e-08 	5.86997e-08 	7.0452e-08 	8.5188e-08
0.2      0.2    0.2    0.2    0.2    3.51 	0.0072259 	0.0137067 	-0.00423891 	5.62518e-13 	-2.43136e-13 	-4.55477e-14 	2.78699e-13 	2.25271e-14 	2.96167e-13 	3.34342e-08 	-4.39405e-08 	-5.22866e-08 	5.86997e-08 	7.0452e-08 	8.5188e-08
0.2      0.2    0.2    0.2    0.2    3.6 	0.0135261 	0.0111269 	-0.0132999 	4.41827e-13 	-1.97563e-13 	5.45242e-14 	2.57902e-13 	-3.60267e-14 	2.38875e-13 	5.55422e-08 	7.87283e-09 	7.52088e-09 	1.19263e-09 	1.15035e-09 	1.12228e-09
0.2      0.2    0.2    0.2    0.2    3.69 	0.0135261 	0.0111269 	-0.0132999 	4.41827e-13 	-1.97563e-13 	5.45242e-14 	2.57902e-13 	-3.60267e-14 	2.38875e-13 	5.55422e-08 	7.87283e-09 	7.52088e-09 	1.19263e-09 	1.15035e-09 	1.12228e-09
0.2      0.2    0.2    0.2    0.2    3.78 	0.0205153 	0.0045753 	-0.0118987 	5.09556e-13 	-1.96609e-13 	-1.89367e-14 	2.58962e-13 	1.89078e-14 	2.64847e-13 	1.62211e-07 	4.00039e-08 	1.69157e-07 	9.97423e-09 	4.17089e-08 	1.76826e-07
0.2      0.2    0.2    0.2    0.2    3.87 	0.0205153 	0.0045753 	-0.0118987 	5.09556e-13 	-1.96609e-13 	-1.89367e-14 	2.58962e-13 	1.89078e-14 	2.64847e-13 	1.62211e-07 	4.00039e-08 	1.69157e-07 	9.97423e-09 	4.17089e-08 	1.76826e-07
0.2      0.2    0.2    0.2    0.2    3.96 	0.0204384 	0.0128016 	-0.00219405 	6.19395e-13 	-2.684e-13 	4.21144e-14 	3.94729e-13 	-7.30862e-14 	2.49357e-13 	1.59986e-09 	-1.18077e-08 	5.79238e-09 	1.66147e-07 	-8.66275e-08 	4.56156e-08
0.2      0.2    0.2    0.2    0.2    4.05 	0.0204384 	0.0128016 	-0.00219405 	6.19395e-13 	-2.684e-13 	4.21144e-14 	3.94729e-13 	-7.30862e-14 	2.49357e-13 	1.59986e-09 	-1.18077e-08 	5.79238e-09 	1.66147e-07 	-8.66275e-08 	4.56156e-08
0.2      0.2    0.2    0.2    0.2    4.14 	0.00420668 	0.00969417 	-0.00451176 	1.13641e-12 	-5.56103e-13 	7.39316e-14 	4.85139e-13 	-6.83714e-14 	2.33117e-13 	4.55329e-09 	-1.82405e-09 	-1.46783e-08 	1.35989e-09 	-1.31534e-09 	1.31688e-07
0.2      0.2    0.2    0.2    0.2    4.23 	0.00420668 	0.00969417 	-0.00451176 	1.13641e-12 	-5.56103e-13 	7.39316e-14 	4.85139e-13 	-6.83714e-14 	2.33117e-13 	4.55329e-09 	-1.82405e-09 	-1.46783e-08 	1.35989e-09 	-1.31534e-09 	1.31688e-07
0.2      0.2    0.2    0.2    0.2    4.32 	0.0279708 	-0.000537901 	0.0136306 	5.23876e-13 	-1.77765e-13 	-4.65081e-14 	1.90907e-13 	-9.20454e-15 	2.48567e-13 	5.73839e-09 	5.36565e-09 	4.54589e-09 	2.57965e-08 	1.12506e-08 	5.96444e-09
0.2      0.2    0.2    0.2    0.2    4.41 	0.0279708 	-0.000537901 	0.0136306 	5.23876e-13 	-1.77765e-13 	-4.65081e-14 	1.90907e-13 	-9.20454e-15 	2.48567e-13 	5.73839e-09 	5.36565e-09 	4.54589e-09 	2.57965e-08 	1.12506e-08 	5.96444e-09
0.2      0.2    0.2    0.2    0.2    4.5 	0.0279708 	-0.000537901 	0.0136306 	5.23876e-13 	-1.77765e-13 	-4.65081e-14 	1.90907e-13 	-9.20454e-15 	2.48567e-13 	5.73839e-09 	5.36565e-09 	4.54589e-09 	2.57965e-08 	1.12506e-08 	5.96444e-09
0.3      0.3    0.3    0.3    0.3    0 	0.0228558 	0.00523104 	0.00402212 	5.94366e-13 	-2.32158e-13 	4.35021e-15 	2.95548e-13 	-1.79133e-14 	3.0929e-13 	6.64171e-08 	-1.09629e-08 	2.14937e-08 	2.11669e-09 	-3.92621e-09 	7.43046e-09
0.3      0.3    0.3    0.3    0.3    0.09 	0.0228558 	0.00523104 	0.00402212 	5.94366e-13 	-2.32158e-13 	4.35021e-15 	2.95548e-13 	-1.79133e-14 	3.0929e-13 	6.64171e-08 	-1.09629e-08 	2.14937e-08 	2.11669e-09 	-3.92621e-09 	7.43046e-09
0.3      0.3    0.3    0.3    0.3    0.18 	0.0228558 	0.00523104 	0.00402212 	5.94366e-13 	-2.32158e-13 	4.35021e-15 	2.95548e-13 	-1.79133e-14 	3.0929e-13 	6.64171e-08 	-1.09629e-08 	2.14937e-08 	2.11669e-09 	-3.92621e-09 	7.43046e-09
0.3      0.3    0.3    0.3    0.3    0.27 	0.00201619 	0.0120717 	-0.00883033 	6.37087e-13 	-2.84986e-13 	1.04572e-13 	3.08658e-13 	-9.15855e-14 	2.85236e-13 	1.83178e-08 	3.85362e-09 	4.73559e-08 	2.38531e-09 	1.00428e-08 	1.22796e-07
0.3      0.3    0.3    0.3    0.3    0.36 	0.00201619 	0.0120717 	-0.00883033 	6.37087e-13 	-2.84986e-13 	1.04572e-13 	3.08658e-13 	-9.15855e-14 	2.85236e-13 	1.83178e-08 	3.85362e-09 	4.73559e-08 	2.38531e-09 	1.00428e-08 	1.22796e-07
0.3      0.3    0.3    0.3    0.3    0.45 	0.0315825 	0.000720784 	-0.00150605 	5.12784e-13 	-1.71489e-13 	1.01665e-13 	2.61022e-13 	-4.01804e-14 	2.26392e-13 	9.0914e-09 	3.6861e-10 	2.13606e-08 	1.863e-10 	1.57551e-09 	5.56335e-08
0.3      0.3    0.3    0.3    0.3    0.54 	0.0315825 	0.000720784 	-0.00150605 	5.12784e-13 	-1.71489e-13 	1.01665e-13 	2.61022e-13 	-4.01804e-14 	2.26392e-13 	9.0914e-09 	3.6861e-10 	2.13606e-08 	1.863e-10 	1.57551e-09 	5.56335e-08
0.3      0.3    0.3    0.3    0.3    0.63 	-0.00786863 	0.0217261 	-0.0135805 	8.14903e-13 	-3.62303e-13 	5.40074e-14 	3.91085e-13 	2.05758e-14 	3.01632e-13 	1.97792e-07 	-2.57383e-08 	9.16943e-08 	3.44779e-09 	-1.23591e-08 	4.47942e-08
0.3      0.3    0.3    0.3    0.3    0.72 	-0.00786863 	0.0217261 	-0.0135805 	8.14903e-13 	-3.62303e-13 	5.40074e-14 	3.91085e-13 	2.05758e-14 	3.01632e-13 	1.97792e-07 	-2.57383e-08 	9.16943e-08 	3.44779e-09 	-1.23591e-08 	4.47942e-08
0.3      0.3    0.3    0.3    0.3    0.81 	0.0294991 	-0.00522947 	0.017698 	5.54728e-13 	-2.04209e-13 	3.51295e-14 	2.83842e-13 	4.89508e-14 	2.43574e-13 	2.74808e-08 	9.95791e-09 	5.28734e-09 	3.62904e-09 	1.90844e-09 	1.03318e-09
0.3      0.3    0.3    0.3    0.3    0.9 	0.0294991 	-0.00522947 	0.017698 	5.54728e-13 	-2.04209e-13 	3.51295e-14 	2.83842e-13 	4.89508e-14 	2.43574e-13 	2.74808e-08 	9.95791e-09 	5.28734e-09 	3.62904e-09 	1.90844e-09 	1.03318e-09
0.3      0.3    0.3    0.3    0.3    0.99 	0.0275968 	-0.000434282 	0.0130325 	4.54643e-13 	-1.95882e-13 	3.34881e-14 	2.44014e-13 	1.62594e-14 	2.91909e-13 	9.99175e-10 	-4.04696e-09 	3.14918e-09 	1.72056e-08 	-1.32681e-08 	1.04448e-08
0.3      0.3    0.3    0.3    0.3    1.08 	0.0275968 	-0.000434282 	0.0130325 	4.54643e-13 	-1.95882e-13 	3.34881e-14 	2.44014e-13 	1.62594e-14 	2.91909e-13 	9.99175e-10 	-4.04696e-09 	3.14918e-09 	1.72056e-08 	-1.32681e-08 	1.04448e-08
0.3      0.3    0.3    0.3    0.3    1.17 	0.0275968 	-0.000434282 	0.0130325 	4.54643e-13 	-1.95882e-13 	3.34881e-14 	2.44014e-13 	1.62594e-14 	2.91909e-13 	9.99175e-10 	-4.04696e-09 	3.14918e-09 	1.72056e-08 	-1.32681e-08 	1.04448e-08
0.3      0.3    0.3    0.3    0.3    1.26 	0.00052591 	0.0131488 	0.0030843 	4.99634e-13 	-2.0735e-13 	-1.14168e-13 	2.01729e-13 	5.61691e-14 	2.55798e-13 	2.28403e-07 	-1.56946e-07 	4.97901e-08 	1.07918e-07 	-3.40529e-08 	1.17948e-08
0.3      0.3    0.3    0.3    0.3    1.35 	0.00052591 	0.0131488 	0.0030843 	4.99634e-13 	-2.0735e-13 	-1.14168e-13 	2.01729e-13 	5.61691e-14 	2.55798e-13 	2.28403e-07 	-1.56946e-07 	4.97901e-08 	1.07918e-07 	-3.40529e-08 	1.17948e-08
0.3      0.3    0.3    0.3    0.3    1.44 	0.0162989 	0.00505247 	0.00036189 	5.30259e-13 	-1.91388e-13 	2.6873e-15 	2.11573e-13 	1.19662e-14 	2.66344e-13 	7.52265e-09 	-4.47472e-09 	1.39699e-09 	2.79511e-09 	-5.43003e-10 	1.08908e-09
0.3      0.3    0.3    0.3    0.3    1.53 	0.0162989 	0.00505247 	0.00036189 	5.30259e-13 	-1.91388e-13 	2.6873e-15 	2.11573e-13 	1.19662e-14 	2.66344e-13 	7.52265e-09 	-4.47472e-09 	1.39699e-09 	2.79511e-09 	-5.43003e-10 	1.08908e-09
0.3      0.3    0.3    0.3    0.3    1.62 	0.0276445 	-0.00248098 	0.012988 	5.84976e-13 	-2.33469e-13 	4.98081e-14 	2.52582e-13 	-1.33807e-14 	3.08879e-13 	5.31648e-08 	1.16107e-08 	1.52336e-08 	5.74925e-09 	4.77555e-09 	5.02554e-09
0.3      0.3    0.3    0.3    0.3    1.71 	0.0276445 	-0.00248098 	0.012988 	5.84976e-13 	-2.33469e-13 	4.98081e-14 	2.52582e-13 	-1.33807e-14 	3.08879e-13 	5.31648e-08 	1.16107e-08 	1.52336e-08 	5.74925e-09 	4.77555e-09 	5.02554e-09
0.3      0.3    0.3    0.3    0.3    1.8 	0.00249157 	0.0089724 	-0.00558919 	4.79895e-13 	-1.79531e-13 	-1.13258e-13 	1.97575e-13 	4.93521e-14 	3.09957e-13 	4.01631e-08 	-3.56108e-08 	-1.44453e-08 	3.17036e-08 	1.28418e-08 	5.27862e-09
0.3      0.3    0.3    0.3    0.3    1.89 	0.00249157 	0.0089724 	-0.00558919 	4.79895e-13 	-1.79531e-13 	-1.13258e-13 	1.97575e-13 	4.93521e-14 	3.09957e-13 	4.01631e-08 	-3.56108e-08 	-1.44453e-08 	3.17036e-08 	1.28418e-08 	5.27862e-09
0.3      0.3    0.3    0.3    0.3    1.98 	0.0323367 	-0.00321954 	-0.00853072 	8.72845e-13 	-3.04874e-13 	-3.14353e-13 	3.03159e-13 	6.9358e-14 	2.76844e-13 	9.78962e-10 	6.89248e-09 	7.53587e-09 	6.40745e-08 	8.46298e-08 	1.22217e-07
0.3      0.3    0.3    0.3    0.3    2.07 	0.0323367 	-0.00321954 	-0.00853072 	8.72845e-13 	-3.04874e-13 	-3.14353e-13 	3.03159e-13 	6.9358e-14 	2.76844e-13 	9.78962e-10 	6.89248e-09 	7.53587e-09 	6.40745e-08 	8.46298e-08 	1.22217e-07
0.3      0.3    0.3    0.3    0.3    2.16 	0.0563636 	-0.00476658 	-0.00476581 	5.64624e-13 	-1.53086e-13 	-1.37944e-13 	2.75435e-13 	5.69869e-14 	2.80858e-13 	9.15954e-08 	2.87357e-08 	-6.86417e-08 	1.19982e-08 	-2.44689e-08 	5.44218e-08
0.3      0.3    0.3    0.3    0.3    2.25 	0.0563636 	-0.00476658 	-0.00476581 	5.64624e-13 	-1.53086e-13 	-1.37944e-13 	2.75435e-13 	5.69869e-14 	2.80858e-13 	9.15954e-08 	2.87357e-08 	-6.86417e-08 	1.19982e-08 	-2.44689e-08 	5.44218e-08
0.3      0.3    0.3    0.3    0.3    2.34 	0.0563636 	-0.00476658 	-0.00476581 	5.64624e-13 	-1.53086e-13 	-1.37944e-13 	2.75435e-13 	5.69869e-14 	2.80858e-13 	9.15954e-08 	2.87357e-08 	-6.86417e-08 	1.19982e-08 	-2.44689e-08 	5.44218e-08
0.3      0.3    0.3    0.3    0.3    2.43 	0.0301984 	0.000811157 	-0.0140358 	4.01302e-13 	-9.15884e-14 	-1.27897e-13 	1.95723e-13 	8.97621e-15 	2.93313e-13 	8.14055e-08 	-1.71325e-08 	7.02108e-08 	3.82646e-09 	-1.43591e-08 	6.26571e-08
0.3      0.3    0.3    0.3    0.3    2.52 	0.0301984 	0.000811157 	-0.0140358 	4.01302e-13 	-9.15884e-14 	-1.27897e-13 	1.95723e-13 	8.97621e-15 	2.93313e-13 	8.14055e-08 	-1.71325e-08 	7.02108e-08 	3.82646e-09 	-1.43591e-08 	6.26571e-08
0.3      0.3    0.3    0.3    0.3    2.61 	0.014241 	0.0134451 	0.00149025 	4.88776e-13 	-1.82275e-13 	-1.47795e-13 	2.66221e-13 	2.41197e-14 	2.53696e-13 	1.35078e-08 	-9.80193e-09 	-1.28162e-08 	7.32818e-09 	9.29992e-09 	1.47735e-08
0.3      0.3    0.3    0.3    0.3    2.7 	0.014241 	0.0134451 	0.00149025 	4.88776e-13 	-1.82275e-13 	-1.47795e-13 	2.66221e-13 	2.41197e-14 	2.53696e-13 	1.35078e-08 	-9.80193e-09 	-1.28162e-08 	7.32818e-09 	9.29992e-09 	1.47735e-08
0.3      0.3    0.3    0.3    0.3    2.79 	0.0668734 	-0.00585522 	-0.00510249 	6.06788e-13 	-2.60439e-13 	-1.06579e-13 	3.66202e-13 	4.38253e-14 	2.56893e-13 	1.61306e-07 	-8.30813e-08 	-1.4089e-07 	4.49116e-08 	7.37794e-08 	1.24263e-07
0.3      0.3    0.3    0.3    0.3    2.88 	0.0668734 	-0.00585522 	-0.00510249 	6.06788e-13 	-2.60439e-13 	-1.06579e-13 	3.66202e-13 	4.38253e-14 	2.56893e-13 	1.61306e-07 	-8.30813e-08 	-1.4089e-07 	4.49116e-08 	7.37794e-08 	1.24263e-07
0.3      0.3    0.3    0.3    0.3    2.97 	0.080965 	-0.0101173 	-0.00424522 	1.02494e-12 	-4.04338e-13 	-1.15989e-13 	5.02712e-13 	3.20096e-14 	3.29953e-13 	3.93534e-07 	-1.19841e-07 	-1.70456e-07 	3.76489e-08 	5.5192e-08 	8.34945e-08
0.3      0.3    0.3    0.3    0.3    3.06 	0.080965 	-0.0101173 	-0.00424522 	1.02494e-12 	-4.04338e-13 	-1.15989e-13 	5.02712e-13 	3.20096e-14 	3.29953e-13 	3.93534e-07 	-1.19841e-07 	-1.70456e-07 	3.76489e-08 	5.5192e-08 	8.34945e-08
0.3      0.3    0.3    0.3    0.3    3.15 	0.0423784 	0.00445667 	0.00158251 	5.5975e-13 	-1.90869e-13 	-2.30028e-14 	2.68661e-13 	4.42411e-14 	2.65037e-13 	6.76901e-09 	1.96282e-08 	3.86005e-08 	6.10427e-08 	1.12694e-07 	2.28542e-07
0.3      0.3    0.3    0.3    0.3    3.24 	0.0423784 	0.00445667 	0.00158251 	5.5975e-13 	-1.90869e-13 	-2.30028e-14 	2.68661e-13 	4.42411e-14 	2.65037e-13 	6.76901e-09 	1.96282e-08 	3.86005e-08 	6.10427e-08 	1.12694e-07 	2.28542e-07
0.3      0.3    0.3    0.3    0.3    3.33 	0.00733307 	0.0134349 	-0.00476976 	5.64811e-13 	-2.43945e-13 	-4.71154e-14 	2.78274e-13 	2.31763e-14 	2.9652e-13 	4.25971e-08 	-6.45518e-08 	-8.81361e-08 	1.00566e-07 	1.40106e-07 	1.98432e-07
0.3      0.3    0.3    0.3    0.3    3.42 	0.00733307 	0.0134349 	-0.00476976 	5.64811e-13 	-2.43945e-13 	-4.71154e-14 	2.78274e-13 	2.31763e-14 	2.9652e-13 	4.25971e-08 	-6.45518e-08 	-8.81361e-08 	1.00566e-07 	1.40106e-07 	1.98432e-07
0.3      0.3    0.3    0.3    0.3    3.51 	0.00733307 	0.0134349 	-0.00476976 	5.64811e-13 	-2.43945e-13 	-4.71154e-14 	2.78274e-13 	2.31763e-14 	2.9652e-13 	4.25971e-08 	-6.45518e-08 	-8.81361e-08 	1.00566e-07 	1.40106e-07 	1.98432e-07
0.3      0.3    0.3    0.3    0.3    3.6 	0.0138331 	0.0111865 	-0.0132046 	4.44153e-13 	-1.98758e-13 	5.42382e-14 	2.58485e-13 	-3.58116e-14 	2.38602e-13 	9.85872e-08 	1.70194e-08 	1.91122e-08 	3.04609e-09 	3.46284e-09 	3.99596e-09
0.3      0.3    0.3    0.3    0.3    3.69 	0.0138331 	0.0111865 	-0.0132046 	4.44153e-13 	-1.98758e-13 	5.42382e-14 	2.58485e-13 	-3.58116e-14 	2.38602e-13 	9.85872e-08 	1.70194e-08 	1.91122e-08 	3.04609e-09 	3.46284e-09 	3.99596e-09
0.3      0.3    0.3    0.3    0.3    3.78 	0.0209957 	0.00465359 	-0.0112631 	5.13279e-13 	-1.97525e-13 	-2.06479e-14 	2.60612e-13 	2.01089e-14 	2.65988e-13 	2.81423e-07 	6.1845e-08 	3.14024e-07 	1.38011e-08 	6.86142e-08 	3.51808e-07
0.3      0.3    0.3    0.3    0.3    3.87 	0.0209957 	0.00465359 	-0.0112631 	5.13279e-13 	-1.97525e-13 	-2.06479e-14 	2.60612e-13 	2.01089e-14 	2.65988e-13 	2.81423e-07 	6.1845e-08 	3.14024e-07 	1.38011e-08 	6.86142e-08 	3.51808e-07
0.3      0.3    0.3    0.3    0.3    3.96 	0.0204581 	0.0133492 	-0.00257599 	6.19556e-13 	-2.66689e-13 	4.22129e-14 	3.92661e-13 	-7.40726e-14 	2.49869e-13 	1.14632e-09 	-1.11871e-08 	5.8621e-09 	3.14035e-07 	-1.82832e-07 	1.07439e-07
0.3      0.3    0.3    0.3    0.3    4.05 	0.0204581 	0.0133492 	-0.00257599 	6.19556e-13 	-2.66689e-13 	4.22129e-14 	3.92661e-13 	-7.40726e-14 	2.49869e-13 	1.14632e-09 	-1.11871e-08 	5.8621e-09 	3.14035e-07 	-1.82832e-07 	1.07439e-07
0.3      0.3    0.3    0.3    0.3    4.14 	0.00397544 	0.00991091 	-0.00491878 	1.13533e-12 	-5.60629e-13 	7.43813e-14 	4.90733e-13 	-6.94038e-14 	2.333e-13 	1.02818e-08 	-9.39208e-09 	1.88341e-08 	1.0204e-08 	-3.39969e-08 	2.10311e-07
0.3      0.3    0.3    0.3    0.3    4.23 	0.00397544 	0.00991091 	-0.00491878 	1.13533e-12 	-5.60629e-13 	7.43813e-14 	4.90733e-13 	-6.94038e-14 	2.333e-13 	1.02818e-08 	-9.39208e-09 	1.88341e-08 	1.0204e-08 	-3.39969e-08 	2.10311e-07
0.3      0.3    0.3    0.3    0.3    4.32 	0.0282927 	-0.000444392 	0.013815 	5.22559e-13 	-1.76974e-13 	-4.47416e-14 	1.90582e-13 	-1.0661e-14 	2.48109e-13 	3.07458e-08 	2.42487e-08 	2.2924e-08 	3.3852e-08 	2.30488e-08 	1.87722e-08
0.3      0.3    0.3    0.3    0.3    4.41 	0.0282927 	-0.000444392 	0.013815 	5.22559e-13 	-1.76974e-13 	-4.47416e-14 	1.90582e-13 	-1.0661e-14 	2.48109e-13 	3.07458e-08 	2.42487e-08 	2.2924e-08 	3.3852e-08 	2.30488e-08 	1.87722e-08
0.3      0.3    0.3    0.3    0.3    4.5 	0.0282927 	-0.000444392 	0.013815 	5.22559e-13 	-1.76974e-13 	-4.47416e-14 	1.90582e-13 	-1.0661e-14 	2.48109e-13 	3.07458e-08 	2.42487e-08 	2.2924e-08 	3.3852e-08 	2.30488e-08 	1.87722e-08
