0.01      0.01    0.01    0.01    0.01    0 	0.0806261 	0.00447238 	-0.0167578 	1.31678e-12 	-5.11899e-13 	-1.60562e-13 	2.17804e-13 	9.05851e-14 	1.69562e-13 	5.78942e-09 	-5.23614e-09 	-7.76703e-09 	4.73573e-09 	7.02475e-09 	1.04202e-08
0.01      0.01    0.01    0.01    0.01    0.09 	0.0806261 	0.00447238 	-0.0167578 	1.31678e-12 	-5.11899e-13 	-1.60562e-13 	2.17804e-13 	9.05851e-14 	1.69562e-13 	5.78942e-09 	-5.23614e-09 	-7.76703e-09 	4.73573e-09 	7.02475e-09 	1.04202e-08
0.01      0.01    0.01    0.01    0.01    0.18 	0.0806261 	0.00447238 	-0.0167578 	1.31678e-12 	-5.11899e-13 	-1.60562e-13 	2.17804e-13 	9.05851e-14 	1.69562e-13 	5.78942e-09 	-5.23614e-09 	-7.76703e-09 	4.73573e-09 	7.02475e-09 	1.04202e-08
0.01      0.01    0.01    0.01    0.01    0.27 	0.0678246 	-0.0212597 	0.0208436 	1.09823e-12 	-3.76839e-13 	-1.46167e-13 	3.34988e-13 	5.05363e-14 	1.63255e-13 	5.08615e-10 	1.09796e-09 	-1.18385e-09 	2.37019e-09 	-2.5556e-09 	2.75552e-09
0.01      0.01    0.01    0.01    0.01    0.36 	0.0678246 	-0.0212597 	0.0208436 	1.09823e-12 	-3.76839e-13 	-1.46167e-13 	3.34988e-13 	5.05363e-14 	1.63255e-13 	5.08615e-10 	1.09796e-09 	-1.18385e-09 	2.37019e-09 	-2.5556e-09 	2.75552e-09
0.01      0.01    0.01    0.01    0.01    0.45 	0.0392689 	-0.0243237 	0.0682497 	5.56502e-13 	-2.74713e-13 	-3.22733e-14 	2.23154e-13 	-4.37481e-15 	1.81432e-13 	3.95122e-09 	1.7036e-10 	-2.85636e-09 	7.34519e-12 	-1.23154e-10 	2.06488e-09
0.01      0.01    0.01    0.01    0.01    0.54 	0.0392689 	-0.0243237 	0.0682497 	5.56502e-13 	-2.74713e-13 	-3.22733e-14 	2.23154e-13 	-4.37481e-15 	1.81432e-13 	3.95122e-09 	1.7036e-10 	-2.85636e-09 	7.34519e-12 	-1.23154e-10 	2.06488e-09
0.01      0.01    0.01    0.01    0.01    0.63 	0.0511716 	0.00934897 	0.0169388 	7.84943e-13 	-2.02874e-13 	1.60231e-13 	1.37462e-13 	9.50464e-15 	3.21787e-13 	1.72607e-09 	2.4582e-09 	-1.13168e-10 	3.50087e-09 	-1.61169e-10 	7.41974e-12
0.01      0.01    0.01    0.01    0.01    0.72 	0.0511716 	0.00934897 	0.0169388 	7.84943e-13 	-2.02874e-13 	1.60231e-13 	1.37462e-13 	9.50464e-15 	3.21787e-13 	1.72607e-09 	2.4582e-09 	-1.13168e-10 	3.50087e-09 	-1.61169e-10 	7.41974e-12
0.01      0.01    0.01    0.01    0.01    0.81 	0.0654647 	-0.0237157 	0.017178 	1.02862e-12 	-5.61792e-13 	8.67623e-14 	2.13939e-13 	4.03484e-14 	1.79433e-13 	9.0763e-10 	1.61639e-09 	-1.19636e-09 	2.87863e-09 	-2.13059e-09 	1.57693e-09
0.01      0.01    0.01    0.01    0.01    0.9 	0.0654647 	-0.0237157 	0.017178 	1.02862e-12 	-5.61792e-13 	8.67623e-14 	2.13939e-13 	4.03484e-14 	1.79433e-13 	9.0763e-10 	1.61639e-09 	-1.19636e-09 	2.87863e-09 	-2.13059e-09 	1.57693e-09
0.01      0.01    0.01    0.01    0.01    0.99 	0.0281994 	-0.025923 	-0.000749976 	5.23106e-13 	-2.22367e-13 	-9.44062e-14 	1.82997e-13 	9.72751e-14 	2.14108e-13 	2.59006e-12 	1.34052e-10 	-8.02901e-11 	6.938e-09 	-4.15551e-09 	2.48894e-09
0.01      0.01    0.01    0.01    0.01    1.08 	0.0281994 	-0.025923 	-0.000749976 	5.23106e-13 	-2.22367e-13 	-9.44062e-14 	1.82997e-13 	9.72751e-14 	2.14108e-13 	2.59006e-12 	1.34052e-10 	-8.02901e-11 	6.938e-09 	-4.15551e-09 	2.48894e-09
0.01      0.01    0.01    0.01    0.01    1.17 	0.0281994 	-0.025923 	-0.000749976 	5.23106e-13 	-2.22367e-13 	-9.44062e-14 	1.82997e-13 	9.72751e-14 	2.14108e-13 	2.59006e-12 	1.34052e-10 	-8.02901e-11 	6.938e-09 	-4.15551e-09 	2.48894e-09
0.01      0.01    0.01    0.01    0.01    1.26 	0.0389809 	0.00573956 	-0.0128428 	4.44702e-13 	-1.90563e-13 	5.66447e-14 	2.22116e-13 	-2.82941e-14 	1.89503e-13 	6.42138e-10 	6.09939e-10 	-6.51278e-10 	5.79355e-10 	-6.18622e-10 	6.60549e-10
0.01      0.01    0.01    0.01    0.01    1.35 	0.0389809 	0.00573956 	-0.0128428 	4.44702e-13 	-1.90563e-13 	5.66447e-14 	2.22116e-13 	-2.82941e-14 	1.89503e-13 	6.42138e-10 	6.09939e-10 	-6.51278e-10 	5.79355e-10 	-6.18622e-10 	6.60549e-10
0.01      0.01    0.01    0.01    0.01    1.44 	-0.0156416 	0.0583398 	-0.020157 	3.10995e-13 	-1.81285e-13 	-3.36068e-14 	3.06255e-13 	-4.22849e-14 	2.10682e-13 	6.48369e-10 	-5.18291e-10 	-1.3793e-10 	4.14309e-10 	1.10258e-10 	2.93425e-11
0.01      0.01    0.01    0.01    0.01    1.53 	-0.0156416 	0.0583398 	-0.020157 	3.10995e-13 	-1.81285e-13 	-3.36068e-14 	3.06255e-13 	-4.22849e-14 	2.10682e-13 	6.48369e-10 	-5.18291e-10 	-1.3793e-10 	4.14309e-10 	1.10258e-10 	2.93425e-11
0.01      0.01    0.01    0.01    0.01    1.62 	0.0630076 	0.0110647 	-0.0230726 	7.33829e-13 	-5.55387e-13 	1.01511e-13 	3.30136e-13 	-3.51602e-14 	2.34095e-13 	3.46572e-11 	-5.59753e-10 	-3.38433e-10 	9.04064e-09 	5.46607e-09 	3.30485e-09
0.01      0.01    0.01    0.01    0.01    1.71 	0.0630076 	0.0110647 	-0.0230726 	7.33829e-13 	-5.55387e-13 	1.01511e-13 	3.30136e-13 	-3.51602e-14 	2.34095e-13 	3.46572e-11 	-5.59753e-10 	-3.38433e-10 	9.04064e-09 	5.46607e-09 	3.30485e-09
0.01      0.01    0.01    0.01    0.01    1.8 	0.0244429 	-0.0199984 	-0.0255821 	4.12378e-13 	-4.27009e-13 	3.01264e-13 	2.48073e-13 	-1.45409e-13 	3.36199e-13 	2.04456e-09 	3.64266e-09 	-5.27267e-09 	6.48992e-09 	-9.394e-09 	1.35976e-08
0.01      0.01    0.01    0.01    0.01    1.89 	0.0244429 	-0.0199984 	-0.0255821 	4.12378e-13 	-4.27009e-13 	3.01264e-13 	2.48073e-13 	-1.45409e-13 	3.36199e-13 	2.04456e-09 	3.64266e-09 	-5.27267e-09 	6.48992e-09 	-9.394e-09 	1.35976e-08
0.01      0.01    0.01    0.01    0.01    1.98 	0.183753 	-0.129527 	-0.00748543 	9.81377e-13 	-7.24374e-13 	1.02118e-13 	4.8687e-13 	-9.02606e-14 	2.01854e-13 	5.62872e-09 	-3.36827e-09 	1.82282e-09 	2.0156e-09 	-1.09079e-09 	5.9031e-10
0.01      0.01    0.01    0.01    0.01    2.07 	0.183753 	-0.129527 	-0.00748543 	9.81377e-13 	-7.24374e-13 	1.02118e-13 	4.8687e-13 	-9.02606e-14 	2.01854e-13 	5.62872e-09 	-3.36827e-09 	1.82282e-09 	2.0156e-09 	-1.09079e-09 	5.9031e-10
0.01      0.01    0.01    0.01    0.01    2.16 	0.122531 	-0.0218469 	0.0338864 	1.00499e-12 	-7.324e-13 	1.27428e-13 	4.89754e-13 	-9.33186e-14 	2.93215e-13 	3.70348e-10 	-1.43062e-09 	-1.39378e-09 	5.52635e-09 	5.38405e-09 	5.24541e-09
0.01      0.01    0.01    0.01    0.01    2.25 	0.122531 	-0.0218469 	0.0338864 	1.00499e-12 	-7.324e-13 	1.27428e-13 	4.89754e-13 	-9.33186e-14 	2.93215e-13 	3.70348e-10 	-1.43062e-09 	-1.39378e-09 	5.52635e-09 	5.38405e-09 	5.24541e-09
0.01      0.01    0.01    0.01    0.01    2.34 	0.122531 	-0.0218469 	0.0338864 	1.00499e-12 	-7.324e-13 	1.27428e-13 	4.89754e-13 	-9.33186e-14 	2.93215e-13 	3.70348e-10 	-1.43062e-09 	-1.39378e-09 	5.52635e-09 	5.38405e-09 	5.24541e-09
0.01      0.01    0.01    0.01    0.01    2.43 	0.0948499 	-0.00617642 	-0.0158974 	7.11923e-13 	-2.49254e-13 	-1.23488e-14 	2.21627e-13 	1.62433e-15 	2.3596e-13 	4.00873e-10 	-2.84874e-10 	-7.81631e-11 	2.02442e-10 	5.55455e-11 	1.52404e-11
0.01      0.01    0.01    0.01    0.01    2.52 	0.0948499 	-0.00617642 	-0.0158974 	7.11923e-13 	-2.49254e-13 	-1.23488e-14 	2.21627e-13 	1.62433e-15 	2.3596e-13 	4.00873e-10 	-2.84874e-10 	-7.81631e-11 	2.02442e-10 	5.55455e-11 	1.52404e-11
0.01      0.01    0.01    0.01    0.01    2.61 	0.0615007 	0.00278954 	0.0210374 	6.60677e-13 	-1.14174e-13 	-7.84565e-15 	1.95459e-13 	-2.35451e-14 	2.22861e-13 	1.94463e-10 	2.63796e-10 	-1.3941e-10 	3.57848e-10 	-1.89114e-10 	9.99425e-11
0.01      0.01    0.01    0.01    0.01    2.7 	0.0615007 	0.00278954 	0.0210374 	6.60677e-13 	-1.14174e-13 	-7.84565e-15 	1.95459e-13 	-2.35451e-14 	2.22861e-13 	1.94463e-10 	2.63796e-10 	-1.3941e-10 	3.57848e-10 	-1.89114e-10 	9.99425e-11
0.01      0.01    0.01    0.01    0.01    2.79 	0.0121877 	0.0234895 	0.00939827 	6.98112e-13 	-2.77832e-13 	2.0625e-14 	2.57616e-13 	-2.74636e-14 	2.55053e-13 	1.45173e-09 	3.65687e-10 	-1.31669e-09 	9.21158e-11 	-3.31671e-10 	1.19421e-09
0.01      0.01    0.01    0.01    0.01    2.88 	0.0121877 	0.0234895 	0.00939827 	6.98112e-13 	-2.77832e-13 	2.0625e-14 	2.57616e-13 	-2.74636e-14 	2.55053e-13 	1.45173e-09 	3.65687e-10 	-1.31669e-09 	9.21158e-11 	-3.31671e-10 	1.19421e-09
0.01      0.01    0.01    0.01    0.01    2.97 	0.147144 	-0.0273005 	-0.0110533 	7.92559e-13 	-5.06707e-13 	1.11654e-15 	4.08879e-13 	-8.44448e-15 	1.19789e-13 	1.69861e-09 	2.80711e-09 	-2.14048e-09 	4.63899e-09 	-3.53734e-09 	2.6973e-09
0.01      0.01    0.01    0.01    0.01    3.06 	0.147144 	-0.0273005 	-0.0110533 	7.92559e-13 	-5.06707e-13 	1.11654e-15 	4.08879e-13 	-8.44448e-15 	1.19789e-13 	1.69861e-09 	2.80711e-09 	-2.14048e-09 	4.63899e-09 	-3.53734e-09 	2.6973e-09
0.01      0.01    0.01    0.01    0.01    3.15 	0.0900717 	-0.012731 	0.045183 	9.32364e-13 	-3.58529e-13 	-4.39717e-14 	3.36553e-13 	4.46674e-14 	2.09394e-13 	1.90827e-09 	2.10789e-09 	3.69467e-10 	2.32839e-09 	4.08116e-10 	7.15337e-11
0.01      0.01    0.01    0.01    0.01    3.24 	0.0900717 	-0.012731 	0.045183 	9.32364e-13 	-3.58529e-13 	-4.39717e-14 	3.36553e-13 	4.46674e-14 	2.09394e-13 	1.90827e-09 	2.10789e-09 	3.69467e-10 	2.32839e-09 	4.08116e-10 	7.15337e-11
0.01      0.01    0.01    0.01    0.01    3.33 	0.070014 	0.0591717 	0.0617726 	5.45314e-13 	-2.62929e-13 	8.05112e-14 	3.04317e-13 	1.05778e-14 	2.39858e-13 	2.50581e-09 	3.85469e-10 	-2.60498e-09 	5.92966e-11 	-4.00724e-10 	2.70808e-09
0.01      0.01    0.01    0.01    0.01    3.42 	0.070014 	0.0591717 	0.0617726 	5.45314e-13 	-2.62929e-13 	8.05112e-14 	3.04317e-13 	1.05778e-14 	2.39858e-13 	2.50581e-09 	3.85469e-10 	-2.60498e-09 	5.92966e-11 	-4.00724e-10 	2.70808e-09
0.01      0.01    0.01    0.01    0.01    3.51 	0.070014 	0.0591717 	0.0617726 	5.45314e-13 	-2.62929e-13 	8.05112e-14 	3.04317e-13 	1.05778e-14 	2.39858e-13 	2.50581e-09 	3.85469e-10 	-2.60498e-09 	5.92966e-11 	-4.00724e-10 	2.70808e-09
0.01      0.01    0.01    0.01    0.01    3.6 	0.15222 	-0.051676 	0.0382849 	6.87468e-13 	-3.01694e-13 	3.31159e-13 	2.16593e-13 	-5.07691e-14 	2.82216e-13 	5.73044e-09 	-1.80351e-09 	3.06475e-09 	5.6761e-10 	-9.64553e-10 	1.63909e-09
0.01      0.01    0.01    0.01    0.01    3.69 	0.15222 	-0.051676 	0.0382849 	6.87468e-13 	-3.01694e-13 	3.31159e-13 	2.16593e-13 	-5.07691e-14 	2.82216e-13 	5.73044e-09 	-1.80351e-09 	3.06475e-09 	5.6761e-10 	-9.64553e-10 	1.63909e-09
0.01      0.01    0.01    0.01    0.01    3.78 	0.189329 	-0.106363 	0.0212436 	1.1438e-12 	-3.73477e-13 	4.17557e-14 	1.53241e-13 	-2.39057e-14 	2.93255e-13 	2.6049e-09 	-2.02934e-09 	-1.21394e-09 	1.58096e-09 	9.45722e-10 	5.65727e-10
0.01      0.01    0.01    0.01    0.01    3.87 	0.189329 	-0.106363 	0.0212436 	1.1438e-12 	-3.73477e-13 	4.17557e-14 	1.53241e-13 	-2.39057e-14 	2.93255e-13 	2.6049e-09 	-2.02934e-09 	-1.21394e-09 	1.58096e-09 	9.45722e-10 	5.65727e-10
0.01      0.01    0.01    0.01    0.01    3.96 	0.136927 	-0.0256021 	-0.0702495 	7.03512e-13 	-3.19894e-13 	-1.22975e-13 	1.60651e-13 	2.98216e-14 	2.11579e-13 	2.62209e-09 	2.39713e-09 	-1.99038e-09 	2.19147e-09 	-1.81962e-09 	1.51086e-09
0.01      0.01    0.01    0.01    0.01    4.05 	0.136927 	-0.0256021 	-0.0702495 	7.03512e-13 	-3.19894e-13 	-1.22975e-13 	1.60651e-13 	2.98216e-14 	2.11579e-13 	2.62209e-09 	2.39713e-09 	-1.99038e-09 	2.19147e-09 	-1.81962e-09 	1.51086e-09
0.01      0.01    0.01    0.01    0.01    4.14 	0.0373386 	0.0298671 	0.0415459 	9.65117e-13 	-3.64526e-13 	-1.33869e-14 	2.48359e-13 	-8.29924e-15 	1.95886e-13 	9.44893e-10 	-5.45559e-10 	-1.93042e-09 	3.14993e-10 	1.11458e-09 	3.94386e-09
0.01      0.01    0.01    0.01    0.01    4.23 	0.0373386 	0.0298671 	0.0415459 	9.65117e-13 	-3.64526e-13 	-1.33869e-14 	2.48359e-13 	-8.29924e-15 	1.95886e-13 	9.44893e-10 	-5.45559e-10 	-1.93042e-09 	3.14993e-10 	1.11458e-09 	3.94386e-09
0.01      0.01    0.01    0.01    0.01    4.32 	0.141036 	0.0223632 	-0.00795155 	1.08097e-12 	-3.08345e-13 	-1.41194e-13 	2.38416e-13 	8.63642e-14 	3.36537e-13 	4.93194e-10 	5.25852e-10 	2.00792e-09 	5.60672e-10 	2.14087e-09 	8.17474e-09
0.01      0.01    0.01    0.01    0.01    4.41 	0.141036 	0.0223632 	-0.00795155 	1.08097e-12 	-3.08345e-13 	-1.41194e-13 	2.38416e-13 	8.63642e-14 	3.36537e-13 	4.93194e-10 	5.25852e-10 	2.00792e-09 	5.60672e-10 	2.14087e-09 	8.17474e-09
0.01      0.01    0.01    0.01    0.01    4.5 	0.141036 	0.0223632 	-0.00795155 	1.08097e-12 	-3.08345e-13 	-1.41194e-13 	2.38416e-13 	8.63642e-14 	3.36537e-13 	4.93194e-10 	5.25852e-10 	2.00792e-09 	5.60672e-10 	2.14087e-09 	8.17474e-09
0.02      0.02    0.02    0.02    0.02    0 	0.0809343 	0.00419947 	-0.0171527 	1.31881e-12 	-5.13484e-13 	-1.6135e-13 	2.17932e-13 	9.08929e-14 	1.69562e-13 	2.94862e-08 	-2.63186e-08 	-3.83629e-08 	2.34932e-08 	3.42455e-08 	4.99208e-08
0.02      0.02    0.02    0.02    0.02    0.09 	0.0809343 	0.00419947 	-0.0171527 	1.31881e-12 	-5.13484e-13 	-1.6135e-13 	2.17932e-13 	9.08929e-14 	1.69562e-13 	2.94862e-08 	-2.63186e-08 	-3.83629e-08 	2.34932e-08 	3.42455e-08 	4.99208e-08
0.02      0.02    0.02    0.02    0.02    0.18 	0.0809343 	0.00419947 	-0.0171527 	1.31881e-12 	-5.13484e-13 	-1.6135e-13 	2.17932e-13 	9.08929e-14 	1.69562e-13 	2.94862e-08 	-2.63186e-08 	-3.83629e-08 	2.34932e-08 	3.42455e-08 	4.99208e-08
0.02      0.02    0.02    0.02    0.02    0.27 	0.0679103 	-0.0210571 	0.020645 	1.10014e-12 	-3.77446e-13 	-1.46676e-13 	3.3507e-13 	5.07148e-14 	1.62986e-13 	2.36202e-09 	5.44232e-09 	-5.49348e-09 	1.25457e-08 	-1.26576e-08 	1.27773e-08
0.02      0.02    0.02    0.02    0.02    0.36 	0.0679103 	-0.0210571 	0.020645 	1.10014e-12 	-3.77446e-13 	-1.46676e-13 	3.3507e-13 	5.07148e-14 	1.62986e-13 	2.36202e-09 	5.44232e-09 	-5.49348e-09 	1.25457e-08 	-1.26576e-08 	1.27773e-08
0.02      0.02    0.02    0.02    0.02    0.45 	0.0390166 	-0.0243373 	0.0684411 	5.56988e-13 	-2.74876e-13 	-3.27842e-14 	2.2331e-13 	-4.14401e-15 	1.81206e-13 	1.98458e-08 	1.00091e-09 	-1.4884e-08 	5.06507e-11 	-7.50951e-10 	1.11648e-08
0.02      0.02    0.02    0.02    0.02    0.54 	0.0390166 	-0.0243373 	0.0684411 	5.56988e-13 	-2.74876e-13 	-3.27842e-14 	2.2331e-13 	-4.14401e-15 	1.81206e-13 	1.98458e-08 	1.00091e-09 	-1.4884e-08 	5.06507e-11 	-7.50951e-10 	1.11648e-08
0.02      0.02    0.02    0.02    0.02    0.63 	0.0513341 	0.00960515 	0.0169246 	7.84736e-13 	-2.0302e-13 	1.59933e-13 	1.3747e-13 	9.51489e-15 	3.21463e-13 	8.41732e-09 	1.28291e-08 	-6.80484e-10 	1.95714e-08 	-1.03867e-09 	5.52374e-11
0.02      0.02    0.02    0.02    0.02    0.72 	0.0513341 	0.00960515 	0.0169246 	7.84736e-13 	-2.0302e-13 	1.59933e-13 	1.3747e-13 	9.51489e-15 	3.21463e-13 	8.41732e-09 	1.28291e-08 	-6.80484e-10 	1.95714e-08 	-1.03867e-09 	5.52374e-11
0.02      0.02    0.02    0.02    0.02    0.81 	0.0653404 	-0.0239251 	0.0173432 	1.02877e-12 	-5.61359e-13 	8.68278e-14 	2.13417e-13 	4.02788e-14 	1.7952e-13 	4.78098e-09 	8.16916e-09 	-6.31402e-09 	1.39614e-08 	-1.07894e-08 	8.3409e-09
0.02      0.02    0.02    0.02    0.02    0.9 	0.0653404 	-0.0239251 	0.0173432 	1.02877e-12 	-5.61359e-13 	8.68278e-14 	2.13417e-13 	4.02788e-14 	1.7952e-13 	4.78098e-09 	8.16916e-09 	-6.31402e-09 	1.39614e-08 	-1.07894e-08 	8.3409e-09
0.02      0.02    0.02    0.02    0.02    0.99 	0.0281967 	-0.0255827 	-0.000955761 	5.23198e-13 	-2.22192e-13 	-9.4485e-14 	1.82766e-13 	9.72541e-14 	2.14186e-13 	1.87976e-12 	1.82433e-11 	-1.0417e-11 	3.58522e-08 	-2.15987e-08 	1.30121e-08
0.02      0.02    0.02    0.02    0.02    1.08 	0.0281967 	-0.0255827 	-0.000955761 	5.23198e-13 	-2.22192e-13 	-9.4485e-14 	1.82766e-13 	9.72541e-14 	2.14186e-13 	1.87976e-12 	1.82433e-11 	-1.0417e-11 	3.58522e-08 	-2.15987e-08 	1.30121e-08
0.02      0.02    0.02    0.02    0.02    1.17 	0.0281967 	-0.0255827 	-0.000955761 	5.23198e-13 	-2.22192e-13 	-9.4485e-14 	1.82766e-13 	9.72541e-14 	2.14186e-13 	1.87976e-12 	1.82433e-11 	-1.0417e-11 	3.58522e-08 	-2.15987e-08 	1.30121e-08
0.02      0.02    0.02    0.02    0.02    1.26 	0.0388573 	0.0056362 	-0.012736 	4.45439e-13 	-1.90855e-13 	5.65995e-14 	2.22127e-13 	-2.81967e-14 	1.8943e-13 	4.24373e-09 	3.68461e-09 	-3.84791e-09 	3.20346e-09 	-3.34668e-09 	3.49665e-09
0.02      0.02    0.02    0.02    0.02    1.35 	0.0388573 	0.0056362 	-0.012736 	4.45439e-13 	-1.90855e-13 	5.65995e-14 	2.22127e-13 	-2.81967e-14 	1.8943e-13 	4.24373e-09 	3.68461e-09 	-3.84791e-09 	3.20346e-09 	-3.34668e-09 	3.49665e-09
0.02      0.02    0.02    0.02    0.02    1.44 	-0.015755 	0.0584193 	-0.0201272 	3.11014e-13 	-1.81499e-13 	-3.35742e-14 	3.06121e-13 	-4.22109e-14 	2.10695e-13 	3.78196e-09 	-2.75919e-09 	-9.35052e-10 	2.01547e-09 	6.80775e-10 	2.32025e-10
0.02      0.02    0.02    0.02    0.02    1.53 	-0.015755 	0.0584193 	-0.0201272 	3.11014e-13 	-1.81499e-13 	-3.35742e-14 	3.06121e-13 	-4.22109e-14 	2.10695e-13 	3.78196e-09 	-2.75919e-09 	-9.35052e-10 	2.01547e-09 	6.80775e-10 	2.32025e-10
0.02      0.02    0.02    0.02    0.02    1.62 	0.0630318 	0.0106895 	-0.0233187 	7.34599e-13 	-5.5613e-13 	1.01565e-13 	3.30335e-13 	-3.49858e-14 	2.34034e-13 	1.80429e-10 	-2.83564e-09 	-1.8126e-09 	4.45703e-08 	2.84835e-08 	1.82119e-08
0.02      0.02    0.02    0.02    0.02    1.71 	0.0630318 	0.0106895 	-0.0233187 	7.34599e-13 	-5.5613e-13 	1.01565e-13 	3.30335e-13 	-3.49858e-14 	2.34034e-13 	1.80429e-10 	-2.83564e-09 	-1.8126e-09 	4.45703e-08 	2.84835e-08 	1.82119e-08
0.02      0.02    0.02    0.02    0.02    1.8 	0.0242556 	-0.0203155 	-0.0251058 	4.12193e-13 	-4.26608e-13 	3.01068e-13 	2.47595e-13 	-1.4515e-13 	3.36333e-13 	1.07628e-08 	1.85192e-08 	-2.74713e-08 	3.18713e-08 	-4.72703e-08 	7.01191e-08
0.02      0.02    0.02    0.02    0.02    1.89 	0.0242556 	-0.0203155 	-0.0251058 	4.12193e-13 	-4.26608e-13 	3.01068e-13 	2.47595e-13 	-1.4515e-13 	3.36333e-13 	1.07628e-08 	1.85192e-08 	-2.74713e-08 	3.18713e-08 	-4.72703e-08 	7.01191e-08
0.02      0.02    0.02    0.02    0.02    1.98 	0.183447 	-0.129335 	-0.00760002 	9.80397e-13 	-7.22813e-13 	1.01942e-13 	4.86119e-13 	-9.01446e-14 	2.01939e-13 	2.90439e-08 	-1.79474e-08 	1.04133e-08 	1.10919e-08 	-6.43756e-09 	3.73897e-09
0.02      0.02    0.02    0.02    0.02    2.07 	0.183447 	-0.129335 	-0.00760002 	9.80397e-13 	-7.22813e-13 	1.01942e-13 	4.86119e-13 	-9.01446e-14 	2.01939e-13 	2.90439e-08 	-1.79474e-08 	1.04133e-08 	1.10919e-08 	-6.43756e-09 	3.73897e-09
0.02      0.02    0.02    0.02    0.02    2.16 	0.122586 	-0.0221425 	0.0335865 	1.00417e-12 	-7.32421e-13 	1.26676e-13 	4.89919e-13 	-9.30901e-14 	2.93071e-13 	1.23098e-09 	-5.78639e-09 	-5.79269e-09 	2.74814e-08 	2.75383e-08 	2.75981e-08
0.02      0.02    0.02    0.02    0.02    2.25 	0.122586 	-0.0221425 	0.0335865 	1.00417e-12 	-7.32421e-13 	1.26676e-13 	4.89919e-13 	-9.30901e-14 	2.93071e-13 	1.23098e-09 	-5.78639e-09 	-5.79269e-09 	2.74814e-08 	2.75383e-08 	2.75981e-08
0.02      0.02    0.02    0.02    0.02    2.34 	0.122586 	-0.0221425 	0.0335865 	1.00417e-12 	-7.32421e-13 	1.26676e-13 	4.89919e-13 	-9.30901e-14 	2.93071e-13 	1.23098e-09 	-5.78639e-09 	-5.79269e-09 	2.74814e-08 	2.75383e-08 	2.75981e-08
0.02      0.02    0.02    0.02    0.02    2.43 	0.0947636 	-0.0061105 	-0.0158708 	7.12107e-13 	-2.4937e-13 	-1.24448e-14 	2.21696e-13 	1.58999e-15 	2.35956e-13 	2.23643e-09 	-1.67224e-09 	-6.12524e-10 	1.25081e-09 	4.58949e-10 	1.6981e-10
0.02      0.02    0.02    0.02    0.02    2.52 	0.0947636 	-0.0061105 	-0.0158708 	7.12107e-13 	-2.4937e-13 	-1.24448e-14 	2.21696e-13 	1.58999e-15 	2.35956e-13 	2.23643e-09 	-1.67224e-09 	-6.12524e-10 	1.25081e-09 	4.58949e-10 	1.6981e-10
0.02      0.02    0.02    0.02    0.02    2.61 	0.0615567 	0.0028904 	0.0209973 	6.60665e-13 	-1.14266e-13 	-7.80126e-15 	1.95553e-13 	-2.35178e-14 	2.22726e-13 	9.78927e-10 	1.61983e-09 	-7.00164e-10 	2.69683e-09 	-1.15856e-09 	5.00783e-10
0.02      0.02    0.02    0.02    0.02    2.7 	0.0615567 	0.0028904 	0.0209973 	6.60665e-13 	-1.14266e-13 	-7.80126e-15 	1.95553e-13 	-2.35178e-14 	2.22726e-13 	9.78927e-10 	1.61983e-09 	-7.00164e-10 	2.69683e-09 	-1.15856e-09 	5.00783e-10
0.02      0.02    0.02    0.02    0.02    2.79 	0.0120247 	0.0234829 	0.00953608 	6.9836e-13 	-2.77743e-13 	2.06309e-14 	2.5743e-13 	-2.74065e-14 	2.55088e-13 	7.99432e-09 	8.38813e-10 	-6.89926e-09 	1.14052e-10 	-7.30526e-10 	5.95599e-09
0.02      0.02    0.02    0.02    0.02    2.88 	0.0120247 	0.0234829 	0.00953608 	6.9836e-13 	-2.77743e-13 	2.06309e-14 	2.5743e-13 	-2.74065e-14 	2.55088e-13 	7.99432e-09 	8.38813e-10 	-6.89926e-09 	1.14052e-10 	-7.30526e-10 	5.95599e-09
0.02      0.02    0.02    0.02    0.02    2.97 	0.146978 	-0.027578 	-0.0108518 	7.91234e-13 	-5.06159e-13 	1.7671e-15 	4.08934e-13 	-8.87148e-15 	1.19798e-13 	8.5703e-09 	1.43112e-08 	-1.05456e-08 	2.38998e-08 	-1.76112e-08 	1.29791e-08
0.02      0.02    0.02    0.02    0.02    3.06 	0.146978 	-0.027578 	-0.0108518 	7.91234e-13 	-5.06159e-13 	1.7671e-15 	4.08934e-13 	-8.87148e-15 	1.19798e-13 	8.5703e-09 	1.43112e-08 	-1.05456e-08 	2.38998e-08 	-1.76112e-08 	1.29791e-08
0.02      0.02    0.02    0.02    0.02    3.15 	0.0902404 	-0.0125319 	0.0452213 	9.33009e-13 	-3.58655e-13 	-4.4267e-14 	3.36693e-13 	4.47204e-14 	2.0925e-13 	9.09779e-09 	1.05361e-08 	1.98489e-09 	1.22048e-08 	2.30004e-09 	4.33737e-10
0.02      0.02    0.02    0.02    0.02    3.24 	0.0902404 	-0.0125319 	0.0452213 	9.33009e-13 	-3.58655e-13 	-4.4267e-14 	3.36693e-13 	4.47204e-14 	2.0925e-13 	9.09779e-09 	1.05361e-08 	1.98489e-09 	1.22048e-08 	2.30004e-09 	4.33737e-10
0.02      0.02    0.02    0.02    0.02    3.33 	0.0698135 	0.0591311 	0.0619931 	5.45714e-13 	-2.6316e-13 	8.03917e-14 	3.0455e-13 	1.05855e-14 	2.39808e-13 	1.25552e-08 	2.36507e-09 	-1.35621e-08 	4.47193e-10 	-2.55682e-09 	1.46531e-08
0.02      0.02    0.02    0.02    0.02    3.42 	0.0698135 	0.0591311 	0.0619931 	5.45714e-13 	-2.6316e-13 	8.03917e-14 	3.0455e-13 	1.05855e-14 	2.39808e-13 	1.25552e-08 	2.36507e-09 	-1.35621e-08 	4.47193e-10 	-2.55682e-09 	1.46531e-08
0.02      0.02    0.02    0.02    0.02    3.51 	0.0698135 	0.0591311 	0.0619931 	5.45714e-13 	-2.6316e-13 	8.03917e-14 	3.0455e-13 	1.05855e-14 	2.39808e-13 	1.25552e-08 	2.36507e-09 	-1.35621e-08 	4.47193e-10 	-2.55682e-09 	1.46531e-08
0.02      0.02    0.02    0.02    0.02    3.6 	0.151907 	-0.0515884 	0.0381116 	6.84924e-13 	-3.00671e-13 	3.30231e-13 	2.16319e-13 	-5.04432e-14 	2.8205e-13 	2.99827e-08 	-8.70998e-09 	1.64934e-08 	2.53246e-09 	-4.7907e-09 	9.07452e-09
0.02      0.02    0.02    0.02    0.02    3.69 	0.151907 	-0.0515884 	0.0381116 	6.84924e-13 	-3.00671e-13 	3.30231e-13 	2.16319e-13 	-5.04432e-14 	2.8205e-13 	2.99827e-08 	-8.70998e-09 	1.64934e-08 	2.53246e-09 	-4.7907e-09 	9.07452e-09
0.02      0.02    0.02    0.02    0.02    3.78 	0.189121 	-0.106206 	0.0213333 	1.14064e-12 	-3.71401e-13 	4.16984e-14 	1.52801e-13 	-2.38273e-14 	2.93726e-13 	1.34389e-08 	-1.02193e-08 	-5.95063e-09 	7.77209e-09 	4.52503e-09 	2.63632e-09
0.02      0.02    0.02    0.02    0.02    3.87 	0.189121 	-0.106206 	0.0213333 	1.14064e-12 	-3.71401e-13 	4.16984e-14 	1.52801e-13 	-2.38273e-14 	2.93726e-13 	1.34389e-08 	-1.02193e-08 	-5.95063e-09 	7.77209e-09 	4.52503e-09 	2.63632e-09
0.02      0.02    0.02    0.02    0.02    3.96 	0.136715 	-0.0257951 	-0.0700809 	7.03248e-13 	-3.1968e-13 	-1.2244e-13 	1.60588e-13 	2.96692e-14 	2.11576e-13 	1.37363e-08 	1.2547e-08 	-1.08631e-08 	1.14607e-08 	-9.9222e-09 	8.59429e-09
0.02      0.02    0.02    0.02    0.02    4.05 	0.136715 	-0.0257951 	-0.0700809 	7.03248e-13 	-3.1968e-13 	-1.2244e-13 	1.60588e-13 	2.96692e-14 	2.11576e-13 	1.37363e-08 	1.2547e-08 	-1.08631e-08 	1.14607e-08 	-9.9222e-09 	8.59429e-09
0.02      0.02    0.02    0.02    0.02    4.14 	0.037476 	0.0297911 	0.0412813 	9.66849e-13 	-3.64896e-13 	-1.41049e-14 	2.48314e-13 	-8.19578e-15 	1.95719e-13 	5.5082e-09 	-3.08783e-09 	-1.0822e-08 	1.73129e-09 	6.06844e-09 	2.12736e-08
0.02      0.02    0.02    0.02    0.02    4.23 	0.037476 	0.0297911 	0.0412813 	9.66849e-13 	-3.64896e-13 	-1.41049e-14 	2.48314e-13 	-8.19578e-15 	1.95719e-13 	5.5082e-09 	-3.08783e-09 	-1.0822e-08 	1.73129e-09 	6.06844e-09 	2.12736e-08
0.02      0.02    0.02    0.02    0.02    4.32 	0.140942 	0.0222693 	-0.00832049 	1.07992e-12 	-3.08406e-13 	-1.41892e-13 	2.38341e-13 	8.65378e-14 	3.36517e-13 	2.66809e-09 	2.72946e-09 	1.06057e-08 	2.7939e-09 	1.08528e-08 	4.21642e-08
0.02      0.02    0.02    0.02    0.02    4.41 	0.140942 	0.0222693 	-0.00832049 	1.07992e-12 	-3.08406e-13 	-1.41892e-13 	2.38341e-13 	8.65378e-14 	3.36517e-13 	2.66809e-09 	2.72946e-09 	1.06057e-08 	2.7939e-09 	1.08528e-08 	4.21642e-08
0.02      0.02    0.02    0.02    0.02    4.5 	0.140942 	0.0222693 	-0.00832049 	1.07992e-12 	-3.08406e-13 	-1.41892e-13 	2.38341e-13 	8.65378e-14 	3.36517e-13 	2.66809e-09 	2.72946e-09 	1.06057e-08 	2.7939e-09 	1.08528e-08 	4.21642e-08
0.03      0.03    0.03    0.03    0.03    0 	0.0812334 	0.00395267 	-0.0175188 	1.32084e-12 	-5.15067e-13 	-1.6213e-13 	2.18066e-13 	9.11974e-14 	1.69566e-13 	6.76036e-08 	-5.86129e-08 	-8.58446e-08 	5.08411e-08 	7.44566e-08 	1.09045e-07
0.03      0.03    0.03    0.03    0.03    0.09 	0.0812334 	0.00395267 	-0.0175188 	1.32084e-12 	-5.15067e-13 	-1.6213e-13 	2.18066e-13 	9.11974e-14 	1.69566e-13 	6.76036e-08 	-5.86129e-08 	-8.58446e-08 	5.08411e-08 	7.44566e-08 	1.09045e-07
0.03      0.03    0.03    0.03    0.03    0.18 	0.0812334 	0.00395267 	-0.0175188 	1.32084e-12 	-5.15067e-13 	-1.6213e-13 	2.18066e-13 	9.11974e-14 	1.69566e-13 	6.76036e-08 	-5.86129e-08 	-8.58446e-08 	5.08411e-08 	7.44566e-08 	1.09045e-07
0.03      0.03    0.03    0.03    0.03    0.27 	0.0680028 	-0.0208693 	0.0204466 	1.10204e-12 	-3.78046e-13 	-1.47182e-13 	3.35141e-13 	5.08917e-14 	1.62703e-13 	5.74542e-09 	1.27002e-08 	-1.29477e-08 	2.81067e-08 	-2.86407e-08 	2.91932e-08
0.03      0.03    0.03    0.03    0.03    0.36 	0.0680028 	-0.0208693 	0.0204466 	1.10204e-12 	-3.78046e-13 	-1.47182e-13 	3.35141e-13 	5.08917e-14 	1.62703e-13 	5.74542e-09 	1.27002e-08 	-1.29477e-08 	2.81067e-08 	-2.86407e-08 	2.91932e-08
0.03      0.03    0.03    0.03    0.03    0.45 	0.0387602 	-0.0243545 	0.0686016 	5.57478e-13 	-2.75037e-13 	-3.3293e-14 	2.2347e-13 	-3.91395e-15 	1.80987e-13 	4.68869e-08 	2.67971e-09 	-3.31218e-08 	1.54244e-10 	-1.88631e-09 	2.34493e-08
0.03      0.03    0.03    0.03    0.03    0.54 	0.0387602 	-0.0243545 	0.0686016 	5.57478e-13 	-2.75037e-13 	-3.3293e-14 	2.2347e-13 	-3.91395e-15 	1.80987e-13 	4.68869e-08 	2.67971e-09 	-3.31218e-08 	1.54244e-10 	-1.88631e-09 	2.34493e-08
0.03      0.03    0.03    0.03    0.03    0.63 	0.0514703 	0.00985437 	0.0169176 	7.84535e-13 	-2.03167e-13 	1.59636e-13 	1.37482e-13 	9.52506e-15 	3.21143e-13 	1.72732e-08 	2.81495e-08 	-1.26336e-09 	4.59968e-08 	-2.05059e-09 	9.33934e-11
0.03      0.03    0.03    0.03    0.03    0.72 	0.0514703 	0.00985437 	0.0169176 	7.84535e-13 	-2.03167e-13 	1.59636e-13 	1.37482e-13 	9.52506e-15 	3.21143e-13 	1.72732e-08 	2.81495e-08 	-1.26336e-09 	4.59968e-08 	-2.05059e-09 	9.33934e-11
0.03      0.03    0.03    0.03    0.03    0.81 	0.0652447 	-0.0241159 	0.017503 	1.02892e-12 	-5.60925e-13 	8.68953e-14 	2.12899e-13 	4.02076e-14 	1.79611e-13 	9.45087e-09 	1.68828e-08 	-1.34605e-08 	3.02036e-08 	-2.40994e-08 	1.92404e-08
0.03      0.03    0.03    0.03    0.03    0.9 	0.0652447 	-0.0241159 	0.017503 	1.02892e-12 	-5.60925e-13 	8.68953e-14 	2.12899e-13 	4.02076e-14 	1.79611e-13 	9.45087e-09 	1.68828e-08 	-1.34605e-08 	3.02036e-08 	-2.40994e-08 	1.92404e-08
0.03      0.03    0.03    0.03    0.03    0.99 	0.0281914 	-0.0252737 	-0.00115115 	5.23296e-13 	-2.22017e-13 	-9.4562e-14 	1.82542e-13 	9.72317e-14 	2.1427e-13 	7.54792e-12 	-5.69922e-10 	3.52807e-10 	7.86327e-08 	-4.81943e-08 	2.95435e-08
0.03      0.03    0.03    0.03    0.03    1.08 	0.0281914 	-0.0252737 	-0.00115115 	5.23296e-13 	-2.22017e-13 	-9.4562e-14 	1.82542e-13 	9.72317e-14 	2.1427e-13 	7.54792e-12 	-5.69922e-10 	3.52807e-10 	7.86327e-08 	-4.81943e-08 	2.95435e-08
0.03      0.03    0.03    0.03    0.03    1.17 	0.0281914 	-0.0252737 	-0.00115115 	5.23296e-13 	-2.22017e-13 	-9.4562e-14 	1.82542e-13 	9.72317e-14 	2.1427e-13 	7.54792e-12 	-5.69922e-10 	3.52807e-10 	7.86327e-08 	-4.81943e-08 	2.95435e-08
0.03      0.03    0.03    0.03    0.03    1.26 	0.0387195 	0.00553674 	-0.0126396 	4.46178e-13 	-1.91144e-13 	5.65546e-14 	2.22141e-13 	-2.80992e-14 	1.89359e-13 	1.15378e-08 	9.25342e-09 	-9.3878e-09 	7.4435e-09 	-7.5602e-09 	7.68209e-09
0.03      0.03    0.03    0.03    0.03    1.35 	0.0387195 	0.00553674 	-0.0126396 	4.46178e-13 	-1.91144e-13 	5.65546e-14 	2.22141e-13 	-2.80992e-14 	1.89359e-13 	1.15378e-08 	9.25342e-09 	-9.3878e-09 	7.4435e-09 	-7.5602e-09 	7.68209e-09
0.03      0.03    0.03    0.03    0.03    1.44 	-0.0158601 	0.058489 	-0.020093 	3.11039e-13 	-1.81715e-13 	-3.35422e-14 	3.05992e-13 	-4.21363e-14 	2.10713e-13 	8.65608e-09 	-6.0608e-09 	-2.40598e-09 	4.24854e-09 	1.68014e-09 	6.73194e-10
0.03      0.03    0.03    0.03    0.03    1.53 	-0.0158601 	0.058489 	-0.020093 	3.11039e-13 	-1.81715e-13 	-3.35422e-14 	3.05992e-13 	-4.21363e-14 	2.10713e-13 	8.65608e-09 	-6.0608e-09 	-2.40598e-09 	4.24854e-09 	1.68014e-09 	6.73194e-10
0.03      0.03    0.03    0.03    0.03    1.62 	0.063053 	0.0103558 	-0.0235493 	7.35371e-13 	-5.56868e-13 	1.01614e-13 	3.30536e-13 	-3.48096e-14 	2.33974e-13 	3.88077e-10 	-6.07829e-09 	-4.01016e-09 	9.52065e-08 	6.28064e-08 	4.14587e-08
0.03      0.03    0.03    0.03    0.03    1.71 	0.063053 	0.0103558 	-0.0235493 	7.35371e-13 	-5.56868e-13 	1.01614e-13 	3.30536e-13 	-3.48096e-14 	2.33974e-13 	3.88077e-10 	-6.07829e-09 	-4.01016e-09 	9.52065e-08 	6.28064e-08 	4.14587e-08
0.03      0.03    0.03    0.03    0.03    1.8 	0.0240842 	-0.0205999 	-0.0246505 	4.12021e-13 	-4.2621e-13 	3.00873e-13 	2.47124e-13 	-1.44893e-13 	3.36468e-13 	2.38508e-08 	4.03961e-08 	-6.16551e-08 	6.84306e-08 	-1.04416e-07 	1.59398e-07
0.03      0.03    0.03    0.03    0.03    1.89 	0.0240842 	-0.0205999 	-0.0246505 	4.12021e-13 	-4.2621e-13 	3.00873e-13 	2.47124e-13 	-1.44893e-13 	3.36468e-13 	2.38508e-08 	4.03961e-08 	-6.16551e-08 	6.84306e-08 	-1.04416e-07 	1.59398e-07
0.03      0.03    0.03    0.03    0.03    1.98 	0.18318 	-0.129169 	-0.00770654 	9.7942e-13 	-7.21255e-13 	1.01767e-13 	4.85378e-13 	-9.00284e-14 	2.02031e-13 	6.19524e-08 	-3.84962e-08 	2.32497e-08 	2.39222e-08 	-1.44503e-08 	8.73724e-09
0.03      0.03    0.03    0.03    0.03    2.07 	0.18318 	-0.129169 	-0.00770654 	9.7942e-13 	-7.21255e-13 	1.01767e-13 	4.85378e-13 	-9.00284e-14 	2.02031e-13 	6.19524e-08 	-3.84962e-08 	2.32497e-08 	2.39222e-08 	-1.44503e-08 	8.73724e-09
0.03      0.03    0.03    0.03    0.03    2.16 	0.122617 	-0.0224179 	0.0333089 	1.00334e-12 	-7.32419e-13 	1.25922e-13 	4.90084e-13 	-9.28576e-14 	2.92931e-13 	1.84663e-09 	-1.04427e-08 	-1.0504e-08 	6.07938e-08 	6.11971e-08 	6.16056e-08
0.03      0.03    0.03    0.03    0.03    2.25 	0.122617 	-0.0224179 	0.0333089 	1.00334e-12 	-7.32419e-13 	1.25922e-13 	4.90084e-13 	-9.28576e-14 	2.92931e-13 	1.84663e-09 	-1.04427e-08 	-1.0504e-08 	6.07938e-08 	6.11971e-08 	6.16056e-08
0.03      0.03    0.03    0.03    0.03    2.34 	0.122617 	-0.0224179 	0.0333089 	1.00334e-12 	-7.32419e-13 	1.25922e-13 	4.90084e-13 	-9.28576e-14 	2.92931e-13 	1.84663e-09 	-1.04427e-08 	-1.0504e-08 	6.07938e-08 	6.11971e-08 	6.16056e-08
0.03      0.03    0.03    0.03    0.03    2.43 	0.0946859 	-0.00605207 	-0.015843 	7.12291e-13 	-2.49483e-13 	-1.2541e-14 	2.21765e-13 	1.55595e-15 	2.35952e-13 	4.95003e-09 	-3.73251e-09 	-1.5374e-09 	2.81487e-09 	1.1603e-09 	4.81857e-10
0.03      0.03    0.03    0.03    0.03    2.52 	0.0946859 	-0.00605207 	-0.015843 	7.12291e-13 	-2.49483e-13 	-1.2541e-14 	2.21765e-13 	1.55595e-15 	2.35952e-13 	4.95003e-09 	-3.73251e-09 	-1.5374e-09 	2.81487e-09 	1.1603e-09 	4.81857e-10
0.03      0.03    0.03    0.03    0.03    2.61 	0.0616086 	0.00301115 	0.0209643 	6.60651e-13 	-1.14357e-13 	-7.75617e-15 	1.95645e-13 	-2.3491e-14 	2.2259e-13 	2.17001e-09 	4.15387e-09 	-1.49485e-09 	8.03509e-09 	-2.85374e-09 	1.03059e-09
0.03      0.03    0.03    0.03    0.03    2.7 	0.0616086 	0.00301115 	0.0209643 	6.60651e-13 	-1.14357e-13 	-7.75617e-15 	1.95645e-13 	-2.3491e-14 	2.2259e-13 	2.17001e-09 	4.15387e-09 	-1.49485e-09 	8.03509e-09 	-2.85374e-09 	1.03059e-09
0.03      0.03    0.03    0.03    0.03    2.79 	0.0118711 	0.0235063 	0.00966969 	6.98606e-13 	-2.77652e-13 	2.0636e-14 	2.57244e-13 	-2.73486e-14 	2.55123e-13 	1.82644e-08 	3.47356e-11 	-1.57354e-08 	1.08294e-10 	-3.39397e-11 	1.35579e-08
0.03      0.03    0.03    0.03    0.03    2.88 	0.0118711 	0.0235063 	0.00966969 	6.98606e-13 	-2.77652e-13 	2.0636e-14 	2.57244e-13 	-2.73486e-14 	2.55123e-13 	1.82644e-08 	3.47356e-11 	-1.57354e-08 	1.08294e-10 	-3.39397e-11 	1.35579e-08
0.03      0.03    0.03    0.03    0.03    2.97 	0.146808 	-0.0278194 	-0.0106741 	7.89908e-13 	-5.05606e-13 	2.41344e-15 	4.08991e-13 	-9.29721e-15 	1.19811e-13 	2.03871e-08 	3.21853e-08 	-2.36363e-08 	5.09009e-08 	-3.7382e-08 	2.74551e-08
0.03      0.03    0.03    0.03    0.03    3.06 	0.146808 	-0.0278194 	-0.0106741 	7.89908e-13 	-5.05606e-13 	2.41344e-15 	4.08991e-13 	-9.29721e-15 	1.19811e-13 	2.03871e-08 	3.21853e-08 	-2.36363e-08 	5.09009e-08 	-3.7382e-08 	2.74551e-08
0.03      0.03    0.03    0.03    0.03    3.15 	0.0904048 	-0.012353 	0.0452427 	9.33646e-13 	-3.58772e-13 	-4.45594e-14 	3.36837e-13 	4.47716e-14 	2.09116e-13 	2.05794e-08 	2.34145e-08 	3.89021e-09 	2.66487e-08 	4.43528e-09 	7.46519e-10
0.03      0.03    0.03    0.03    0.03    3.24 	0.0904048 	-0.012353 	0.0452427 	9.33646e-13 	-3.58772e-13 	-4.45594e-14 	3.36837e-13 	4.47716e-14 	2.09116e-13 	2.05794e-08 	2.34145e-08 	3.89021e-09 	2.66487e-08 	4.43528e-09 	7.46519e-10
0.03      0.03    0.03    0.03    0.03    3.33 	0.0696136 	0.0591025 	0.0622185 	5.46114e-13 	-2.63392e-13 	8.02735e-14 	3.04783e-13 	1.05933e-14 	2.39759e-13 	2.92514e-08 	5.11468e-09 	-3.2215e-08 	8.99291e-10 	-5.63005e-09 	3.54867e-08
0.03      0.03    0.03    0.03    0.03    3.42 	0.0696136 	0.0591025 	0.0622185 	5.46114e-13 	-2.63392e-13 	8.02735e-14 	3.04783e-13 	1.05933e-14 	2.39759e-13 	2.92514e-08 	5.11468e-09 	-3.2215e-08 	8.99291e-10 	-5.63005e-09 	3.54867e-08
0.03      0.03    0.03    0.03    0.03    3.51 	0.0696136 	0.0591025 	0.0622185 	5.46114e-13 	-2.63392e-13 	8.02735e-14 	3.04783e-13 	1.05933e-14 	2.39759e-13 	2.92514e-08 	5.11468e-09 	-3.2215e-08 	8.99291e-10 	-5.63005e-09 	3.54867e-08
0.03      0.03    0.03    0.03    0.03    3.6 	0.151599 	-0.0514991 	0.0379706 	6.82413e-13 	-2.99658e-13 	3.29303e-13 	2.16061e-13 	-5.01202e-14 	2.81893e-13 	7.00474e-08 	-2.01646e-08 	3.62298e-08 	5.80659e-09 	-1.04304e-08 	1.87812e-08
0.03      0.03    0.03    0.03    0.03    3.69 	0.151599 	-0.0514991 	0.0379706 	6.82413e-13 	-2.99658e-13 	3.29303e-13 	2.16061e-13 	-5.01202e-14 	2.81893e-13 	7.00474e-08 	-2.01646e-08 	3.62298e-08 	5.80659e-09 	-1.04304e-08 	1.87812e-08
0.03      0.03    0.03    0.03    0.03    3.78 	0.188947 	-0.106048 	0.0213989 	1.13748e-12 	-3.69336e-13 	4.16427e-14 	1.52368e-13 	-2.37487e-14 	2.94194e-13 	2.78985e-08 	-2.25006e-08 	-1.1716e-08 	1.8187e-08 	9.43134e-09 	4.92937e-09
0.03      0.03    0.03    0.03    0.03    3.87 	0.188947 	-0.106048 	0.0213989 	1.13748e-12 	-3.69336e-13 	4.16427e-14 	1.52368e-13 	-2.37487e-14 	2.94194e-13 	2.78985e-08 	-2.25006e-08 	-1.1716e-08 	1.8187e-08 	9.43134e-09 	4.92937e-09
0.03      0.03    0.03    0.03    0.03    3.96 	0.136526 	-0.0259736 	-0.0699749 	7.02991e-13 	-3.19466e-13 	-1.21906e-13 	1.60537e-13 	2.95174e-14 	2.11583e-13 	2.99411e-08 	2.76506e-08 	-2.14285e-08 	2.55373e-08 	-1.97752e-08 	1.54407e-08
0.03      0.03    0.03    0.03    0.03    4.05 	0.136526 	-0.0259736 	-0.0699749 	7.02991e-13 	-3.19466e-13 	-1.21906e-13 	1.60537e-13 	2.95174e-14 	2.11583e-13 	2.99411e-08 	2.76506e-08 	-2.14285e-08 	2.55373e-08 	-1.97752e-08 	1.54407e-08
0.03      0.03    0.03    0.03    0.03    4.14 	0.0376253 	0.0297126 	0.0410424 	9.68578e-13 	-3.65261e-13 	-1.48226e-14 	2.48286e-13 	-8.09147e-15 	1.9557e-13 	1.42432e-08 	-7.7666e-09 	-2.58217e-08 	4.23653e-09 	1.40951e-08 	4.69617e-08
0.03      0.03    0.03    0.03    0.03    4.23 	0.0376253 	0.0297126 	0.0410424 	9.68578e-13 	-3.65261e-13 	-1.48226e-14 	2.48286e-13 	-8.09147e-15 	1.9557e-13 	1.42432e-08 	-7.7666e-09 	-2.58217e-08 	4.23653e-09 	1.40951e-08 	4.69617e-08
0.03      0.03    0.03    0.03    0.03    4.32 	0.14085 	0.0221933 	-0.00865567 	1.07887e-12 	-3.08458e-13 	-1.42581e-13 	2.38279e-13 	8.67083e-14 	3.36507e-13 	6.29208e-09 	5.93722e-09 	2.41122e-08 	5.62278e-09 	2.27893e-08 	9.24687e-08
0.03      0.03    0.03    0.03    0.03    4.41 	0.14085 	0.0221933 	-0.00865567 	1.07887e-12 	-3.08458e-13 	-1.42581e-13 	2.38279e-13 	8.67083e-14 	3.36507e-13 	6.29208e-09 	5.93722e-09 	2.41122e-08 	5.62278e-09 	2.27893e-08 	9.24687e-08
0.03      0.03    0.03    0.03    0.03    4.5 	0.14085 	0.0221933 	-0.00865567 	1.07887e-12 	-3.08458e-13 	-1.42581e-13 	2.38279e-13 	8.67083e-14 	3.36507e-13 	6.29208e-09 	5.93722e-09 	2.41122e-08 	5.62278e-09 	2.27893e-08 	9.24687e-08
0.1      0.1    0.1    0.1    0.1    0 	0.0831004 	0.00268253 	-0.0194473 	1.33518e-12 	-5.26317e-13 	-1.67529e-13 	2.19089e-13 	9.33087e-14 	1.69628e-13 	6.32306e-07 	-4.59359e-07 	-6.94303e-07 	3.35079e-07 	5.06196e-07 	7.6477e-07
0.1      0.1    0.1    0.1    0.1    0.09 	0.0831004 	0.00268253 	-0.0194473 	1.33518e-12 	-5.26317e-13 	-1.67529e-13 	2.19089e-13 	9.33087e-14 	1.69628e-13 	6.32306e-07 	-4.59359e-07 	-6.94303e-07 	3.35079e-07 	5.06196e-07 	7.6477e-07
0.1      0.1    0.1    0.1    0.1    0.18 	0.0831004 	0.00268253 	-0.0194473 	1.33518e-12 	-5.26317e-13 	-1.67529e-13 	2.19089e-13 	9.33087e-14 	1.69628e-13 	6.32306e-07 	-4.59359e-07 	-6.94303e-07 	3.35079e-07 	5.06196e-07 	7.6477e-07
0.1      0.1    0.1    0.1    0.1    0.27 	0.0687636 	-0.0198749 	0.0191106 	1.11556e-12 	-3.82226e-13 	-1.50726e-13 	3.35309e-13 	5.21173e-14 	1.60292e-13 	9.0612e-08 	1.33621e-07 	-1.68587e-07 	2.00519e-07 	-2.5057e-07 	3.14784e-07
0.1      0.1    0.1    0.1    0.1    0.36 	0.0687636 	-0.0198749 	0.0191106 	1.11556e-12 	-3.82226e-13 	-1.50726e-13 	3.35309e-13 	5.21173e-14 	1.60292e-13 	9.0612e-08 	1.33621e-07 	-1.68587e-07 	2.00519e-07 	-2.5057e-07 	3.14784e-07
0.1      0.1    0.1    0.1    0.1    0.45 	0.036936 	-0.0244863 	0.0689515 	5.61031e-13 	-2.76167e-13 	-3.68515e-14 	2.24628e-13 	-2.30125e-15 	1.79509e-13 	5.58935e-07 	3.94117e-08 	-1.74848e-07 	2.78268e-09 	-1.21931e-08 	6.382e-08
0.1      0.1    0.1    0.1    0.1    0.54 	0.036936 	-0.0244863 	0.0689515 	5.61031e-13 	-2.76167e-13 	-3.68515e-14 	2.24628e-13 	-2.30125e-15 	1.79509e-13 	5.58935e-07 	3.94117e-08 	-1.74848e-07 	2.78268e-09 	-1.21931e-08 	6.382e-08
0.1      0.1    0.1    0.1    0.1    0.63 	0.0519091 	0.0111989 	0.0170243 	7.83242e-13 	-2.04237e-13 	1.57551e-13 	1.37626e-13 	9.59532e-15 	3.18894e-13 	6.14088e-08 	1.46893e-07 	5.15353e-09 	3.6279e-07 	1.49898e-08 	1.05986e-09
0.1      0.1    0.1    0.1    0.1    0.72 	0.0519091 	0.0111989 	0.0170243 	7.83242e-13 	-2.04237e-13 	1.57551e-13 	1.37626e-13 	9.59532e-15 	3.18894e-13 	6.14088e-08 	1.46893e-07 	5.15353e-09 	3.6279e-07 	1.49898e-08 	1.05986e-09
0.1      0.1    0.1    0.1    0.1    0.81 	0.0650324 	-0.025156 	0.0184255 	1.03004e-12 	-5.57855e-13 	8.74088e-14 	2.09259e-13 	3.9687e-14 	1.8027e-13 	2.25393e-08 	6.66841e-08 	-5.74824e-08 	2.16329e-07 	-1.87738e-07 	1.63013e-07
0.1      0.1    0.1    0.1    0.1    0.9 	0.0650324 	-0.025156 	0.0184255 	1.03004e-12 	-5.57855e-13 	8.74088e-14 	2.09259e-13 	3.9687e-14 	1.8027e-13 	2.25393e-08 	6.66841e-08 	-5.74824e-08 	2.16329e-07 	-1.87738e-07 	1.63013e-07
0.1      0.1    0.1    0.1    0.1    0.99 	0.0281751 	-0.0237898 	-0.0022835 	5.24095e-13 	-2.20793e-13 	-9.5072e-14 	1.81012e-13 	9.70521e-14 	2.14902e-13 	7.40637e-11 	-5.84651e-09 	4.13026e-09 	4.81942e-07 	-3.41946e-07 	2.43578e-07
0.1      0.1    0.1    0.1    0.1    1.08 	0.0281751 	-0.0237898 	-0.0022835 	5.24095e-13 	-2.20793e-13 	-9.5072e-14 	1.81012e-13 	9.70521e-14 	2.14902e-13 	7.40637e-11 	-5.84651e-09 	4.13026e-09 	4.81942e-07 	-3.41946e-07 	2.43578e-07
0.1      0.1    0.1    0.1    0.1    1.17 	0.0281751 	-0.0237898 	-0.0022835 	5.24095e-13 	-2.20793e-13 	-9.5072e-14 	1.81012e-13 	9.70521e-14 	2.14902e-13 	7.40637e-11 	-5.84651e-09 	4.13026e-09 	4.81942e-07 	-3.41946e-07 	2.43578e-07
0.1      0.1    0.1    0.1    0.1    1.26 	0.0377327 	0.00502075 	-0.0122096 	4.51484e-13 	-1.93179e-13 	5.6248e-14 	2.2223e-13 	-2.74065e-14 	1.8885e-13 	1.63234e-07 	9.41325e-08 	-8.25977e-08 	5.48668e-08 	-4.83966e-08 	4.27995e-08
0.1      0.1    0.1    0.1    0.1    1.35 	0.0377327 	0.00502075 	-0.0122096 	4.51484e-13 	-1.93179e-13 	5.6248e-14 	2.2223e-13 	-2.74065e-14 	1.8885e-13 	1.63234e-07 	9.41325e-08 	-8.25977e-08 	5.48668e-08 	-4.83966e-08 	4.27995e-08
0.1      0.1    0.1    0.1    0.1    1.44 	-0.0163247 	0.0588504 	-0.0198259 	3.11328e-13 	-1.83278e-13 	-3.33315e-14 	3.05134e-13 	-4.15981e-14 	2.10891e-13 	5.02837e-08 	-3.68578e-08 	-2.32654e-08 	2.70903e-08 	1.72132e-08 	1.1165e-08
0.1      0.1    0.1    0.1    0.1    1.53 	-0.0163247 	0.0588504 	-0.0198259 	3.11328e-13 	-1.83278e-13 	-3.33315e-14 	3.05134e-13 	-4.15981e-14 	2.10891e-13 	5.02837e-08 	-3.68578e-08 	-2.32654e-08 	2.70903e-08 	1.72132e-08 	1.1165e-08
0.1      0.1    0.1    0.1    0.1    1.62 	0.0630911 	0.00871723 	-0.0247481 	7.40938e-13 	-5.62082e-13 	1.01898e-13 	3.31949e-13 	-3.3528e-14 	2.33504e-13 	1.02174e-09 	-2.29227e-08 	-1.62633e-08 	5.77764e-07 	4.12809e-07 	2.95118e-07
0.1      0.1    0.1    0.1    0.1    1.71 	0.0630911 	0.00871723 	-0.0247481 	7.40938e-13 	-5.62082e-13 	1.01898e-13 	3.31949e-13 	-3.3528e-14 	2.33504e-13 	1.02174e-09 	-2.29227e-08 	-1.62633e-08 	5.77764e-07 	4.12809e-07 	2.95118e-07
0.1      0.1    0.1    0.1    0.1    1.8 	0.0232099 	-0.0220269 	-0.0219751 	4.11066e-13 	-4.23499e-13 	2.99536e-13 	2.43865e-13 	-1.43123e-13 	3.37385e-13 	1.59097e-07 	2.61844e-07 	-4.63913e-07 	4.30981e-07 	-7.63245e-07 	1.35539e-06
0.1      0.1    0.1    0.1    0.1    1.89 	0.0232099 	-0.0220269 	-0.0219751 	4.11066e-13 	-4.23499e-13 	2.99536e-13 	2.43865e-13 	-1.43123e-13 	3.37385e-13 	1.59097e-07 	2.61844e-07 	-4.63913e-07 	4.30981e-07 	-7.63245e-07 	1.35539e-06
0.1      0.1    0.1    0.1    0.1    1.98 	0.182053 	-0.128584 	-0.00811521 	9.72662e-13 	-7.1037e-13 	1.00557e-13 	4.80308e-13 	-8.92199e-14 	2.02765e-13 	3.09733e-07 	-1.74721e-07 	1.1669e-07 	9.89248e-08 	-6.59398e-08 	4.4013e-08
0.1      0.1    0.1    0.1    0.1    2.07 	0.182053 	-0.128584 	-0.00811521 	9.72662e-13 	-7.1037e-13 	1.00557e-13 	4.80308e-13 	-8.92199e-14 	2.02765e-13 	3.09733e-07 	-1.74721e-07 	1.1669e-07 	9.89248e-08 	-6.59398e-08 	4.4013e-08
0.1      0.1    0.1    0.1    0.1    2.16 	0.122608 	-0.0239581 	0.0318624 	9.97239e-13 	-7.32078e-13 	1.2059e-13 	4.91187e-13 	-9.11487e-14 	2.91933e-13 	1.57382e-09 	-1.81855e-08 	-1.78908e-08 	4.64284e-07 	4.46613e-07 	4.29818e-07
0.1      0.1    0.1    0.1    0.1    2.25 	0.122608 	-0.0239581 	0.0318624 	9.97239e-13 	-7.32078e-13 	1.2059e-13 	4.91187e-13 	-9.11487e-14 	2.91933e-13 	1.57382e-09 	-1.81855e-08 	-1.78908e-08 	4.64284e-07 	4.46613e-07 	4.29818e-07
0.1      0.1    0.1    0.1    0.1    2.34 	0.122608 	-0.0239581 	0.0318624 	9.97239e-13 	-7.32078e-13 	1.2059e-13 	4.91187e-13 	-9.11487e-14 	2.91933e-13 	1.57382e-09 	-1.81855e-08 	-1.78908e-08 	4.64284e-07 	4.46613e-07 	4.29818e-07
0.1      0.1    0.1    0.1    0.1    2.43 	0.0943441 	-0.00592774 	-0.0158319 	7.13577e-13 	-2.50264e-13 	-1.3237e-14 	2.22231e-13 	1.32478e-15 	2.3591e-13 	2.75016e-08 	-1.4392e-08 	-4.42358e-09 	7.97118e-09 	2.67011e-09 	1.00236e-09
0.1      0.1    0.1    0.1    0.1    2.52 	0.0943441 	-0.00592774 	-0.0158319 	7.13577e-13 	-2.50264e-13 	-1.3237e-14 	2.22231e-13 	1.32478e-15 	2.3591e-13 	2.75016e-08 	-1.4392e-08 	-4.42358e-09 	7.97118e-09 	2.67011e-09 	1.00236e-09
0.1      0.1    0.1    0.1    0.1    2.61 	0.0618283 	0.00385179 	0.0207582 	6.60512e-13 	-1.14994e-13 	-7.41537e-15 	1.9629e-13 	-2.33151e-14 	2.21624e-13 	1.18146e-08 	3.68114e-08 	-1.00553e-08 	1.1827e-07 	-3.17929e-08 	8.62412e-09
0.1      0.1    0.1    0.1    0.1    2.7 	0.0618283 	0.00385179 	0.0207582 	6.60512e-13 	-1.14994e-13 	-7.41537e-15 	1.9629e-13 	-2.33151e-14 	2.21624e-13 	1.18146e-08 	3.68114e-08 	-1.00553e-08 	1.1827e-07 	-3.17929e-08 	8.62412e-09
0.1      0.1    0.1    0.1    0.1    2.79 	0.0110661 	0.0236238 	0.0105867 	7.00326e-13 	-2.76987e-13 	2.06676e-14 	2.559e-13 	-2.69261e-14 	2.55344e-13 	1.3299e-07 	-1.77402e-08 	-1.38643e-07 	2.52402e-09 	1.86548e-08 	1.45536e-07
0.1      0.1    0.1    0.1    0.1    2.88 	0.0110661 	0.0236238 	0.0105867 	7.00326e-13 	-2.76987e-13 	2.06676e-14 	2.559e-13 	-2.69261e-14 	2.55344e-13 	1.3299e-07 	-1.77402e-08 	-1.38643e-07 	2.52402e-09 	1.86548e-08 	1.45536e-07
0.1      0.1    0.1    0.1    0.1    2.97 	0.145546 	-0.0287917 	-0.00969974 	7.80651e-13 	-5.01511e-13 	6.78769e-15 	4.09155e-13 	-1.21993e-14 	1.1998e-13 	2.61641e-07 	2.46786e-07 	-2.23149e-07 	2.42442e-07 	-2.14979e-07 	1.9242e-07
0.1      0.1    0.1    0.1    0.1    3.06 	0.145546 	-0.0287917 	-0.00969974 	7.80651e-13 	-5.01511e-13 	6.78769e-15 	4.09155e-13 	-1.21993e-14 	1.1998e-13 	2.61641e-07 	2.46786e-07 	-2.23149e-07 	2.42442e-07 	-2.14979e-07 	1.9242e-07
0.1      0.1    0.1    0.1    0.1    3.15 	0.0915203 	-0.0115433 	0.0450229 	9.38082e-13 	-3.59553e-13 	-4.65878e-14 	3.3784e-13 	4.51091e-14 	2.08216e-13 	2.14878e-07 	1.7872e-07 	-2.1977e-08 	1.51187e-07 	-1.59522e-08 	4.38338e-09
0.1      0.1    0.1    0.1    0.1    3.24 	0.0915203 	-0.0115433 	0.0450229 	9.38082e-13 	-3.59553e-13 	-4.65878e-14 	3.3784e-13 	4.51091e-14 	2.08216e-13 	2.14878e-07 	1.7872e-07 	-2.1977e-08 	1.51187e-07 	-1.59522e-08 	4.38338e-09
0.1      0.1    0.1    0.1    0.1    3.33 	0.0682776 	0.0592197 	0.0637628 	5.4897e-13 	-2.65028e-13 	7.94607e-14 	3.06447e-13 	1.06513e-14 	2.39452e-13 	3.11377e-07 	-6.19504e-09 	-3.57221e-07 	1.64514e-09 	7.32518e-09 	4.09854e-07
0.1      0.1    0.1    0.1    0.1    3.42 	0.0682776 	0.0592197 	0.0637628 	5.4897e-13 	-2.65028e-13 	7.94607e-14 	3.06447e-13 	1.06513e-14 	2.39452e-13 	3.11377e-07 	-6.19504e-09 	-3.57221e-07 	1.64514e-09 	7.32518e-09 	4.09854e-07
0.1      0.1    0.1    0.1    0.1    3.51 	0.0682776 	0.0592197 	0.0637628 	5.4897e-13 	-2.65028e-13 	7.94607e-14 	3.06447e-13 	1.06513e-14 	2.39452e-13 	3.11377e-07 	-6.19504e-09 	-3.57221e-07 	1.64514e-09 	7.32518e-09 	4.09854e-07
0.1      0.1    0.1    0.1    0.1    3.6 	0.149597 	-0.0507759 	0.0376949 	6.65363e-13 	-2.92843e-13 	3.22848e-13 	2.14368e-13 	-4.79199e-14 	2.80829e-13 	7.09024e-07 	-2.41261e-07 	1.66318e-07 	8.24134e-08 	-5.51163e-08 	4.59233e-08
0.1      0.1    0.1    0.1    0.1    3.69 	0.149597 	-0.0507759 	0.0376949 	6.65363e-13 	-2.92843e-13 	3.22848e-13 	2.14368e-13 	-4.79199e-14 	2.80829e-13 	7.09024e-07 	-2.41261e-07 	1.66318e-07 	8.24134e-08 	-5.51163e-08 	4.59233e-08
0.1      0.1    0.1    0.1    0.1    3.78 	0.188356 	-0.104886 	0.0214654 	1.11524e-12 	-3.55469e-13 	4.12369e-14 	1.49575e-13 	-2.31571e-14 	2.97159e-13 	1.04685e-07 	-1.48224e-07 	-2.60385e-08 	2.2359e-07 	3.33997e-08 	7.36008e-09
0.1      0.1    0.1    0.1    0.1    3.87 	0.188356 	-0.104886 	0.0214654 	1.11524e-12 	-3.55469e-13 	4.12369e-14 	1.49575e-13 	-2.31571e-14 	2.97159e-13 	1.04685e-07 	-1.48224e-07 	-2.60385e-08 	2.2359e-07 	3.33997e-08 	7.36008e-09
0.1      0.1    0.1    0.1    0.1    3.96 	0.135645 	-0.0268696 	-0.0704639 	7.01331e-13 	-3.18045e-13 	-1.18158e-13 	1.60252e-13 	2.84589e-14 	2.11673e-13 	1.7217e-07 	1.70947e-07 	1.72674e-08 	1.69806e-07 	1.83185e-08 	2.62639e-08
0.1      0.1    0.1    0.1    0.1    4.05 	0.135645 	-0.0268696 	-0.0704639 	7.01331e-13 	-3.18045e-13 	-1.18158e-13 	1.60252e-13 	2.84589e-14 	2.11673e-13 	1.7217e-07 	1.70947e-07 	1.72674e-08 	1.69806e-07 	1.83185e-08 	2.62639e-08
0.1      0.1    0.1    0.1    0.1    4.14 	0.0387203 	0.0292094 	0.0399307 	9.80949e-13 	-3.67929e-13 	-1.99239e-14 	2.48154e-13 	-7.33416e-15 	1.94639e-13 	1.98435e-07 	-9.48939e-08 	-2.3123e-07 	4.54647e-08 	1.11263e-07 	2.75077e-07
0.1      0.1    0.1    0.1    0.1    4.23 	0.0387203 	0.0292094 	0.0399307 	9.80949e-13 	-3.67929e-13 	-1.99239e-14 	2.48154e-13 	-7.33416e-15 	1.94639e-13 	1.98435e-07 	-9.48939e-08 	-2.3123e-07 	4.54647e-08 	1.11263e-07 	2.75077e-07
0.1      0.1    0.1    0.1    0.1    4.32 	0.140224 	0.0220151 	-0.0104014 	1.07154e-12 	-3.08845e-13 	-1.47321e-13 	2.37872e-13 	8.78917e-14 	3.36432e-13 	6.79367e-08 	3.00945e-08 	2.04874e-07 	1.51999e-08 	9.35725e-08 	6.22113e-07
0.1      0.1    0.1    0.1    0.1    4.41 	0.140224 	0.0220151 	-0.0104014 	1.07154e-12 	-3.08845e-13 	-1.47321e-13 	2.37872e-13 	8.78917e-14 	3.36432e-13 	6.79367e-08 	3.00945e-08 	2.04874e-07 	1.51999e-08 	9.35725e-08 	6.22113e-07
0.1      0.1    0.1    0.1    0.1    4.5 	0.140224 	0.0220151 	-0.0104014 	1.07154e-12 	-3.08845e-13 	-1.47321e-13 	2.37872e-13 	8.78917e-14 	3.36432e-13 	6.79367e-08 	3.00945e-08 	2.04874e-07 	1.51999e-08 	9.35725e-08 	6.22113e-07
0.2      0.2    0.2    0.2    0.2    0 	0.0854861 	0.00134232 	-0.0212597 	1.35572e-12 	-5.42712e-13 	-1.75082e-13 	2.20774e-13 	9.62801e-14 	1.69814e-13 	2.14902e-06 	-1.357e-06 	-1.96818e-06 	8.6178e-07 	1.25214e-06 	1.82074e-06
0.2      0.2    0.2    0.2    0.2    0.09 	0.0854861 	0.00134232 	-0.0212597 	1.35572e-12 	-5.42712e-13 	-1.75082e-13 	2.20774e-13 	9.62801e-14 	1.69814e-13 	2.14902e-06 	-1.357e-06 	-1.96818e-06 	8.6178e-07 	1.25214e-06 	1.82074e-06
0.2      0.2    0.2    0.2    0.2    0.18 	0.0854861 	0.00134232 	-0.0212597 	1.35572e-12 	-5.42712e-13 	-1.75082e-13 	2.20774e-13 	9.62801e-14 	1.69814e-13 	2.14902e-06 	-1.357e-06 	-1.96818e-06 	8.6178e-07 	1.25214e-06 	1.82074e-06
0.2      0.2    0.2    0.2    0.2    0.27 	0.0699566 	-0.018874 	0.0175807 	1.13417e-12 	-3.87812e-13 	-1.55554e-13 	3.3528e-13 	5.36913e-14 	1.56888e-13 	4.28144e-07 	4.62873e-07 	-6.49255e-07 	5.13103e-07 	-7.12768e-07 	9.94031e-07
0.2      0.2    0.2    0.2    0.2    0.36 	0.0699566 	-0.018874 	0.0175807 	1.13417e-12 	-3.87812e-13 	-1.55554e-13 	3.3528e-13 	5.36913e-14 	1.56888e-13 	4.28144e-07 	4.62873e-07 	-6.49255e-07 	5.13103e-07 	-7.12768e-07 	9.94031e-07
0.2      0.2    0.2    0.2    0.2    0.45 	0.0343675 	-0.0246249 	0.0683131 	5.66312e-13 	-2.77787e-13 	-4.19059e-14 	2.26277e-13 	3.18497e-18 	1.77461e-13 	2.23998e-06 	1.4283e-07 	2.24652e-08 	9.15738e-09 	1.39449e-10 	5.16156e-08
0.2      0.2    0.2    0.2    0.2    0.54 	0.0343675 	-0.0246249 	0.0683131 	5.66312e-13 	-2.77787e-13 	-4.19059e-14 	2.26277e-13 	3.18497e-18 	1.77461e-13 	2.23998e-06 	1.4283e-07 	2.24652e-08 	9.15738e-09 	1.39449e-10 	5.16156e-08
0.2      0.2    0.2    0.2    0.2    0.63 	0.0519758 	0.0123371 	0.017377 	7.81752e-13 	-2.05897e-13 	1.5458e-13 	1.3791e-13 	9.6927e-15 	3.156e-13 	6.20765e-08 	2.12673e-07 	2.50976e-08 	8.31279e-07 	1.19265e-07 	2.10733e-08
0.2      0.2    0.2    0.2    0.2    0.72 	0.0519758 	0.0123371 	0.017377 	7.81752e-13 	-2.05897e-13 	1.5458e-13 	1.3791e-13 	9.6927e-15 	3.156e-13 	6.20765e-08 	2.12673e-07 	2.50976e-08 	8.31279e-07 	1.19265e-07 	2.10733e-08
0.2      0.2    0.2    0.2    0.2    0.81 	0.0651495 	-0.0262972 	0.0193606 	1.03158e-12 	-5.5326e-13 	8.81719e-14 	2.04038e-13 	3.89251e-14 	1.81265e-13 	1.43226e-08 	5.92297e-08 	-5.14352e-08 	5.94051e-07 	-5.11401e-07 	4.40432e-07
0.2      0.2    0.2    0.2    0.2    0.9 	0.0651495 	-0.0262972 	0.0193606 	1.03158e-12 	-5.5326e-13 	8.81719e-14 	2.04038e-13 	3.89251e-14 	1.81265e-13 	1.43226e-08 	5.92297e-08 	-5.14352e-08 	5.94051e-07 	-5.11401e-07 	4.40432e-07
0.2      0.2    0.2    0.2    0.2    0.99 	0.0281934 	-0.0225359 	-0.00364205 	5.25442e-13 	-2.19066e-13 	-9.57169e-14 	1.78865e-13 	9.67422e-14 	2.15855e-13 	5.47776e-11 	-2.76156e-09 	1.69214e-09 	1.02562e-06 	-8.72859e-07 	7.52589e-07
0.2      0.2    0.2    0.2    0.2    1.08 	0.0281934 	-0.0225359 	-0.00364205 	5.25442e-13 	-2.19066e-13 	-9.57169e-14 	1.78865e-13 	9.67422e-14 	2.15855e-13 	5.47776e-11 	-2.76156e-09 	1.69214e-09 	1.02562e-06 	-8.72859e-07 	7.52589e-07
0.2      0.2    0.2    0.2    0.2    1.17 	0.0281934 	-0.0225359 	-0.00364205 	5.25442e-13 	-2.19066e-13 	-9.57169e-14 	1.78865e-13 	9.67422e-14 	2.15855e-13 	5.47776e-11 	-2.76156e-09 	1.69214e-09 	1.02562e-06 	-8.72859e-07 	7.52589e-07
0.2      0.2    0.2    0.2    0.2    1.26 	0.036586 	0.00456358 	-0.0118906 	4.59483e-13 	-1.96159e-13 	5.58252e-14 	2.22308e-13 	-2.64005e-14 	1.8806e-13 	5.50546e-07 	2.6092e-07 	-2.07641e-07 	1.25189e-07 	-1.0036e-07 	8.08062e-08
0.2      0.2    0.2    0.2    0.2    1.35 	0.036586 	0.00456358 	-0.0118906 	4.59483e-13 	-1.96159e-13 	5.58252e-14 	2.22308e-13 	-2.64005e-14 	1.8806e-13 	5.50546e-07 	2.6092e-07 	-2.07641e-07 	1.25189e-07 	-1.0036e-07 	8.08062e-08
0.2      0.2    0.2    0.2    0.2    1.44 	-0.0165919 	0.0591995 	-0.0194148 	3.11944e-13 	-1.85609e-13 	-3.30619e-14 	3.03953e-13 	-4.07944e-14 	2.11224e-13 	8.36627e-08 	-7.40918e-08 	-6.31124e-08 	6.69447e-08 	5.84171e-08 	5.24375e-08
0.2      0.2    0.2    0.2    0.2    1.53 	-0.0165919 	0.0591995 	-0.0194148 	3.11944e-13 	-1.85609e-13 	-3.30619e-14 	3.03953e-13 	-4.07944e-14 	2.11224e-13 	8.36627e-08 	-7.40918e-08 	-6.31124e-08 	6.69447e-08 	5.84171e-08 	5.24375e-08
0.2      0.2    0.2    0.2    0.2    1.62 	0.0629896 	0.00706822 	-0.0258613 	7.49472e-13 	-5.69668e-13 	1.02139e-13 	3.33991e-13 	-3.15977e-14 	2.32717e-13 	1.16839e-09 	9.42418e-09 	6.45454e-09 	1.39785e-06 	9.92378e-07 	7.04812e-07
0.2      0.2    0.2    0.2    0.2    1.71 	0.0629896 	0.00706822 	-0.0258613 	7.49472e-13 	-5.69668e-13 	1.02139e-13 	3.33991e-13 	-3.15977e-14 	2.32717e-13 	1.16839e-09 	9.42418e-09 	6.45454e-09 	1.39785e-06 	9.92378e-07 	7.04812e-07
0.2      0.2    0.2    0.2    0.2    1.8 	0.0223605 	-0.0234935 	-0.0189988 	4.1031e-13 	-4.19804e-13 	2.97559e-13 	2.39269e-13 	-1.40563e-13 	3.38557e-13 	3.89224e-07 	6.4634e-07 	-1.23967e-06 	1.07352e-06 	-2.05947e-06 	3.95923e-06
0.2      0.2    0.2    0.2    0.2    1.89 	0.0223605 	-0.0234935 	-0.0189988 	4.1031e-13 	-4.19804e-13 	2.97559e-13 	2.39269e-13 	-1.40563e-13 	3.38557e-13 	3.89224e-07 	6.4634e-07 	-1.23967e-06 	1.07352e-06 	-2.05947e-06 	3.95923e-06
0.2      0.2    0.2    0.2    0.2    1.98 	0.181281 	-0.128441 	-0.00819167 	9.63293e-13 	-6.94857e-13 	9.8906e-14 	4.73283e-13 	-8.80885e-14 	2.04042e-13 	5.39869e-07 	-2.40551e-07 	1.62237e-07 	1.11799e-07 	-7.54216e-08 	5.09416e-08
0.2      0.2    0.2    0.2    0.2    2.07 	0.181281 	-0.128441 	-0.00819167 	9.63293e-13 	-6.94857e-13 	9.8906e-14 	4.73283e-13 	-8.80885e-14 	2.04042e-13 	5.39869e-07 	-2.40551e-07 	1.62237e-07 	1.11799e-07 	-7.54216e-08 	5.09416e-08
0.2      0.2    0.2    0.2    0.2    2.16 	0.122452 	-0.0256611 	0.030443 	9.88127e-13 	-7.30891e-13 	1.12933e-13 	4.92638e-13 	-8.85617e-14 	2.90514e-13 	3.65319e-09 	4.37725e-08 	3.76175e-08 	1.3116e-06 	1.18125e-06 	1.06547e-06
0.2      0.2    0.2    0.2    0.2    2.25 	0.122452 	-0.0256611 	0.030443 	9.88127e-13 	-7.30891e-13 	1.12933e-13 	4.92638e-13 	-8.85617e-14 	2.90514e-13 	3.65319e-09 	4.37725e-08 	3.76175e-08 	1.3116e-06 	1.18125e-06 	1.06547e-06
0.2      0.2    0.2    0.2    0.2    2.34 	0.122452 	-0.0256611 	0.030443 	9.88127e-13 	-7.30891e-13 	1.12933e-13 	4.92638e-13 	-8.85617e-14 	2.90514e-13 	3.65319e-09 	4.37725e-08 	3.76175e-08 	1.3116e-06 	1.18125e-06 	1.06547e-06
0.2      0.2    0.2    0.2    0.2    2.43 	0.0941386 	-0.00611784 	-0.0160874 	7.15419e-13 	-2.51347e-13 	-1.42982e-14 	2.22869e-13 	1.02335e-15 	2.35804e-13 	4.63172e-08 	-5.234e-09 	1.04761e-08 	5.71453e-09 	3.71168e-09 	7.0585e-09
0.2      0.2    0.2    0.2    0.2    2.52 	0.0941386 	-0.00611784 	-0.0160874 	7.15419e-13 	-2.51347e-13 	-1.42982e-14 	2.22869e-13 	1.02335e-15 	2.35804e-13 	4.63172e-08 	-5.234e-09 	1.04761e-08 	5.71453e-09 	3.71168e-09 	7.0585e-09
0.2      0.2    0.2    0.2    0.2    2.61 	0.0619234 	0.0048579 	0.0206744 	6.6023e-13 	-1.15928e-13 	-6.85615e-15 	1.9723e-13 	-2.30987e-14 	2.20219e-13 	1.6834e-08 	7.90703e-08 	-1.52685e-08 	4.07004e-07 	-7.26081e-08 	1.3914e-08
0.2      0.2    0.2    0.2    0.2    2.7 	0.0619234 	0.0048579 	0.0206744 	6.6023e-13 	-1.15928e-13 	-6.85615e-15 	1.9723e-13 	-2.30987e-14 	2.20219e-13 	1.6834e-08 	7.90703e-08 	-1.52685e-08 	4.07004e-07 	-7.26081e-08 	1.3914e-08
0.2      0.2    0.2    0.2    0.2    2.79 	0.0103926 	0.0234121 	0.0118284 	7.0288e-13 	-2.7602e-13 	2.07062e-14 	2.53955e-13 	-2.62941e-14 	2.55615e-13 	2.97941e-07 	-8.38602e-10 	-3.99369e-07 	3.56073e-09 	-5.06166e-09 	5.47718e-07
0.2      0.2    0.2    0.2    0.2    2.88 	0.0103926 	0.0234121 	0.0118284 	7.0288e-13 	-2.7602e-13 	2.07062e-14 	2.53955e-13 	-2.62941e-14 	2.55615e-13 	2.97941e-07 	-8.38602e-10 	-3.99369e-07 	3.56073e-09 	-5.06166e-09 	5.47718e-07
0.2      0.2    0.2    0.2    0.2    2.97 	0.143646 	-0.0292807 	-0.00864488 	7.67607e-13 	-4.95074e-13 	1.26247e-14 	4.08691e-13 	-1.61193e-14 	1.20447e-13 	1.13752e-06 	5.98225e-07 	-7.58538e-07 	3.54541e-07 	-4.16415e-07 	5.1351e-07
0.2      0.2    0.2    0.2    0.2    3.06 	0.143646 	-0.0292807 	-0.00864488 	7.67607e-13 	-4.95074e-13 	1.26247e-14 	4.08691e-13 	-1.61193e-14 	1.20447e-13 	1.13752e-06 	5.98225e-07 	-7.58538e-07 	3.54541e-07 	-4.16415e-07 	5.1351e-07
0.2      0.2    0.2    0.2    0.2    3.15 	0.0931507 	-0.0110552 	0.0442045 	9.4432e-13 	-3.60628e-13 	-4.94698e-14 	3.39179e-13 	4.55649e-14 	2.06946e-13 	8.64033e-07 	4.58326e-07 	-2.9234e-07 	2.60979e-07 	-1.41458e-07 	1.09367e-07
0.2      0.2    0.2    0.2    0.2    3.24 	0.0931507 	-0.0110552 	0.0442045 	9.4432e-13 	-3.60628e-13 	-4.94698e-14 	3.39179e-13 	4.55649e-14 	2.06946e-13 	8.64033e-07 	4.58326e-07 	-2.9234e-07 	2.60979e-07 	-1.41458e-07 	1.09367e-07
0.2      0.2    0.2    0.2    0.2    3.33 	0.0665257 	0.0598335 	0.0657202 	5.53209e-13 	-2.67421e-13 	7.83302e-14 	3.08868e-13 	1.07304e-14 	2.3906e-13 	1.12464e-06 	-2.25977e-07 	-1.28112e-06 	5.45657e-08 	2.56816e-07 	1.45949e-06
0.2      0.2    0.2    0.2    0.2    3.42 	0.0665257 	0.0598335 	0.0657202 	5.53209e-13 	-2.67421e-13 	7.83302e-14 	3.08868e-13 	1.07304e-14 	2.3906e-13 	1.12464e-06 	-2.25977e-07 	-1.28112e-06 	5.45657e-08 	2.56816e-07 	1.45949e-06
0.2      0.2    0.2    0.2    0.2    3.51 	0.0665257 	0.0598335 	0.0657202 	5.53209e-13 	-2.67421e-13 	7.83302e-14 	3.08868e-13 	1.07304e-14 	2.3906e-13 	1.12464e-06 	-2.25977e-07 	-1.28112e-06 	5.45657e-08 	2.56816e-07 	1.45949e-06
0.2      0.2    0.2    0.2    0.2    3.6 	0.146947 	-0.0495867 	0.0382342 	6.42404e-13 	-2.83832e-13 	3.13744e-13 	2.12208e-13 	-4.49213e-14 	2.79339e-13 	2.54851e-06 	-1.01761e-06 	-2.1042e-08 	4.08544e-07 	1.74741e-08 	3.74241e-08
0.2      0.2    0.2    0.2    0.2    3.69 	0.146947 	-0.0495867 	0.0382342 	6.42404e-13 	-2.83832e-13 	3.13744e-13 	2.12208e-13 	-4.49213e-14 	2.79339e-13 	2.54851e-06 	-1.01761e-06 	-2.1042e-08 	4.08544e-07 	1.74741e-08 	3.74241e-08
0.2      0.2    0.2    0.2    0.2    3.78 	0.188127 	-0.103142 	0.0212897 	1.08358e-12 	-3.37594e-13 	4.05575e-14 	1.46265e-13 	-2.22033e-14 	3.00461e-13 	1.27141e-07 	-3.18772e-07 	-5.59053e-09 	9.59605e-07 	-1.48152e-08 	5.51747e-09
0.2      0.2    0.2    0.2    0.2    3.87 	0.188127 	-0.103142 	0.0212897 	1.08358e-12 	-3.37594e-13 	4.05575e-14 	1.46265e-13 	-2.22033e-14 	3.00461e-13 	1.27141e-07 	-3.18772e-07 	-5.59053e-09 	9.59605e-07 	-1.48152e-08 	5.51747e-09
0.2      0.2    0.2    0.2    0.2    3.96 	0.134817 	-0.0276893 	-0.0725716 	6.99236e-13 	-3.16177e-13 	-1.12738e-13 	1.59916e-13 	2.69383e-14 	2.11779e-13 	3.90277e-07 	3.89663e-07 	4.46381e-07 	3.89095e-07 	4.46441e-07 	6.86963e-07
0.2      0.2    0.2    0.2    0.2    4.05 	0.134817 	-0.0276893 	-0.0725716 	6.99236e-13 	-3.16177e-13 	-1.12738e-13 	1.59916e-13 	2.69383e-14 	2.11779e-13 	3.90277e-07 	3.89663e-07 	4.46381e-07 	3.89095e-07 	4.46441e-07 	6.86963e-07
0.2      0.2    0.2    0.2    0.2    4.14 	0.0401446 	0.0286648 	0.038967 	9.99166e-13 	-3.71998e-13 	-2.74307e-14 	2.48004e-13 	-6.17363e-15 	1.93471e-13 	7.4517e-07 	-3.17262e-07 	-6.53774e-07 	1.35574e-07 	2.81036e-07 	5.88603e-07
0.2      0.2    0.2    0.2    0.2    4.23 	0.0401446 	0.0286648 	0.038967 	9.99166e-13 	-3.71998e-13 	-2.74307e-14 	2.48004e-13 	-6.17363e-15 	1.93471e-13 	7.4517e-07 	-3.17262e-07 	-6.53774e-07 	1.35574e-07 	2.81036e-07 	5.88603e-07
0.2      0.2    0.2    0.2    0.2    4.32 	0.139413 	0.0222395 	-0.0123693 	1.0613e-12 	-3.09536e-13 	-1.53841e-13 	2.37316e-13 	8.95443e-14 	3.36294e-13 	2.44773e-07 	1.16686e-08 	6.49459e-07 	1.01304e-08 	3.96205e-08 	1.73158e-06
0.2      0.2    0.2    0.2    0.2    4.41 	0.139413 	0.0222395 	-0.0123693 	1.0613e-12 	-3.09536e-13 	-1.53841e-13 	2.37316e-13 	8.95443e-14 	3.36294e-13 	2.44773e-07 	1.16686e-08 	6.49459e-07 	1.01304e-08 	3.96205e-08 	1.73158e-06
0.2      0.2    0.2    0.2    0.2    4.5 	0.139413 	0.0222395 	-0.0123693 	1.0613e-12 	-3.09536e-13 	-1.53841e-13 	2.37316e-13 	8.95443e-14 	3.36294e-13 	2.44773e-07 	1.16686e-08 	6.49459e-07 	1.01304e-08 	3.96205e-08 	1.73158e-06
0.3      0.3    0.3    0.3    0.3    0 	0.0877879 	5.50814e-05 	-0.0228063 	1.37612e-12 	-5.59332e-13 	-1.82441e-13 	2.22686e-13 	9.92135e-14 	1.70107e-13 	4.45238e-06 	-2.65068e-06 	-3.63709e-06 	1.58413e-06 	2.17936e-06 	3.00545e-06
0.3      0.3    0.3    0.3    0.3    0.09 	0.0877879 	5.50814e-05 	-0.0228063 	1.37612e-12 	-5.59332e-13 	-1.82441e-13 	2.22686e-13 	9.92135e-14 	1.70107e-13 	4.45238e-06 	-2.65068e-06 	-3.63709e-06 	1.58413e-06 	2.17936e-06 	3.00545e-06
0.3      0.3    0.3    0.3    0.3    0.18 	0.0877879 	5.50814e-05 	-0.0228063 	1.37612e-12 	-5.59332e-13 	-1.82441e-13 	2.22686e-13 	9.92135e-14 	1.70107e-13 	4.45238e-06 	-2.65068e-06 	-3.63709e-06 	1.58413e-06 	2.17936e-06 	3.00545e-06
0.3      0.3    0.3    0.3    0.3    0.27 	0.0711982 	-0.0180891 	0.0162335 	1.15222e-12 	-3.9309e-13 	-1.60161e-13 	3.35067e-13 	5.50903e-14 	1.5366e-13 	1.04144e-06 	9.26709e-07 	-1.39041e-06 	8.49096e-07 	-1.25971e-06 	1.87714e-06
0.3      0.3    0.3    0.3    0.3    0.36 	0.0711982 	-0.0180891 	0.0162335 	1.15222e-12 	-3.9309e-13 	-1.60161e-13 	3.35067e-13 	5.50903e-14 	1.5366e-13 	1.04144e-06 	9.26709e-07 	-1.39041e-06 	8.49096e-07 	-1.25971e-06 	1.87714e-06
0.3      0.3    0.3    0.3    0.3    0.45 	0.0320166 	-0.0247055 	0.0672428 	5.71749e-13 	-2.79385e-13 	-4.69164e-14 	2.27896e-13 	2.31072e-15 	1.75478e-13 	4.77786e-06 	2.56755e-07 	8.57702e-07 	1.40879e-08 	4.10291e-08 	2.57361e-07
0.3      0.3    0.3    0.3    0.3    0.54 	0.0320166 	-0.0247055 	0.0672428 	5.71749e-13 	-2.79385e-13 	-4.69164e-14 	2.27896e-13 	2.31072e-15 	1.75478e-13 	4.77786e-06 	2.56755e-07 	8.57702e-07 	1.40879e-08 	4.10291e-08 	2.57361e-07
0.3      0.3    0.3    0.3    0.3    0.63 	0.0518039 	0.0130473 	0.0178264 	7.80697e-13 	-2.07713e-13 	1.51643e-13 	1.38265e-13 	9.78515e-15 	3.12213e-13 	4.43714e-08 	1.74307e-07 	2.62079e-08 	1.17772e-06 	2.86492e-07 	8.41084e-08
0.3      0.3    0.3    0.3    0.3    0.72 	0.0518039 	0.0130473 	0.0178264 	7.80697e-13 	-2.07713e-13 	1.51643e-13 	1.38265e-13 	9.78515e-15 	3.12213e-13 	4.43714e-08 	1.74307e-07 	2.62079e-08 	1.17772e-06 	2.86492e-07 	8.41084e-08
0.3      0.3    0.3    0.3    0.3    0.81 	0.0653744 	-0.0273594 	0.0200636 	1.03297e-12 	-5.48387e-13 	8.89104e-14 	1.98836e-13 	3.81733e-14 	1.8231e-13 	1.50624e-08 	-1.96943e-08 	1.12293e-08 	1.10376e-06 	-8.91517e-07 	7.22437e-07
0.3      0.3    0.3    0.3    0.3    0.9 	0.0653744 	-0.0273594 	0.0200636 	1.03297e-12 	-5.48387e-13 	8.89104e-14 	1.98836e-13 	3.81733e-14 	1.8231e-13 	1.50624e-08 	-1.96943e-08 	1.12293e-08 	1.10376e-06 	-8.91517e-07 	7.22437e-07
0.3      0.3    0.3    0.3    0.3    0.99 	0.0282312 	-0.0216117 	-0.00491359 	5.26941e-13 	-2.17351e-13 	-9.62655e-14 	1.76744e-13 	9.63711e-14 	2.16836e-13 	2.52253e-10 	1.09736e-08 	-1.29998e-08 	1.50944e-06 	-1.48007e-06 	1.48084e-06
0.3      0.3    0.3    0.3    0.3    1.08 	0.0282312 	-0.0216117 	-0.00491359 	5.26941e-13 	-2.17351e-13 	-9.62655e-14 	1.76744e-13 	9.63711e-14 	2.16836e-13 	2.52253e-10 	1.09736e-08 	-1.29998e-08 	1.50944e-06 	-1.48007e-06 	1.48084e-06
0.3      0.3    0.3    0.3    0.3    1.17 	0.0282312 	-0.0216117 	-0.00491359 	5.26941e-13 	-2.17351e-13 	-9.62655e-14 	1.76744e-13 	9.63711e-14 	2.16836e-13 	2.52253e-10 	1.09736e-08 	-1.29998e-08 	1.50944e-06 	-1.48007e-06 	1.48084e-06
0.3      0.3    0.3    0.3    0.3    1.26 	0.0356913 	0.00418193 	-0.0116829 	4.68044e-13 	-1.9925e-13 	5.54134e-14 	2.22329e-13 	-2.53827e-14 	1.87204e-13 	9.93112e-07 	4.41066e-07 	-3.21286e-07 	1.97429e-07 	-1.44922e-07 	1.07364e-07
0.3      0.3    0.3    0.3    0.3    1.35 	0.0356913 	0.00418193 	-0.0116829 	4.68044e-13 	-1.9925e-13 	5.54134e-14 	2.22329e-13 	-2.53827e-14 	1.87204e-13 	9.93112e-07 	4.41066e-07 	-3.21286e-07 	1.97429e-07 	-1.44922e-07 	1.07364e-07
0.3      0.3    0.3    0.3    0.3    1.44 	-0.0166746 	0.0594402 	-0.0190426 	3.12711e-13 	-1.88004e-13 	-3.2818e-14 	3.02766e-13 	-3.99551e-14 	2.116e-13 	9.02056e-08 	-9.41643e-08 	-9.45178e-08 	1.03357e-07 	1.08085e-07 	1.1659e-07
0.3      0.3    0.3    0.3    0.3    1.53 	-0.0166746 	0.0594402 	-0.0190426 	3.12711e-13 	-1.88004e-13 	-3.2818e-14 	3.02766e-13 	-3.99551e-14 	2.116e-13 	9.02056e-08 	-9.41643e-08 	-9.45178e-08 	1.03357e-07 	1.08085e-07 	1.1659e-07
0.3      0.3    0.3    0.3    0.3    1.62 	0.0629115 	0.00556047 	-0.0266889 	7.58776e-13 	-5.77424e-13 	1.02217e-13 	3.36062e-13 	-2.95847e-14 	2.31826e-13 	3.75827e-09 	7.32922e-08 	4.74481e-08 	2.44159e-06 	1.6345e-06 	1.09755e-06
0.3      0.3    0.3    0.3    0.3    1.71 	0.0629115 	0.00556047 	-0.0266889 	7.58776e-13 	-5.77424e-13 	1.02217e-13 	3.36062e-13 	-2.95847e-14 	2.31826e-13 	3.75827e-09 	7.32922e-08 	4.74481e-08 	2.44159e-06 	1.6345e-06 	1.09755e-06
0.3      0.3    0.3    0.3    0.3    1.8 	0.0217229 	-0.0248293 	-0.0164503 	4.10147e-13 	-4.1627e-13 	2.95413e-13 	2.34735e-13 	-1.37906e-13 	3.3954e-13 	6.21199e-07 	1.08444e-06 	-2.10764e-06 	1.89757e-06 	-3.6895e-06 	7.18009e-06
0.3      0.3    0.3    0.3    0.3    1.89 	0.0217229 	-0.0248293 	-0.0164503 	4.10147e-13 	-4.1627e-13 	2.95413e-13 	2.34735e-13 	-1.37906e-13 	3.3954e-13 	6.21199e-07 	1.08444e-06 	-2.10764e-06 	1.89757e-06 	-3.6895e-06 	7.18009e-06
0.3      0.3    0.3    0.3    0.3    1.98 	0.180812 	-0.128503 	-0.0080066 	9.54209e-13 	-6.79327e-13 	9.73761e-14 	4.66416e-13 	-8.69967e-14 	2.05532e-13 	6.78669e-07 	-2.26729e-07 	1.30308e-07 	8.91005e-08 	-5.59253e-08 	3.69277e-08
0.3      0.3    0.3    0.3    0.3    2.07 	0.180812 	-0.128503 	-0.0080066 	9.54209e-13 	-6.79327e-13 	9.73761e-14 	4.66416e-13 	-8.69967e-14 	2.05532e-13 	6.78669e-07 	-2.26729e-07 	1.30308e-07 	8.91005e-08 	-5.59253e-08 	3.69277e-08
0.3      0.3    0.3    0.3    0.3    2.16 	0.122337 	-0.0271417 	0.0293139 	9.78843e-13 	-7.29084e-13 	1.05337e-13 	4.93962e-13 	-8.58825e-14 	2.8914e-13 	1.03035e-08 	1.38037e-07 	1.15329e-07 	2.38098e-06 	2.03684e-06 	1.74663e-06
0.3      0.3    0.3    0.3    0.3    2.25 	0.122337 	-0.0271417 	0.0293139 	9.78843e-13 	-7.29084e-13 	1.05337e-13 	4.93962e-13 	-8.58825e-14 	2.8914e-13 	1.03035e-08 	1.38037e-07 	1.15329e-07 	2.38098e-06 	2.03684e-06 	1.74663e-06
0.3      0.3    0.3    0.3    0.3    2.34 	0.122337 	-0.0271417 	0.0293139 	9.78843e-13 	-7.29084e-13 	1.05337e-13 	4.93962e-13 	-8.58825e-14 	2.8914e-13 	1.03035e-08 	1.38037e-07 	1.15329e-07 	2.38098e-06 	2.03684e-06 	1.74663e-06
0.3      0.3    0.3    0.3    0.3    2.43 	0.0940671 	-0.00642816 	-0.016387 	7.17248e-13 	-2.52387e-13 	-1.54251e-14 	2.2348e-13 	7.59667e-16 	2.35647e-13 	5.12705e-08 	1.50042e-08 	3.09294e-08 	2.235e-08 	2.57444e-08 	3.41888e-08
0.3      0.3    0.3    0.3    0.3    2.52 	0.0940671 	-0.00642816 	-0.016387 	7.17248e-13 	-2.52387e-13 	-1.54251e-14 	2.2348e-13 	7.59667e-16 	2.35647e-13 	5.12705e-08 	1.50042e-08 	3.09294e-08 	2.235e-08 	2.57444e-08 	3.41888e-08
0.3      0.3    0.3    0.3    0.3    2.61 	0.0619663 	0.00575257 	0.0207304 	6.59885e-13 	-1.16939e-13 	-6.21141e-15 	1.98212e-13 	-2.2925e-14 	2.18796e-13 	1.69836e-08 	1.07008e-07 	-1.36278e-08 	7.90092e-07 	-7.97315e-08 	1.1541e-08
0.3      0.3    0.3    0.3    0.3    2.7 	0.0619663 	0.00575257 	0.0207304 	6.59885e-13 	-1.16939e-13 	-6.21141e-15 	1.98212e-13 	-2.2925e-14 	2.18796e-13 	1.69836e-08 	1.07008e-07 	-1.36278e-08 	7.90092e-07 	-7.97315e-08 	1.1541e-08
0.3      0.3    0.3    0.3    0.3    2.79 	0.0100573 	0.0229018 	0.0129052 	7.05592e-13 	-2.75055e-13 	2.07439e-14 	2.52034e-13 	-2.56485e-14 	2.55862e-13 	3.99973e-07 	8.59465e-08 	-6.53395e-07 	4.36012e-08 	-1.7447e-07 	1.11514e-06
0.3      0.3    0.3    0.3    0.3    2.88 	0.0100573 	0.0229018 	0.0129052 	7.05592e-13 	-2.75055e-13 	2.07439e-14 	2.52034e-13 	-2.56485e-14 	2.55862e-13 	3.99973e-07 	8.59465e-08 	-6.53395e-07 	4.36012e-08 	-1.7447e-07 	1.11514e-06
0.3      0.3    0.3    0.3    0.3    2.97 	0.141648 	-0.0294688 	-0.0076341 	7.54704e-13 	-4.88204e-13 	1.81531e-14 	4.07683e-13 	-1.98946e-14 	1.21085e-13 	2.70866e-06 	9.03352e-07 	-1.60158e-06 	3.70202e-07 	-5.6222e-07 	9.58494e-07
0.3      0.3    0.3    0.3    0.3    3.06 	0.141648 	-0.0294688 	-0.0076341 	7.54704e-13 	-4.88204e-13 	1.81531e-14 	4.07683e-13 	-1.98946e-14 	1.21085e-13 	2.70866e-06 	9.03352e-07 	-1.60158e-06 	3.70202e-07 	-5.6222e-07 	9.58494e-07
0.3      0.3    0.3    0.3    0.3    3.15 	0.0948567 	-0.0109136 	0.0432128 	9.5036e-13 	-3.61647e-13 	-5.23558e-14 	3.40395e-13 	4.6007e-14 	2.05695e-13 	2.01669e-06 	6.97995e-07 	-9.06685e-07 	2.84158e-07 	-2.8672e-07 	4.25261e-07
0.3      0.3    0.3    0.3    0.3    3.24 	0.0948567 	-0.0109136 	0.0432128 	9.5036e-13 	-3.61647e-13 	-5.23558e-14 	3.40395e-13 	4.6007e-14 	2.05695e-13 	2.01669e-06 	6.97995e-07 	-9.06685e-07 	2.84158e-07 	-2.8672e-07 	4.25261e-07
0.3      0.3    0.3    0.3    0.3    3.33 	0.0648832 	0.0606032 	0.0674254 	5.57604e-13 	-2.69875e-13 	7.72283e-14 	3.11292e-13 	1.07921e-14 	2.38677e-13 	2.33455e-06 	-7.10597e-07 	-2.59143e-06 	2.35314e-07 	7.84499e-07 	2.87789e-06
0.3      0.3    0.3    0.3    0.3    3.42 	0.0648832 	0.0606032 	0.0674254 	5.57604e-13 	-2.69875e-13 	7.72283e-14 	3.11292e-13 	1.07921e-14 	2.38677e-13 	2.33455e-06 	-7.10597e-07 	-2.59143e-06 	2.35314e-07 	7.84499e-07 	2.87789e-06
0.3      0.3    0.3    0.3    0.3    3.51 	0.0648832 	0.0606032 	0.0674254 	5.57604e-13 	-2.69875e-13 	7.72283e-14 	3.11292e-13 	1.07921e-14 	2.38677e-13 	2.33455e-06 	-7.10597e-07 	-2.59143e-06 	2.35314e-07 	7.84499e-07 	2.87789e-06
0.3      0.3    0.3    0.3    0.3    3.6 	0.14441 	-0.048332 	0.0391252 	6.209e-13 	-2.75542e-13 	3.04766e-13 	2.10307e-13 	-4.20623e-14 	2.7787e-13 	5.36835e-06 	-2.33712e-06 	-7.70535e-07 	1.02253e-06 	3.54845e-07 	1.8506e-07
0.3      0.3    0.3    0.3    0.3    3.69 	0.14441 	-0.048332 	0.0391252 	6.209e-13 	-2.75542e-13 	3.04766e-13 	2.10307e-13 	-4.20623e-14 	2.7787e-13 	5.36835e-06 	-2.33712e-06 	-7.70535e-07 	1.02253e-06 	3.54845e-07 	1.8506e-07
0.3      0.3    0.3    0.3    0.3    3.78 	0.188016 	-0.101311 	0.0211318 	1.05235e-12 	-3.21184e-13 	3.98135e-14 	1.43357e-13 	-2.11911e-14 	3.03205e-13 	1.23121e-07 	-4.6055e-07 	1.47507e-08 	2.27912e-06 	-1.32639e-07 	1.28837e-08
0.3      0.3    0.3    0.3    0.3    3.87 	0.188016 	-0.101311 	0.0211318 	1.05235e-12 	-3.21184e-13 	3.98135e-14 	1.43357e-13 	-2.11911e-14 	3.03205e-13 	1.23121e-07 	-4.6055e-07 	1.47507e-08 	2.27912e-06 	-1.32639e-07 	1.28837e-08
0.3      0.3    0.3    0.3    0.3    3.96 	0.134142 	-0.028368 	-0.0751081 	6.9738e-13 	-3.14423e-13 	-1.07208e-13 	1.59623e-13 	2.53914e-14 	2.11815e-13 	6.25945e-07 	6.23793e-07 	1.20733e-06 	6.21683e-07 	1.20326e-06 	2.74286e-06
0.3      0.3    0.3    0.3    0.3    4.05 	0.134142 	-0.028368 	-0.0751081 	6.9738e-13 	-3.14423e-13 	-1.07208e-13 	1.59623e-13 	2.53914e-14 	2.11815e-13 	6.25945e-07 	6.23793e-07 	1.20733e-06 	6.21683e-07 	1.20326e-06 	2.74286e-06
0.3      0.3    0.3    0.3    0.3    4.14 	0.0414364 	0.0282212 	0.0382394 	1.0178e-12 	-3.76284e-13 	-3.51966e-14 	2.47792e-13 	-4.9187e-15 	1.92386e-13 	1.51933e-06 	-6.00387e-07 	-1.14228e-06 	2.38346e-07 	4.56256e-07 	8.81263e-07
0.3      0.3    0.3    0.3    0.3    4.23 	0.0414364 	0.0282212 	0.0382394 	1.0178e-12 	-3.76284e-13 	-3.51966e-14 	2.47792e-13 	-4.9187e-15 	1.92386e-13 	1.51933e-06 	-6.00387e-07 	-1.14228e-06 	2.38346e-07 	4.56256e-07 	8.81263e-07
0.3      0.3    0.3    0.3    0.3    4.32 	0.13868 	0.0226356 	-0.0140994 	1.05141e-12 	-3.10417e-13 	-1.60067e-13 	2.36817e-13 	9.11498e-14 	3.36149e-13 	4.95898e-07 	-8.60701e-08 	1.2508e-06 	3.43245e-08 	-2.03868e-07 	3.16476e-06
0.3      0.3    0.3    0.3    0.3    4.41 	0.13868 	0.0226356 	-0.0140994 	1.05141e-12 	-3.10417e-13 	-1.60067e-13 	2.36817e-13 	9.11498e-14 	3.36149e-13 	4.95898e-07 	-8.60701e-08 	1.2508e-06 	3.43245e-08 	-2.03868e-07 	3.16476e-06
0.3      0.3    0.3    0.3    0.3    4.5 	0.13868 	0.0226356 	-0.0140994 	1.05141e-12 	-3.10417e-13 	-1.60067e-13 	2.36817e-13 	9.11498e-14 	3.36149e-13 	4.95898e-07 	-8.60701e-08 	1.2508e-06 	3.43245e-08 	-2.03868e-07 	3.16476e-06
