0.01      0.01    0.01    0.01    0.01    0 	0.0210547 	-0.0287821 	-0.0412328 	4.04217e-13 	-5.93029e-14 	-2.7603e-14 	1.2224e-13 	1.56602e-14 	2.52875e-13 	4.72393e-10 	3.8224e-10 	-5.55851e-10 	3.09293e-10 	-4.49771e-10 	6.54053e-10
0.01      0.01    0.01    0.01    0.01    0.09 	0.0210547 	-0.0287821 	-0.0412328 	4.04217e-13 	-5.93029e-14 	-2.7603e-14 	1.2224e-13 	1.56602e-14 	2.52875e-13 	4.72393e-10 	3.8224e-10 	-5.55851e-10 	3.09293e-10 	-4.49771e-10 	6.54053e-10
0.01      0.01    0.01    0.01    0.01    0.18 	0.0210547 	-0.0287821 	-0.0412328 	4.04217e-13 	-5.93029e-14 	-2.7603e-14 	1.2224e-13 	1.56602e-14 	2.52875e-13 	4.72393e-10 	3.8224e-10 	-5.55851e-10 	3.09293e-10 	-4.49771e-10 	6.54053e-10
0.01      0.01    0.01    0.01    0.01    0.27 	-0.0154373 	-0.00592879 	0.00319288 	4.63877e-13 	-6.89092e-14 	-4.97108e-14 	3.1395e-13 	1.91711e-13 	3.59906e-13 	2.43666e-10 	-4.10177e-10 	-1.48532e-10 	6.90474e-10 	2.50032e-10 	9.05407e-11
0.01      0.01    0.01    0.01    0.01    0.36 	-0.0154373 	-0.00592879 	0.00319288 	4.63877e-13 	-6.89092e-14 	-4.97108e-14 	3.1395e-13 	1.91711e-13 	3.59906e-13 	2.43666e-10 	-4.10177e-10 	-1.48532e-10 	6.90474e-10 	2.50032e-10 	9.05407e-11
0.01      0.01    0.01    0.01    0.01    0.45 	0.00310816 	-0.00546019 	0.0412879 	1.05946e-12 	-4.48847e-13 	8.65421e-14 	4.58003e-13 	-1.5246e-14 	3.84969e-13 	6.00234e-11 	4.2965e-11 	-8.7975e-12 	3.07545e-11 	-6.29728e-12 	1.28943e-12
0.01      0.01    0.01    0.01    0.01    0.54 	0.00310816 	-0.00546019 	0.0412879 	1.05946e-12 	-4.48847e-13 	8.65421e-14 	4.58003e-13 	-1.5246e-14 	3.84969e-13 	6.00234e-11 	4.2965e-11 	-8.7975e-12 	3.07545e-11 	-6.29728e-12 	1.28943e-12
0.01      0.01    0.01    0.01    0.01    0.63 	-0.0391539 	0.0037977 	0.0286908 	1.34048e-12 	-3.58717e-13 	4.77352e-13 	3.63887e-13 	-2.57996e-13 	6.58788e-13 	7.58206e-11 	-5.64001e-11 	3.21594e-10 	4.19539e-11 	-2.39222e-10 	1.36405e-09
0.01      0.01    0.01    0.01    0.01    0.72 	-0.0391539 	0.0037977 	0.0286908 	1.34048e-12 	-3.58717e-13 	4.77352e-13 	3.63887e-13 	-2.57996e-13 	6.58788e-13 	7.58206e-11 	-5.64001e-11 	3.21594e-10 	4.19539e-11 	-2.39222e-10 	1.36405e-09
0.01      0.01    0.01    0.01    0.01    0.81 	-0.0446329 	0.00258876 	0.036814 	6.37822e-13 	-9.29629e-14 	1.56724e-13 	1.84613e-13 	-5.59369e-14 	5.2251e-13 	9.12922e-11 	4.29049e-11 	-6.24978e-11 	2.01641e-11 	-2.93723e-11 	4.27854e-11
0.01      0.01    0.01    0.01    0.01    0.9 	-0.0446329 	0.00258876 	0.036814 	6.37822e-13 	-9.29629e-14 	1.56724e-13 	1.84613e-13 	-5.59369e-14 	5.2251e-13 	9.12922e-11 	4.29049e-11 	-6.24978e-11 	2.01641e-11 	-2.93723e-11 	4.27854e-11
0.01      0.01    0.01    0.01    0.01    0.99 	-0.0185053 	0.00157133 	-0.0193301 	3.73269e-13 	-1.09167e-14 	-1.07117e-13 	1.52076e-13 	4.15687e-14 	6.42686e-13 	2.87044e-10 	-5.59195e-11 	5.88887e-11 	1.08938e-11 	-1.14722e-11 	1.20814e-11
0.01      0.01    0.01    0.01    0.01    1.08 	-0.0185053 	0.00157133 	-0.0193301 	3.73269e-13 	-1.09167e-14 	-1.07117e-13 	1.52076e-13 	4.15687e-14 	6.42686e-13 	2.87044e-10 	-5.59195e-11 	5.88887e-11 	1.08938e-11 	-1.14722e-11 	1.20814e-11
0.01      0.01    0.01    0.01    0.01    1.17 	-0.0185053 	0.00157133 	-0.0193301 	3.73269e-13 	-1.09167e-14 	-1.07117e-13 	1.52076e-13 	4.15687e-14 	6.42686e-13 	2.87044e-10 	-5.59195e-11 	5.88887e-11 	1.08938e-11 	-1.14722e-11 	1.20814e-11
0.01      0.01    0.01    0.01    0.01    1.26 	-0.0291326 	0.0173322 	-0.00874246 	5.46473e-13 	-7.94636e-14 	-1.20626e-13 	1.98112e-13 	1.65932e-13 	3.71733e-13 	6.76613e-11 	-1.75117e-10 	1.44836e-10 	4.53229e-10 	-3.74858e-10 	3.10038e-10
0.01      0.01    0.01    0.01    0.01    1.35 	-0.0291326 	0.0173322 	-0.00874246 	5.46473e-13 	-7.94636e-14 	-1.20626e-13 	1.98112e-13 	1.65932e-13 	3.71733e-13 	6.76613e-11 	-1.75117e-10 	1.44836e-10 	4.53229e-10 	-3.74858e-10 	3.10038e-10
0.01      0.01    0.01    0.01    0.01    1.44 	-0.0267097 	-0.0038291 	-0.0123288 	5.98153e-13 	-2.5709e-13 	-1.87682e-13 	3.41213e-13 	6.25666e-14 	2.41415e-13 	2.42194e-10 	-1.23748e-10 	1.68159e-10 	6.3229e-11 	-8.59202e-11 	1.16755e-10
0.01      0.01    0.01    0.01    0.01    1.53 	-0.0267097 	-0.0038291 	-0.0123288 	5.98153e-13 	-2.5709e-13 	-1.87682e-13 	3.41213e-13 	6.25666e-14 	2.41415e-13 	2.42194e-10 	-1.23748e-10 	1.68159e-10 	6.3229e-11 	-8.59202e-11 	1.16755e-10
0.01      0.01    0.01    0.01    0.01    1.62 	-0.0338338 	0.0104865 	0.0144831 	6.83802e-13 	-8.34888e-14 	-3.21202e-13 	2.35219e-13 	-7.83802e-14 	5.71002e-13 	2.1075e-10 	-2.4582e-10 	3.4113e-10 	2.86725e-10 	-3.97896e-10 	5.52169e-10
0.01      0.01    0.01    0.01    0.01    1.71 	-0.0338338 	0.0104865 	0.0144831 	6.83802e-13 	-8.34888e-14 	-3.21202e-13 	2.35219e-13 	-7.83802e-14 	5.71002e-13 	2.1075e-10 	-2.4582e-10 	3.4113e-10 	2.86725e-10 	-3.97896e-10 	5.52169e-10
0.01      0.01    0.01    0.01    0.01    1.8 	-0.000425098 	-0.00842338 	-0.0317367 	5.55946e-13 	-1.09752e-13 	-1.7198e-13 	4.12447e-13 	-1.17641e-14 	5.08089e-13 	4.39723e-09 	2.07708e-09 	3.20199e-10 	9.81135e-10 	1.5125e-10 	2.33164e-11
0.01      0.01    0.01    0.01    0.01    1.89 	-0.000425098 	-0.00842338 	-0.0317367 	5.55946e-13 	-1.09752e-13 	-1.7198e-13 	4.12447e-13 	-1.17641e-14 	5.08089e-13 	4.39723e-09 	2.07708e-09 	3.20199e-10 	9.81135e-10 	1.5125e-10 	2.33164e-11
0.01      0.01    0.01    0.01    0.01    1.98 	0.0210485 	-0.0413526 	0.0158548 	3.82529e-13 	1.0187e-14 	-1.00308e-13 	3.3016e-13 	-1.46109e-13 	4.08941e-13 	6.79353e-09 	-3.95819e-09 	-5.73491e-09 	2.30621e-09 	3.3414e-09 	4.84125e-09
0.01      0.01    0.01    0.01    0.01    2.07 	0.0210485 	-0.0413526 	0.0158548 	3.82529e-13 	1.0187e-14 	-1.00308e-13 	3.3016e-13 	-1.46109e-13 	4.08941e-13 	6.79353e-09 	-3.95819e-09 	-5.73491e-09 	2.30621e-09 	3.3414e-09 	4.84125e-09
0.01      0.01    0.01    0.01    0.01    2.16 	-0.0313774 	-0.0447491 	-0.0169375 	7.09502e-13 	-1.37654e-13 	-4.81703e-14 	2.29695e-13 	-4.46759e-14 	2.26129e-13 	6.57653e-09 	-4.19209e-09 	-3.29173e-09 	2.67217e-09 	2.09825e-09 	1.6476e-09
0.01      0.01    0.01    0.01    0.01    2.25 	-0.0313774 	-0.0447491 	-0.0169375 	7.09502e-13 	-1.37654e-13 	-4.81703e-14 	2.29695e-13 	-4.46759e-14 	2.26129e-13 	6.57653e-09 	-4.19209e-09 	-3.29173e-09 	2.67217e-09 	2.09825e-09 	1.6476e-09
0.01      0.01    0.01    0.01    0.01    2.34 	-0.0313774 	-0.0447491 	-0.0169375 	7.09502e-13 	-1.37654e-13 	-4.81703e-14 	2.29695e-13 	-4.46759e-14 	2.26129e-13 	6.57653e-09 	-4.19209e-09 	-3.29173e-09 	2.67217e-09 	2.09825e-09 	1.6476e-09
0.01      0.01    0.01    0.01    0.01    2.43 	0.0189133 	-0.00856357 	0.0237722 	3.73884e-13 	-1.11845e-13 	-4.10699e-14 	2.379e-13 	-5.17522e-14 	2.03406e-13 	1.3921e-09 	4.24692e-10 	-7.34821e-10 	1.29562e-10 	-2.24174e-10 	3.87875e-10
0.01      0.01    0.01    0.01    0.01    2.52 	0.0189133 	-0.00856357 	0.0237722 	3.73884e-13 	-1.11845e-13 	-4.10699e-14 	2.379e-13 	-5.17522e-14 	2.03406e-13 	1.3921e-09 	4.24692e-10 	-7.34821e-10 	1.29562e-10 	-2.24174e-10 	3.87875e-10
0.01      0.01    0.01    0.01    0.01    2.61 	0.0083637 	-0.0122452 	-0.00454652 	4.63393e-13 	-1.88147e-13 	1.4854e-13 	3.79224e-13 	-1.1968e-13 	5.17972e-13 	1.21558e-12 	-5.67294e-12 	3.23309e-11 	2.64749e-11 	-1.50884e-10 	8.59912e-10
0.01      0.01    0.01    0.01    0.01    2.7 	0.0083637 	-0.0122452 	-0.00454652 	4.63393e-13 	-1.88147e-13 	1.4854e-13 	3.79224e-13 	-1.1968e-13 	5.17972e-13 	1.21558e-12 	-5.67294e-12 	3.23309e-11 	2.64749e-11 	-1.50884e-10 	8.59912e-10
0.01      0.01    0.01    0.01    0.01    2.79 	0.031365 	-0.00938339 	0.033191 	6.22156e-13 	-1.76154e-13 	1.60467e-13 	3.11959e-13 	-6.58786e-14 	3.09485e-13 	1.05616e-09 	4.16206e-10 	8.26997e-10 	1.64017e-10 	3.259e-10 	6.4756e-10
0.01      0.01    0.01    0.01    0.01    2.88 	0.031365 	-0.00938339 	0.033191 	6.22156e-13 	-1.76154e-13 	1.60467e-13 	3.11959e-13 	-6.58786e-14 	3.09485e-13 	1.05616e-09 	4.16206e-10 	8.26997e-10 	1.64017e-10 	3.259e-10 	6.4756e-10
0.01      0.01    0.01    0.01    0.01    2.97 	0.0206792 	0.0118841 	-0.0125825 	2.04066e-12 	-7.38585e-13 	5.65798e-13 	7.89893e-13 	-3.16113e-13 	1.13153e-12 	4.90675e-11 	-2.29101e-10 	1.22176e-10 	1.06969e-09 	-5.70449e-10 	3.04211e-10
0.01      0.01    0.01    0.01    0.01    3.06 	0.0206792 	0.0118841 	-0.0125825 	2.04066e-12 	-7.38585e-13 	5.65798e-13 	7.89893e-13 	-3.16113e-13 	1.13153e-12 	4.90675e-11 	-2.29101e-10 	1.22176e-10 	1.06969e-09 	-5.70449e-10 	3.04211e-10
0.01      0.01    0.01    0.01    0.01    3.15 	0.00337747 	-0.040823 	0.0899424 	7.08339e-13 	-2.07751e-13 	9.74868e-14 	3.12868e-13 	-2.78039e-14 	3.98359e-13 	2.44245e-09 	1.01905e-09 	3.99486e-09 	4.25172e-10 	1.66675e-09 	6.53398e-09
0.01      0.01    0.01    0.01    0.01    3.24 	0.00337747 	-0.040823 	0.0899424 	7.08339e-13 	-2.07751e-13 	9.74868e-14 	3.12868e-13 	-2.78039e-14 	3.98359e-13 	2.44245e-09 	1.01905e-09 	3.99486e-09 	4.25172e-10 	1.66675e-09 	6.53398e-09
0.01      0.01    0.01    0.01    0.01    3.33 	0.0261545 	-0.0273942 	0.009608 	5.53618e-13 	-1.66971e-13 	1.41434e-14 	2.26403e-13 	3.21143e-14 	3.15872e-13 	5.27982e-12 	1.15693e-10 	-8.8027e-11 	2.53511e-09 	-1.92888e-09 	1.46762e-09
0.01      0.01    0.01    0.01    0.01    3.42 	0.0261545 	-0.0273942 	0.009608 	5.53618e-13 	-1.66971e-13 	1.41434e-14 	2.26403e-13 	3.21143e-14 	3.15872e-13 	5.27982e-12 	1.15693e-10 	-8.8027e-11 	2.53511e-09 	-1.92888e-09 	1.46762e-09
0.01      0.01    0.01    0.01    0.01    3.51 	0.0261545 	-0.0273942 	0.009608 	5.53618e-13 	-1.66971e-13 	1.41434e-14 	2.26403e-13 	3.21143e-14 	3.15872e-13 	5.27982e-12 	1.15693e-10 	-8.8027e-11 	2.53511e-09 	-1.92888e-09 	1.46762e-09
0.01      0.01    0.01    0.01    0.01    3.6 	0.0208266 	0.00394568 	0.103922 	5.29736e-13 	-1.71383e-13 	2.74077e-13 	3.33166e-13 	-2.5992e-13 	1.07489e-12 	3.25858e-10 	1.05351e-09 	-4.43774e-10 	3.40605e-09 	-1.43474e-09 	6.04359e-10
0.01      0.01    0.01    0.01    0.01    3.69 	0.0208266 	0.00394568 	0.103922 	5.29736e-13 	-1.71383e-13 	2.74077e-13 	3.33166e-13 	-2.5992e-13 	1.07489e-12 	3.25858e-10 	1.05351e-09 	-4.43774e-10 	3.40605e-09 	-1.43474e-09 	6.04359e-10
0.01      0.01    0.01    0.01    0.01    3.78 	0.0113445 	-0.0085686 	0.0462065 	6.50273e-13 	-1.38948e-13 	4.12582e-13 	2.27006e-13 	-1.56393e-13 	7.85224e-13 	7.36203e-10 	-8.77003e-10 	4.76951e-10 	1.04473e-09 	-5.68168e-10 	3.08994e-10
0.01      0.01    0.01    0.01    0.01    3.87 	0.0113445 	-0.0085686 	0.0462065 	6.50273e-13 	-1.38948e-13 	4.12582e-13 	2.27006e-13 	-1.56393e-13 	7.85224e-13 	7.36203e-10 	-8.77003e-10 	4.76951e-10 	1.04473e-09 	-5.68168e-10 	3.08994e-10
0.01      0.01    0.01    0.01    0.01    3.96 	-0.0106375 	0.0127547 	0.0217368 	4.63727e-13 	3.35715e-15 	3.61695e-14 	4.82081e-13 	-5.03323e-13 	1.18851e-12 	5.06418e-12 	-1.86647e-11 	9.76113e-11 	6.8791e-11 	-3.59759e-10 	1.88145e-09
0.01      0.01    0.01    0.01    0.01    4.05 	-0.0106375 	0.0127547 	0.0217368 	4.63727e-13 	3.35715e-15 	3.61695e-14 	4.82081e-13 	-5.03323e-13 	1.18851e-12 	5.06418e-12 	-1.86647e-11 	9.76113e-11 	6.8791e-11 	-3.59759e-10 	1.88145e-09
0.01      0.01    0.01    0.01    0.01    4.14 	-0.0187154 	0.0127674 	0.0309027 	2.99985e-13 	-7.12374e-15 	-2.5776e-15 	3.35049e-13 	-2.55321e-13 	6.05342e-13 	1.46042e-10 	4.59325e-10 	-7.22396e-11 	1.44464e-09 	-2.27204e-10 	3.57332e-11
0.01      0.01    0.01    0.01    0.01    4.23 	-0.0187154 	0.0127674 	0.0309027 	2.99985e-13 	-7.12374e-15 	-2.5776e-15 	3.35049e-13 	-2.55321e-13 	6.05342e-13 	1.46042e-10 	4.59325e-10 	-7.22396e-11 	1.44464e-09 	-2.27204e-10 	3.57332e-11
0.01      0.01    0.01    0.01    0.01    4.32 	-0.0430614 	-0.00372155 	0.0719463 	5.54949e-13 	-1.57112e-13 	-5.4167e-13 	2.02112e-13 	2.08324e-13 	8.50931e-13 	9.92928e-10 	-3.11773e-10 	-6.58551e-10 	9.78946e-11 	2.06781e-10 	4.36779e-10
0.01      0.01    0.01    0.01    0.01    4.41 	-0.0430614 	-0.00372155 	0.0719463 	5.54949e-13 	-1.57112e-13 	-5.4167e-13 	2.02112e-13 	2.08324e-13 	8.50931e-13 	9.92928e-10 	-3.11773e-10 	-6.58551e-10 	9.78946e-11 	2.06781e-10 	4.36779e-10
0.01      0.01    0.01    0.01    0.01    4.5 	-0.0430614 	-0.00372155 	0.0719463 	5.54949e-13 	-1.57112e-13 	-5.4167e-13 	2.02112e-13 	2.08324e-13 	8.50931e-13 	9.92928e-10 	-3.11773e-10 	-6.58551e-10 	9.78946e-11 	2.06781e-10 	4.36779e-10
0.02      0.02    0.02    0.02    0.02    0 	0.0209577 	-0.0288497 	-0.0411242 	4.04177e-13 	-5.91297e-14 	-2.76482e-14 	1.22156e-13 	1.56464e-14 	2.53063e-13 	2.75655e-09 	2.01292e-09 	-3.13194e-09 	1.47259e-09 	-2.28834e-09 	3.55909e-09
0.02      0.02    0.02    0.02    0.02    0.09 	0.0209577 	-0.0288497 	-0.0411242 	4.04177e-13 	-5.91297e-14 	-2.76482e-14 	1.22156e-13 	1.56464e-14 	2.53063e-13 	2.75655e-09 	2.01292e-09 	-3.13194e-09 	1.47259e-09 	-2.28834e-09 	3.55909e-09
0.02      0.02    0.02    0.02    0.02    0.18 	0.0209577 	-0.0288497 	-0.0411242 	4.04177e-13 	-5.91297e-14 	-2.76482e-14 	1.22156e-13 	1.56464e-14 	2.53063e-13 	2.75655e-09 	2.01292e-09 	-3.13194e-09 	1.47259e-09 	-2.28834e-09 	3.55909e-09
0.02      0.02    0.02    0.02    0.02    0.27 	-0.0153748 	-0.00603885 	0.00315175 	4.64126e-13 	-6.85159e-14 	-4.94084e-14 	3.13757e-13 	1.91615e-13 	3.59834e-13 	1.24408e-09 	-2.14481e-09 	-7.8531e-10 	3.70124e-09 	1.35685e-09 	4.98198e-10
0.02      0.02    0.02    0.02    0.02    0.36 	-0.0153748 	-0.00603885 	0.00315175 	4.64126e-13 	-6.85159e-14 	-4.94084e-14 	3.13757e-13 	1.91615e-13 	3.59834e-13 	1.24408e-09 	-2.14481e-09 	-7.8531e-10 	3.70124e-09 	1.35685e-09 	4.98198e-10
0.02      0.02    0.02    0.02    0.02    0.45 	0.00313669 	-0.00542698 	0.0412781 	1.06059e-12 	-4.49422e-13 	8.63377e-14 	4.58452e-13 	-1.50971e-14 	3.8496e-13 	2.70505e-10 	2.69595e-10 	-7.37731e-11 	2.74697e-10 	-7.57959e-11 	2.10022e-11
0.02      0.02    0.02    0.02    0.02    0.54 	0.00313669 	-0.00542698 	0.0412781 	1.06059e-12 	-4.49422e-13 	8.63377e-14 	4.58452e-13 	-1.50971e-14 	3.8496e-13 	2.70505e-10 	2.69595e-10 	-7.37731e-11 	2.74697e-10 	-7.57959e-11 	2.10022e-11
0.02      0.02    0.02    0.02    0.02    0.63 	-0.039118 	0.00376533 	0.028846 	1.34092e-12 	-3.59153e-13 	4.77284e-13 	3.6429e-13 	-2.58179e-13 	6.59414e-13 	3.93701e-10 	-3.36007e-10 	1.69633e-09 	2.87437e-10 	-1.44785e-09 	7.3094e-09
0.02      0.02    0.02    0.02    0.02    0.72 	-0.039118 	0.00376533 	0.028846 	1.34092e-12 	-3.59153e-13 	4.77284e-13 	3.6429e-13 	-2.58179e-13 	6.59414e-13 	3.93701e-10 	-3.36007e-10 	1.69633e-09 	2.87437e-10 	-1.44785e-09 	7.3094e-09
0.02      0.02    0.02    0.02    0.02    0.81 	-0.0445963 	0.0026005 	0.0367879 	6.38537e-13 	-9.32477e-14 	1.57267e-13 	1.84722e-13 	-5.63252e-14 	5.22755e-13 	4.35093e-10 	1.62827e-10 	-3.05198e-10 	6.19383e-11 	-1.13967e-10 	2.14149e-10
0.02      0.02    0.02    0.02    0.02    0.9 	-0.0445963 	0.0026005 	0.0367879 	6.38537e-13 	-9.32477e-14 	1.57267e-13 	1.84722e-13 	-5.63252e-14 	5.22755e-13 	4.35093e-10 	1.62827e-10 	-3.05198e-10 	6.19383e-11 	-1.13967e-10 	2.14149e-10
0.02      0.02    0.02    0.02    0.02    0.99 	-0.0184361 	0.00155551 	-0.0193123 	3.73375e-13 	-1.09791e-14 	-1.07123e-13 	1.52117e-13 	4.16732e-14 	6.42765e-13 	1.48607e-09 	-3.23472e-10 	3.57479e-10 	7.05577e-11 	-7.80443e-11 	8.63574e-11
0.02      0.02    0.02    0.02    0.02    1.08 	-0.0184361 	0.00155551 	-0.0193123 	3.73375e-13 	-1.09791e-14 	-1.07123e-13 	1.52117e-13 	4.16732e-14 	6.42765e-13 	1.48607e-09 	-3.23472e-10 	3.57479e-10 	7.05577e-11 	-7.80443e-11 	8.63574e-11
0.02      0.02    0.02    0.02    0.02    1.17 	-0.0184361 	0.00155551 	-0.0193123 	3.73375e-13 	-1.09791e-14 	-1.07123e-13 	1.52117e-13 	4.16732e-14 	6.42765e-13 	1.48607e-09 	-3.23472e-10 	3.57479e-10 	7.05577e-11 	-7.80443e-11 	8.63574e-11
0.02      0.02    0.02    0.02    0.02    1.26 	-0.0291628 	0.0174207 	-0.00880935 	5.46555e-13 	-7.94921e-14 	-1.20778e-13 	1.98134e-13 	1.66067e-13 	3.71751e-13 	2.9942e-10 	-8.47622e-10 	6.60939e-10 	2.4018e-09 	-1.87153e-09 	1.45958e-09
0.02      0.02    0.02    0.02    0.02    1.35 	-0.0291628 	0.0174207 	-0.00880935 	5.46555e-13 	-7.94921e-14 	-1.20778e-13 	1.98134e-13 	1.66067e-13 	3.71751e-13 	2.9942e-10 	-8.47622e-10 	6.60939e-10 	2.4018e-09 	-1.87153e-09 	1.45958e-09
0.02      0.02    0.02    0.02    0.02    1.44 	-0.0267715 	-0.00379476 	-0.012383 	5.98085e-13 	-2.57123e-13 	-1.87908e-13 	3.41213e-13 	6.25361e-14 	2.41431e-13 	1.20711e-09 	-6.52084e-10 	9.86624e-10 	3.52507e-10 	-5.33845e-10 	8.09552e-10
0.02      0.02    0.02    0.02    0.02    1.53 	-0.0267715 	-0.00379476 	-0.012383 	5.98085e-13 	-2.57123e-13 	-1.87908e-13 	3.41213e-13 	6.25361e-14 	2.41431e-13 	1.20711e-09 	-6.52084e-10 	9.86624e-10 	3.52507e-10 	-5.33845e-10 	8.09552e-10
0.02      0.02    0.02    0.02    0.02    1.62 	-0.0337676 	0.01041 	0.0145812 	6.83351e-13 	-8.34241e-14 	-3.21006e-13 	2.35209e-13 	-7.84624e-14 	5.71145e-13 	1.25711e-09 	-1.46245e-09 	1.9265e-09 	1.70207e-09 	-2.24349e-09 	2.96021e-09
0.02      0.02    0.02    0.02    0.02    1.71 	-0.0337676 	0.01041 	0.0145812 	6.83351e-13 	-8.34241e-14 	-3.21006e-13 	2.35209e-13 	-7.84624e-14 	5.71145e-13 	1.25711e-09 	-1.46245e-09 	1.9265e-09 	1.70207e-09 	-2.24349e-09 	2.96021e-09
0.02      0.02    0.02    0.02    0.02    1.8 	-0.000692509 	-0.0085482 	-0.0317493 	5.5548e-13 	-1.09153e-13 	-1.71845e-13 	4.12563e-13 	-1.21121e-14 	5.07749e-13 	2.23325e-08 	1.04668e-08 	1.22379e-09 	4.90563e-09 	5.73804e-10 	6.80044e-11
0.02      0.02    0.02    0.02    0.02    1.89 	-0.000692509 	-0.0085482 	-0.0317493 	5.5548e-13 	-1.09153e-13 	-1.71845e-13 	4.12563e-13 	-1.21121e-14 	5.07749e-13 	2.23325e-08 	1.04668e-08 	1.22379e-09 	4.90563e-09 	5.73804e-10 	6.80044e-11
0.02      0.02    0.02    0.02    0.02    1.98 	0.020733 	-0.041174 	0.0161253 	3.82844e-13 	1.03797e-14 	-1.00457e-13 	3.30517e-13 	-1.46483e-13 	4.09701e-13 	3.20321e-08 	-1.83753e-08 	-2.72671e-08 	1.05448e-08 	1.5639e-08 	2.3213e-08
0.02      0.02    0.02    0.02    0.02    2.07 	0.020733 	-0.041174 	0.0161253 	3.82844e-13 	1.03797e-14 	-1.00457e-13 	3.30517e-13 	-1.46483e-13 	4.09701e-13 	3.20321e-08 	-1.83753e-08 	-2.72671e-08 	1.05448e-08 	1.5639e-08 	2.3213e-08
0.02      0.02    0.02    0.02    0.02    2.16 	-0.0317003 	-0.0445346 	-0.016785 	7.10488e-13 	-1.37631e-13 	-4.81028e-14 	2.29667e-13 	-4.49705e-14 	2.26684e-13 	3.27072e-08 	-2.14847e-08 	-1.57088e-08 	1.41142e-08 	1.03173e-08 	7.54621e-09
0.02      0.02    0.02    0.02    0.02    2.25 	-0.0317003 	-0.0445346 	-0.016785 	7.10488e-13 	-1.37631e-13 	-4.81028e-14 	2.29667e-13 	-4.49705e-14 	2.26684e-13 	3.27072e-08 	-2.14847e-08 	-1.57088e-08 	1.41142e-08 	1.03173e-08 	7.54621e-09
0.02      0.02    0.02    0.02    0.02    2.34 	-0.0317003 	-0.0445346 	-0.016785 	7.10488e-13 	-1.37631e-13 	-4.81028e-14 	2.29667e-13 	-4.49705e-14 	2.26684e-13 	3.27072e-08 	-2.14847e-08 	-1.57088e-08 	1.41142e-08 	1.03173e-08 	7.54621e-09
0.02      0.02    0.02    0.02    0.02    2.43 	0.0187643 	-0.00859233 	0.0238583 	3.73602e-13 	-1.11842e-13 	-4.11303e-14 	2.38033e-13 	-5.16259e-14 	2.03232e-13 	6.97599e-09 	1.6053e-09 	-3.9275e-09 	3.76814e-10 	-9.0153e-10 	2.21216e-09
0.02      0.02    0.02    0.02    0.02    2.52 	0.0187643 	-0.00859233 	0.0238583 	3.73602e-13 	-1.11842e-13 	-4.11303e-14 	2.38033e-13 	-5.16259e-14 	2.03232e-13 	6.97599e-09 	1.6053e-09 	-3.9275e-09 	3.76814e-10 	-9.0153e-10 	2.21216e-09
0.02      0.02    0.02    0.02    0.02    2.61 	0.00836834 	-0.0122664 	-0.00442761 	4.64086e-13 	-1.88539e-13 	1.48737e-13 	3.79534e-13 	-1.20204e-13 	5.18167e-13 	6.21811e-12 	-2.90795e-11 	1.63739e-10 	1.38295e-10 	-7.79025e-10 	4.38841e-09
0.02      0.02    0.02    0.02    0.02    2.7 	0.00836834 	-0.0122664 	-0.00442761 	4.64086e-13 	-1.88539e-13 	1.48737e-13 	3.79534e-13 	-1.20204e-13 	5.18167e-13 	6.21811e-12 	-2.90795e-11 	1.63739e-10 	1.38295e-10 	-7.79025e-10 	4.38841e-09
0.02      0.02    0.02    0.02    0.02    2.79 	0.0312306 	-0.00943787 	0.033076 	6.21052e-13 	-1.75725e-13 	1.60348e-13 	3.11667e-13 	-6.59536e-14 	3.09351e-13 	5.53692e-09 	2.23031e-09 	4.61919e-09 	8.9844e-10 	1.86084e-09 	3.85535e-09
0.02      0.02    0.02    0.02    0.02    2.88 	0.0312306 	-0.00943787 	0.033076 	6.21052e-13 	-1.75725e-13 	1.60348e-13 	3.11667e-13 	-6.59536e-14 	3.09351e-13 	5.53692e-09 	2.23031e-09 	4.61919e-09 	8.9844e-10 	1.86084e-09 	3.85535e-09
0.02      0.02    0.02    0.02    0.02    2.97 	0.020712 	0.0117612 	-0.012504 	2.04159e-12 	-7.38596e-13 	5.64275e-13 	7.89821e-13 	-3.15094e-13 	1.13003e-12 	3.12119e-10 	-1.24359e-09 	7.52151e-10 	4.96788e-09 	-2.99783e-09 	1.8131e-09
0.02      0.02    0.02    0.02    0.02    3.06 	0.020712 	0.0117612 	-0.012504 	2.04159e-12 	-7.38596e-13 	5.64275e-13 	7.89821e-13 	-3.15094e-13 	1.13003e-12 	3.12119e-10 	-1.24359e-09 	7.52151e-10 	4.96788e-09 	-2.99783e-09 	1.8131e-09
0.02      0.02    0.02    0.02    0.02    3.15 	0.00317725 	-0.0409046 	0.0896185 	7.08506e-13 	-2.07838e-13 	9.66453e-14 	3.12956e-13 	-2.69328e-14 	3.98187e-13 	1.24424e-08 	5.13394e-09 	2.01891e-08 	2.11936e-09 	8.33033e-09 	3.27594e-08
0.02      0.02    0.02    0.02    0.02    3.24 	0.00317725 	-0.0409046 	0.0896185 	7.08506e-13 	-2.07838e-13 	9.66453e-14 	3.12956e-13 	-2.69328e-14 	3.98187e-13 	1.24424e-08 	5.13394e-09 	2.01891e-08 	2.11936e-09 	8.33033e-09 	3.27594e-08
0.02      0.02    0.02    0.02    0.02    3.33 	0.0261679 	-0.0271988 	0.009454 	5.5378e-13 	-1.66944e-13 	1.41053e-14 	2.26346e-13 	3.19526e-14 	3.15792e-13 	4.48188e-11 	7.31873e-10 	-5.70621e-10 	1.22422e-08 	-9.52772e-09 	7.41613e-09
0.02      0.02    0.02    0.02    0.02    3.42 	0.0261679 	-0.0271988 	0.009454 	5.5378e-13 	-1.66944e-13 	1.41053e-14 	2.26346e-13 	3.19526e-14 	3.15792e-13 	4.48188e-11 	7.31873e-10 	-5.70621e-10 	1.22422e-08 	-9.52772e-09 	7.41613e-09
0.02      0.02    0.02    0.02    0.02    3.51 	0.0261679 	-0.0271988 	0.009454 	5.5378e-13 	-1.66944e-13 	1.41053e-14 	2.26346e-13 	3.19526e-14 	3.15792e-13 	4.48188e-11 	7.31873e-10 	-5.70621e-10 	1.22422e-08 	-9.52772e-09 	7.41613e-09
0.02      0.02    0.02    0.02    0.02    3.6 	0.0207558 	0.00372241 	0.104038 	5.29587e-13 	-1.71461e-13 	2.74151e-13 	3.33366e-13 	-2.60341e-13 	1.07514e-12 	1.59231e-09 	5.0722e-09 	-2.4513e-09 	1.61597e-08 	-7.8046e-09 	3.78186e-09
0.02      0.02    0.02    0.02    0.02    3.69 	0.0207558 	0.00372241 	0.104038 	5.29587e-13 	-1.71461e-13 	2.74151e-13 	3.33366e-13 	-2.60341e-13 	1.07514e-12 	1.59231e-09 	5.0722e-09 	-2.4513e-09 	1.61597e-08 	-7.8046e-09 	3.78186e-09
0.02      0.02    0.02    0.02    0.02    3.78 	0.0112305 	-0.00844896 	0.0461275 	6.50005e-13 	-1.38863e-13 	4.1271e-13 	2.26828e-13 	-1.56449e-13 	7.86071e-13 	3.95709e-09 	-4.33365e-09 	2.69526e-09 	4.75302e-09 	-2.95048e-09 	1.83625e-09
0.02      0.02    0.02    0.02    0.02    3.87 	0.0112305 	-0.00844896 	0.0461275 	6.50005e-13 	-1.38863e-13 	4.1271e-13 	2.26828e-13 	-1.56449e-13 	7.86071e-13 	3.95709e-09 	-4.33365e-09 	2.69526e-09 	4.75302e-09 	-2.95048e-09 	1.83625e-09
0.02      0.02    0.02    0.02    0.02    3.96 	-0.0106448 	0.0127871 	0.0215556 	4.63608e-13 	3.23312e-15 	3.62374e-14 	4.8215e-13 	-5.03729e-13 	1.1899e-12 	2.1371e-11 	-8.39562e-11 	4.56098e-10 	3.36166e-10 	-1.83327e-09 	1.0006e-08
0.02      0.02    0.02    0.02    0.02    4.05 	-0.0106448 	0.0127871 	0.0215556 	4.63608e-13 	3.23312e-15 	3.62374e-14 	4.8215e-13 	-5.03729e-13 	1.1899e-12 	2.1371e-11 	-8.39562e-11 	4.56098e-10 	3.36166e-10 	-1.83327e-09 	1.0006e-08
0.02      0.02    0.02    0.02    0.02    4.14 	-0.0186757 	0.0129304 	0.0308837 	3.00331e-13 	-7.13301e-15 	-2.77792e-15 	3.35453e-13 	-2.56066e-13 	6.06767e-13 	5.64054e-10 	2.11545e-09 	-2.68657e-10 	7.97419e-09 	-1.00853e-09 	1.28356e-10
0.02      0.02    0.02    0.02    0.02    4.23 	-0.0186757 	0.0129304 	0.0308837 	3.00331e-13 	-7.13301e-15 	-2.77792e-15 	3.35453e-13 	-2.56066e-13 	6.06767e-13 	5.64054e-10 	2.11545e-09 	-2.68657e-10 	7.97419e-09 	-1.00853e-09 	1.28356e-10
0.02      0.02    0.02    0.02    0.02    4.32 	-0.0429317 	-0.00376592 	0.0718569 	5.54953e-13 	-1.5696e-13 	-5.42165e-13 	2.02119e-13 	2.08113e-13 	8.51734e-13 	5.16573e-09 	-1.71757e-09 	-3.52382e-09 	5.71565e-10 	1.17183e-09 	2.40399e-09
0.02      0.02    0.02    0.02    0.02    4.41 	-0.0429317 	-0.00376592 	0.0718569 	5.54953e-13 	-1.5696e-13 	-5.42165e-13 	2.02119e-13 	2.08113e-13 	8.51734e-13 	5.16573e-09 	-1.71757e-09 	-3.52382e-09 	5.71565e-10 	1.17183e-09 	2.40399e-09
0.02      0.02    0.02    0.02    0.02    4.5 	-0.0429317 	-0.00376592 	0.0718569 	5.54953e-13 	-1.5696e-13 	-5.42165e-13 	2.02119e-13 	2.08113e-13 	8.51734e-13 	5.16573e-09 	-1.71757e-09 	-3.52382e-09 	5.71565e-10 	1.17183e-09 	2.40399e-09
0.03      0.03    0.03    0.03    0.03    0 	0.0208555 	-0.0289049 	-0.0410117 	4.04141e-13 	-5.89574e-14 	-2.76946e-14 	1.22076e-13 	1.56335e-14 	2.53254e-13 	6.93201e-09 	4.51398e-09 	-7.75435e-09 	2.96035e-09 	-5.05403e-09 	8.67546e-09
0.03      0.03    0.03    0.03    0.03    0.09 	0.0208555 	-0.0289049 	-0.0410117 	4.04141e-13 	-5.89574e-14 	-2.76946e-14 	1.22076e-13 	1.56335e-14 	2.53254e-13 	6.93201e-09 	4.51398e-09 	-7.75435e-09 	2.96035e-09 	-5.05403e-09 	8.67546e-09
0.03      0.03    0.03    0.03    0.03    0.18 	0.0208555 	-0.0289049 	-0.0410117 	4.04141e-13 	-5.89574e-14 	-2.76946e-14 	1.22076e-13 	1.56335e-14 	2.53254e-13 	6.93201e-09 	4.51398e-09 	-7.75435e-09 	2.96035e-09 	-5.05403e-09 	8.67546e-09
0.03      0.03    0.03    0.03    0.03    0.27 	-0.0153341 	-0.00613928 	0.00310115 	4.64374e-13 	-6.81248e-14 	-4.91076e-14 	3.13561e-13 	1.91519e-13 	3.59759e-13 	2.20141e-09 	-4.22627e-09 	-1.74475e-09 	8.1801e-09 	3.40427e-09 	1.42783e-09
0.03      0.03    0.03    0.03    0.03    0.36 	-0.0153341 	-0.00613928 	0.00310115 	4.64374e-13 	-6.81248e-14 	-4.91076e-14 	3.13561e-13 	1.91519e-13 	3.59759e-13 	2.20141e-09 	-4.22627e-09 	-1.74475e-09 	8.1801e-09 	3.40427e-09 	1.42783e-09
0.03      0.03    0.03    0.03    0.03    0.45 	0.00316399 	-0.00537909 	0.0412634 	1.06171e-12 	-4.49989e-13 	8.61325e-14 	4.58909e-13 	-1.49486e-14 	3.84956e-13 	5.8647e-10 	7.61261e-10 	-2.21651e-10 	1.01847e-09 	-2.98453e-10 	8.75949e-11
0.03      0.03    0.03    0.03    0.03    0.54 	0.00316399 	-0.00537909 	0.0412634 	1.06171e-12 	-4.49989e-13 	8.61325e-14 	4.58909e-13 	-1.49486e-14 	3.84956e-13 	5.8647e-10 	7.61261e-10 	-2.21651e-10 	1.01847e-09 	-2.98453e-10 	8.75949e-11
0.03      0.03    0.03    0.03    0.03    0.63 	-0.0390784 	0.00372977 	0.0289995 	1.34132e-12 	-3.59567e-13 	4.77189e-13 	3.64708e-13 	-2.58345e-13 	6.60038e-13 	1.00197e-09 	-8.84008e-10 	4.151e-09 	7.80684e-10 	-3.66085e-09 	1.7211e-08
0.03      0.03    0.03    0.03    0.03    0.72 	-0.0390784 	0.00372977 	0.0289995 	1.34132e-12 	-3.59567e-13 	4.77189e-13 	3.64708e-13 	-2.58345e-13 	6.60038e-13 	1.00197e-09 	-8.84008e-10 	4.151e-09 	7.80684e-10 	-3.66085e-09 	1.7211e-08
0.03      0.03    0.03    0.03    0.03    0.81 	-0.0445692 	0.00259835 	0.0367651 	6.3925e-13 	-9.35341e-14 	1.5781e-13 	1.84825e-13 	-5.6713e-14 	5.23e-13 	8.22237e-10 	1.95991e-10 	-6.10667e-10 	5.75756e-11 	-1.42268e-10 	4.5454e-10
0.03      0.03    0.03    0.03    0.03    0.9 	-0.0445692 	0.00259835 	0.0367651 	6.3925e-13 	-9.35341e-14 	1.5781e-13 	1.84825e-13 	-5.6713e-14 	5.23e-13 	8.22237e-10 	1.95991e-10 	-6.10667e-10 	5.75756e-11 	-1.42268e-10 	4.5454e-10
0.03      0.03    0.03    0.03    0.03    0.99 	-0.0183757 	0.00153624 	-0.0192942 	3.73476e-13 	-1.10413e-14 	-1.07129e-13 	1.52151e-13 	4.17778e-14 	6.42842e-13 	3.16187e-09 	-7.96486e-10 	8.3479e-10 	2.02932e-10 	-2.11784e-10 	2.21504e-10
0.03      0.03    0.03    0.03    0.03    1.08 	-0.0183757 	0.00153624 	-0.0192942 	3.73476e-13 	-1.10413e-14 	-1.07129e-13 	1.52151e-13 	4.17778e-14 	6.42842e-13 	3.16187e-09 	-7.96486e-10 	8.3479e-10 	2.02932e-10 	-2.11784e-10 	2.21504e-10
0.03      0.03    0.03    0.03    0.03    1.17 	-0.0183757 	0.00153624 	-0.0192942 	3.73476e-13 	-1.10413e-14 	-1.07129e-13 	1.52151e-13 	4.17778e-14 	6.42842e-13 	3.16187e-09 	-7.96486e-10 	8.3479e-10 	2.02932e-10 	-2.11784e-10 	2.21504e-10
0.03      0.03    0.03    0.03    0.03    1.26 	-0.0291927 	0.017499 	-0.00886276 	5.46635e-13 	-7.95202e-14 	-1.20929e-13 	1.98153e-13 	1.66204e-13 	3.71768e-13 	6.77125e-10 	-1.87804e-09 	1.39071e-09 	5.21229e-09 	-3.86134e-09 	2.8651e-09
0.03      0.03    0.03    0.03    0.03    1.35 	-0.0291927 	0.017499 	-0.00886276 	5.46635e-13 	-7.95202e-14 	-1.20929e-13 	1.98153e-13 	1.66204e-13 	3.71768e-13 	6.77125e-10 	-1.87804e-09 	1.39071e-09 	5.21229e-09 	-3.86134e-09 	2.8651e-09
0.03      0.03    0.03    0.03    0.03    1.44 	-0.0268248 	-0.00376105 	-0.0124379 	5.98016e-13 	-2.57155e-13 	-1.88131e-13 	3.41211e-13 	6.25061e-14 	2.41446e-13 	2.52674e-09 	-1.44876e-09 	2.26854e-09 	8.32332e-10 	-1.30484e-09 	2.04727e-09
0.03      0.03    0.03    0.03    0.03    1.53 	-0.0268248 	-0.00376105 	-0.0124379 	5.98016e-13 	-2.57155e-13 	-1.88131e-13 	3.41211e-13 	6.25061e-14 	2.41446e-13 	2.52674e-09 	-1.44876e-09 	2.26854e-09 	8.32332e-10 	-1.30484e-09 	2.04727e-09
0.03      0.03    0.03    0.03    0.03    1.62 	-0.0336879 	0.0103367 	0.0146546 	6.82897e-13 	-8.33623e-14 	-3.20811e-13 	2.35192e-13 	-7.85433e-14 	5.71278e-13 	3.58551e-09 	-3.78818e-09 	4.50646e-09 	4.0188e-09 	-4.8031e-09 	5.77126e-09
0.03      0.03    0.03    0.03    0.03    1.71 	-0.0336879 	0.0103367 	0.0146546 	6.82897e-13 	-8.33623e-14 	-3.20811e-13 	2.35192e-13 	-7.85433e-14 	5.71278e-13 	3.58551e-09 	-3.78818e-09 	4.50646e-09 	4.0188e-09 	-4.8031e-09 	5.77126e-09
0.03      0.03    0.03    0.03    0.03    1.8 	-0.000933471 	-0.00865461 	-0.0317587 	5.55019e-13 	-1.08556e-13 	-1.71713e-13 	4.12676e-13 	-1.24584e-14 	5.07409e-13 	4.846e-08 	2.22698e-08 	2.3645e-09 	1.02365e-08 	1.08838e-09 	1.171e-10
0.03      0.03    0.03    0.03    0.03    1.89 	-0.000933471 	-0.00865461 	-0.0317587 	5.55019e-13 	-1.08556e-13 	-1.71713e-13 	4.12676e-13 	-1.24584e-14 	5.07409e-13 	4.846e-08 	2.22698e-08 	2.3645e-09 	1.02365e-08 	1.08838e-09 	1.171e-10
0.03      0.03    0.03    0.03    0.03    1.98 	0.0204273 	-0.0410397 	0.0164138 	3.83155e-13 	1.05672e-14 	-1.00606e-13 	3.30874e-13 	-1.46856e-13 	4.10452e-13 	7.18868e-08 	-3.77548e-08 	-6.36609e-08 	1.99222e-08 	3.33706e-08 	5.64204e-08
0.03      0.03    0.03    0.03    0.03    2.07 	0.0204273 	-0.0410397 	0.0164138 	3.83155e-13 	1.05672e-14 	-1.00606e-13 	3.30874e-13 	-1.46856e-13 	4.10452e-13 	7.18868e-08 	-3.77548e-08 	-6.36609e-08 	1.99222e-08 	3.33706e-08 	5.64204e-08
0.03      0.03    0.03    0.03    0.03    2.16 	-0.032013 	-0.0443395 	-0.0166274 	7.11475e-13 	-1.37614e-13 	-4.80379e-14 	2.29642e-13 	-4.52617e-14 	2.27235e-13 	7.44464e-08 	-4.81467e-08 	-3.63153e-08 	3.11441e-08 	2.34819e-08 	1.7718e-08
0.03      0.03    0.03    0.03    0.03    2.25 	-0.032013 	-0.0443395 	-0.0166274 	7.11475e-13 	-1.37614e-13 	-4.80379e-14 	2.29642e-13 	-4.52617e-14 	2.27235e-13 	7.44464e-08 	-4.81467e-08 	-3.63153e-08 	3.11441e-08 	2.34819e-08 	1.7718e-08
0.03      0.03    0.03    0.03    0.03    2.34 	-0.032013 	-0.0443395 	-0.0166274 	7.11475e-13 	-1.37614e-13 	-4.80379e-14 	2.29642e-13 	-4.52617e-14 	2.27235e-13 	7.44464e-08 	-4.81467e-08 	-3.63153e-08 	3.11441e-08 	2.34819e-08 	1.7718e-08
0.03      0.03    0.03    0.03    0.03    2.43 	0.0186278 	-0.00860119 	0.0239284 	3.73325e-13 	-1.11838e-13 	-4.119e-14 	2.38166e-13 	-5.14989e-14 	2.03061e-13 	1.52552e-08 	2.54588e-09 	-8.3663e-09 	4.60765e-10 	-1.40239e-09 	4.59088e-09
0.03      0.03    0.03    0.03    0.03    2.52 	0.0186278 	-0.00860119 	0.0239284 	3.73325e-13 	-1.11838e-13 	-4.119e-14 	2.38166e-13 	-5.14989e-14 	2.03061e-13 	1.52552e-08 	2.54588e-09 	-8.3663e-09 	4.60765e-10 	-1.40239e-09 	4.59088e-09
0.03      0.03    0.03    0.03    0.03    2.61 	0.0083798 	-0.0122855 	-0.00431279 	4.64774e-13 	-1.88932e-13 	1.48935e-13 	3.79842e-13 	-1.20726e-13 	5.18362e-13 	3.86482e-11 	-1.03997e-10 	5.9921e-10 	3.04473e-10 	-1.74601e-09 	1.00156e-08
0.03      0.03    0.03    0.03    0.03    2.7 	0.0083798 	-0.0122855 	-0.00431279 	4.64774e-13 	-1.88932e-13 	1.48935e-13 	3.79842e-13 	-1.20726e-13 	5.18362e-13 	3.86482e-11 	-1.03997e-10 	5.9921e-10 	3.04473e-10 	-1.74601e-09 	1.00156e-08
0.03      0.03    0.03    0.03    0.03    2.79 	0.0310985 	-0.00948472 	0.0329678 	6.19954e-13 	-1.75302e-13 	1.60232e-13 	3.11368e-13 	-6.60287e-14 	3.09212e-13 	1.28949e-08 	4.98028e-09 	1.07492e-08 	1.92558e-09 	4.15224e-09 	8.96211e-09
0.03      0.03    0.03    0.03    0.03    2.88 	0.0310985 	-0.00948472 	0.0329678 	6.19954e-13 	-1.75302e-13 	1.60232e-13 	3.11368e-13 	-6.60287e-14 	3.09212e-13 	1.28949e-08 	4.98028e-09 	1.07492e-08 	1.92558e-09 	4.15224e-09 	8.96211e-09
0.03      0.03    0.03    0.03    0.03    2.97 	0.0207303 	0.0116702 	-0.0124421 	2.0425e-12 	-7.38582e-13 	5.62748e-13 	7.89747e-13 	-3.14075e-13 	1.12855e-12 	5.41225e-10 	-2.24254e-09 	1.41788e-09 	9.32053e-09 	-5.89576e-09 	3.73665e-09
0.03      0.03    0.03    0.03    0.03    3.06 	0.0207303 	0.0116702 	-0.0124421 	2.0425e-12 	-7.38582e-13 	5.62748e-13 	7.89747e-13 	-3.14075e-13 	1.12855e-12 	5.41225e-10 	-2.24254e-09 	1.41788e-09 	9.32053e-09 	-5.89576e-09 	3.73665e-09
0.03      0.03    0.03    0.03    0.03    3.15 	0.00298218 	-0.0409627 	0.089292 	7.08677e-13 	-2.0793e-13 	9.5807e-14 	3.13043e-13 	-2.60641e-14 	3.98014e-13 	2.86024e-08 	1.06035e-08 	4.6895e-08 	3.95801e-09 	1.73735e-08 	7.68918e-08
0.03      0.03    0.03    0.03    0.03    3.24 	0.00298218 	-0.0409627 	0.089292 	7.08677e-13 	-2.0793e-13 	9.5807e-14 	3.13043e-13 	-2.60641e-14 	3.98014e-13 	2.86024e-08 	1.06035e-08 	4.6895e-08 	3.95801e-09 	1.73735e-08 	7.68918e-08
0.03      0.03    0.03    0.03    0.03    3.33 	0.0261929 	-0.0270355 	0.00931318 	5.53941e-13 	-1.66921e-13 	1.40669e-14 	2.2629e-13 	3.17927e-14 	3.15707e-13 	2.19718e-10 	2.26189e-09 	-1.8369e-09 	2.49764e-08 	-2.01341e-08 	1.62429e-08
0.03      0.03    0.03    0.03    0.03    3.42 	0.0261929 	-0.0270355 	0.00931318 	5.53941e-13 	-1.66921e-13 	1.40669e-14 	2.2629e-13 	3.17927e-14 	3.15707e-13 	2.19718e-10 	2.26189e-09 	-1.8369e-09 	2.49764e-08 	-2.01341e-08 	1.62429e-08
0.03      0.03    0.03    0.03    0.03    3.51 	0.0261929 	-0.0270355 	0.00931318 	5.53941e-13 	-1.66921e-13 	1.40669e-14 	2.2629e-13 	3.17927e-14 	3.15707e-13 	2.19718e-10 	2.26189e-09 	-1.8369e-09 	2.49764e-08 	-2.01341e-08 	1.62429e-08
0.03      0.03    0.03    0.03    0.03    3.6 	0.0206897 	0.00354096 	0.10415 	5.29443e-13 	-1.71538e-13 	2.74225e-13 	3.33574e-13 	-2.60761e-13 	1.07539e-12 	3.50283e-09 	1.06084e-08 	-5.64895e-09 	3.21759e-08 	-1.70867e-08 	9.12375e-09
0.03      0.03    0.03    0.03    0.03    3.69 	0.0206897 	0.00354096 	0.10415 	5.29443e-13 	-1.71538e-13 	2.74225e-13 	3.33574e-13 	-2.60761e-13 	1.07539e-12 	3.50283e-09 	1.06084e-08 	-5.64895e-09 	3.21759e-08 	-1.70867e-08 	9.12375e-09
0.03      0.03    0.03    0.03    0.03    3.78 	0.0111273 	-0.00835667 	0.0460636 	6.49743e-13 	-1.38775e-13 	4.12825e-13 	2.26667e-13 	-1.56501e-13 	7.86913e-13 	8.734e-09 	-8.88202e-09 	5.78869e-09 	9.06339e-09 	-5.89293e-09 	3.83897e-09
0.03      0.03    0.03    0.03    0.03    3.87 	0.0111273 	-0.00835667 	0.0460636 	6.49743e-13 	-1.38775e-13 	4.12825e-13 	2.26667e-13 	-1.56501e-13 	7.86913e-13 	8.734e-09 	-8.88202e-09 	5.78869e-09 	9.06339e-09 	-5.89293e-09 	3.83897e-09
0.03      0.03    0.03    0.03    0.03    3.96 	-0.0106373 	0.0128128 	0.0213798 	4.63493e-13 	3.10984e-15 	3.63046e-14 	4.82222e-13 	-5.04116e-13 	1.19125e-12 	1.69069e-11 	-5.66309e-11 	3.01969e-10 	6.63818e-10 	-3.91539e-09 	2.31808e-08
0.03      0.03    0.03    0.03    0.03    4.05 	-0.0106373 	0.0128128 	0.0213798 	4.63493e-13 	3.10984e-15 	3.63046e-14 	4.82222e-13 	-5.04116e-13 	1.19125e-12 	1.69069e-11 	-5.66309e-11 	3.01969e-10 	6.63818e-10 	-3.91539e-09 	2.31808e-08
0.03      0.03    0.03    0.03    0.03    4.14 	-0.0186405 	0.0130884 	0.0308508 	3.0067e-13 	-7.14277e-15 	-2.9791e-15 	3.35846e-13 	-2.56809e-13 	6.08183e-13 	1.12888e-09 	4.57441e-09 	-6.99253e-10 	1.86167e-08 	-2.86132e-09 	4.48643e-10
0.03      0.03    0.03    0.03    0.03    4.23 	-0.0186405 	0.0130884 	0.0308508 	3.0067e-13 	-7.14277e-15 	-2.9791e-15 	3.35846e-13 	-2.56809e-13 	6.08183e-13 	1.12888e-09 	4.57441e-09 	-6.99253e-10 	1.86167e-08 	-2.86132e-09 	4.48643e-10
0.03      0.03    0.03    0.03    0.03    4.32 	-0.042808 	-0.00381265 	0.0717747 	5.54963e-13 	-1.56807e-13 	-5.42654e-13 	2.02126e-13 	2.07897e-13 	8.52524e-13 	1.17812e-08 	-4.13882e-09 	-7.97634e-09 	1.45618e-09 	2.80167e-09 	5.40065e-09
0.03      0.03    0.03    0.03    0.03    4.41 	-0.042808 	-0.00381265 	0.0717747 	5.54963e-13 	-1.56807e-13 	-5.42654e-13 	2.02126e-13 	2.07897e-13 	8.52524e-13 	1.17812e-08 	-4.13882e-09 	-7.97634e-09 	1.45618e-09 	2.80167e-09 	5.40065e-09
0.03      0.03    0.03    0.03    0.03    4.5 	-0.042808 	-0.00381265 	0.0717747 	5.54963e-13 	-1.56807e-13 	-5.42654e-13 	2.02126e-13 	2.07897e-13 	8.52524e-13 	1.17812e-08 	-4.13882e-09 	-7.97634e-09 	1.45618e-09 	2.80167e-09 	5.40065e-09
0.1      0.1    0.1    0.1    0.1    0 	0.0201187 	-0.0290644 	-0.0401137 	4.03909e-13 	-5.77627e-14 	-2.8059e-14 	1.21538e-13 	1.55643e-14 	2.54645e-13 	9.06505e-08 	2.75059e-08 	-1.07537e-07 	9.16803e-09 	-3.23463e-08 	1.27682e-07
0.1      0.1    0.1    0.1    0.1    0.09 	0.0201187 	-0.0290644 	-0.0401137 	4.03909e-13 	-5.77627e-14 	-2.8059e-14 	1.21538e-13 	1.55643e-14 	2.54645e-13 	9.06505e-08 	2.75059e-08 	-1.07537e-07 	9.16803e-09 	-3.23463e-08 	1.27682e-07
0.1      0.1    0.1    0.1    0.1    0.18 	0.0201187 	-0.0290644 	-0.0401137 	4.03909e-13 	-5.77627e-14 	-2.8059e-14 	1.21538e-13 	1.55643e-14 	2.54645e-13 	9.06505e-08 	2.75059e-08 	-1.07537e-07 	9.16803e-09 	-3.23463e-08 	1.27682e-07
0.1      0.1    0.1    0.1    0.1    0.27 	-0.0153547 	-0.00666726 	0.00265829 	4.66155e-13 	-6.53833e-14 	-4.69951e-14 	3.1221e-13 	1.90827e-13 	3.59226e-13 	2.22557e-09 	-7.32639e-09 	-4.26852e-09 	5.70267e-08 	4.07508e-08 	2.98485e-08
0.1      0.1    0.1    0.1    0.1    0.36 	-0.0153547 	-0.00666726 	0.00265829 	4.66155e-13 	-6.53833e-14 	-4.69951e-14 	3.1221e-13 	1.90827e-13 	3.59226e-13 	2.22557e-09 	-7.32639e-09 	-4.26852e-09 	5.70267e-08 	4.07508e-08 	2.98485e-08
0.1      0.1    0.1    0.1    0.1    0.45 	0.00339155 	-0.00492833 	0.0411112 	1.06958e-12 	-4.53942e-13 	8.46814e-14 	4.62237e-13 	-1.39058e-14 	3.84979e-13 	8.1386e-09 	1.56676e-08 	-5.19453e-09 	3.02681e-08 	-1.00452e-08 	3.33546e-09
0.1      0.1    0.1    0.1    0.1    0.54 	0.00339155 	-0.00492833 	0.0411112 	1.06958e-12 	-4.53942e-13 	8.46814e-14 	4.62237e-13 	-1.39058e-14 	3.84979e-13 	8.1386e-09 	1.56676e-08 	-5.19453e-09 	3.02681e-08 	-1.00452e-08 	3.33546e-09
0.1      0.1    0.1    0.1    0.1    0.63 	-0.0387244 	0.00351073 	0.0299475 	1.34372e-12 	-3.62311e-13 	4.76298e-13 	3.67609e-13 	-2.59367e-13 	6.64305e-13 	1.89123e-08 	-1.27188e-08 	5.54068e-08 	8.63785e-09 	-3.76479e-08 	1.6413e-07
0.1      0.1    0.1    0.1    0.1    0.72 	-0.0387244 	0.00351073 	0.0299475 	1.34372e-12 	-3.62311e-13 	4.76298e-13 	3.67609e-13 	-2.59367e-13 	6.64305e-13 	1.89123e-08 	-1.27188e-08 	5.54068e-08 	8.63785e-09 	-3.76479e-08 	1.6413e-07
0.1      0.1    0.1    0.1    0.1    0.81 	-0.044546 	0.00244651 	0.0366524 	6.44322e-13 	-9.55735e-14 	1.61669e-13 	1.85563e-13 	-5.94402e-14 	5.24804e-13 	1.24161e-09 	-1.00954e-09 	-1.61064e-09 	2.54647e-09 	2.3701e-09 	2.74608e-09
0.1      0.1    0.1    0.1    0.1    0.9 	-0.044546 	0.00244651 	0.0366524 	6.44322e-13 	-9.55735e-14 	1.61669e-13 	1.85563e-13 	-5.94402e-14 	5.24804e-13 	1.24161e-09 	-1.00954e-09 	-1.61064e-09 	2.54647e-09 	2.3701e-09 	2.74608e-09
0.1      0.1    0.1    0.1    0.1    0.99 	-0.0181071 	0.00132753 	-0.0192205 	3.7418e-13 	-1.14755e-14 	-1.07167e-13 	1.52374e-13 	4.25088e-14 	6.43377e-13 	1.69369e-08 	-9.86492e-09 	4.80579e-09 	6.15772e-09 	-2.78414e-09 	1.36654e-09
0.1      0.1    0.1    0.1    0.1    1.08 	-0.0181071 	0.00132753 	-0.0192205 	3.7418e-13 	-1.14755e-14 	-1.07167e-13 	1.52374e-13 	4.25088e-14 	6.43377e-13 	1.69369e-08 	-9.86492e-09 	4.80579e-09 	6.15772e-09 	-2.78414e-09 	1.36654e-09
0.1      0.1    0.1    0.1    0.1    1.17 	-0.0181071 	0.00132753 	-0.0192205 	3.7418e-13 	-1.14755e-14 	-1.07167e-13 	1.52374e-13 	4.25088e-14 	6.43377e-13 	1.69369e-08 	-9.86492e-09 	4.80579e-09 	6.15772e-09 	-2.78414e-09 	1.36654e-09
0.1      0.1    0.1    0.1    0.1    1.26 	-0.0293791 	0.0177923 	-0.00907091 	5.47196e-13 	-7.97034e-14 	-1.21983e-13 	1.98287e-13 	1.67173e-13 	3.7191e-13 	6.33337e-09 	-1.19586e-08 	8.36435e-09 	2.32041e-08 	-1.62069e-08 	1.13309e-08
0.1      0.1    0.1    0.1    0.1    1.35 	-0.0293791 	0.0177923 	-0.00907091 	5.47196e-13 	-7.97034e-14 	-1.21983e-13 	1.98287e-13 	1.67173e-13 	3.7191e-13 	6.33337e-09 	-1.19586e-08 	8.36435e-09 	2.32041e-08 	-1.62069e-08 	1.13309e-08
0.1      0.1    0.1    0.1    0.1    1.44 	-0.0270829 	-0.00363134 	-0.0126959 	5.9751e-13 	-2.57355e-13 	-1.89703e-13 	3.41137e-13 	6.23089e-14 	2.41527e-13 	1.45015e-08 	-8.05229e-09 	1.46323e-08 	4.50876e-09 	-8.14214e-09 	1.47891e-08
0.1      0.1    0.1    0.1    0.1    1.53 	-0.0270829 	-0.00363134 	-0.0126959 	5.9751e-13 	-2.57355e-13 	-1.89703e-13 	3.41137e-13 	6.23089e-14 	2.41527e-13 	1.45015e-08 	-8.05229e-09 	1.46323e-08 	4.50876e-09 	-8.14214e-09 	1.47891e-08
0.1      0.1    0.1    0.1    0.1    1.62 	-0.0329926 	0.00996732 	0.0147374 	6.79609e-13 	-8.29555e-14 	-3.19356e-13 	2.35024e-13 	-7.90708e-14 	5.72054e-13 	7.34448e-08 	-4.5232e-08 	2.16828e-08 	2.86299e-08 	-1.49784e-08 	9.81953e-09
0.1      0.1    0.1    0.1    0.1    1.71 	-0.0329926 	0.00996732 	0.0147374 	6.79609e-13 	-8.29555e-14 	-3.19356e-13 	2.35024e-13 	-7.90708e-14 	5.72054e-13 	7.34448e-08 	-4.5232e-08 	2.16828e-08 	2.86299e-08 	-1.49784e-08 	9.81953e-09
0.1      0.1    0.1    0.1    0.1    1.8 	-0.00213951 	-0.00909822 	-0.0317226 	5.51895e-13 	-1.04366e-13 	-1.70816e-13 	4.1352e-13 	-1.48615e-14 	5.0502e-13 	3.08871e-07 	1.21676e-07 	-1.61773e-09 	4.81091e-08 	-4.79684e-10 	1.51077e-10
0.1      0.1    0.1    0.1    0.1    1.89 	-0.00213951 	-0.00909822 	-0.0317226 	5.51895e-13 	-1.04366e-13 	-1.70816e-13 	4.1352e-13 	-1.48615e-14 	5.0502e-13 	3.08871e-07 	1.21676e-07 	-1.61773e-09 	4.81091e-08 	-4.79684e-10 	1.51077e-10
0.1      0.1    0.1    0.1    0.1    1.98 	0.0183866 	-0.0407381 	0.0186745 	3.8544e-13 	1.1721e-14 	-1.0164e-13 	3.33484e-13 	-1.49387e-13 	4.15623e-13 	7.28802e-07 	-1.68538e-07 	-7.69661e-07 	4.46755e-08 	1.74553e-07 	8.14887e-07
0.1      0.1    0.1    0.1    0.1    2.07 	0.0183866 	-0.0407381 	0.0186745 	3.8544e-13 	1.1721e-14 	-1.0164e-13 	3.33484e-13 	-1.49387e-13 	4.15623e-13 	7.28802e-07 	-1.68538e-07 	-7.69661e-07 	4.46755e-08 	1.74553e-07 	8.14887e-07
0.1      0.1    0.1    0.1    0.1    2.16 	-0.0339715 	-0.0433898 	-0.0155227 	7.1851e-13 	-1.37576e-13 	-4.76437e-14 	2.29619e-13 	-4.72508e-14 	2.31179e-13 	6.9731e-07 	-3.67071e-07 	-3.78344e-07 	1.94448e-07 	1.98564e-07 	2.05581e-07
0.1      0.1    0.1    0.1    0.1    2.25 	-0.0339715 	-0.0433898 	-0.0155227 	7.1851e-13 	-1.37576e-13 	-4.76437e-14 	2.29619e-13 	-4.72508e-14 	2.31179e-13 	6.9731e-07 	-3.67071e-07 	-3.78344e-07 	1.94448e-07 	1.98564e-07 	2.05581e-07
0.1      0.1    0.1    0.1    0.1    2.34 	-0.0339715 	-0.0433898 	-0.0155227 	7.1851e-13 	-1.37576e-13 	-4.76437e-14 	2.29619e-13 	-4.72508e-14 	2.31179e-13 	6.9731e-07 	-3.67071e-07 	-3.78344e-07 	1.94448e-07 	1.98564e-07 	2.05581e-07
0.1      0.1    0.1    0.1    0.1    2.43 	0.0178705 	-0.00847781 	0.0241503 	3.71444e-13 	-1.11817e-13 	-4.16068e-14 	2.39123e-13 	-5.0583e-14 	2.01871e-13 	1.12483e-07 	-9.51216e-09 	-4.2175e-08 	1.49877e-09 	2.93923e-09 	1.64426e-08
0.1      0.1    0.1    0.1    0.1    2.52 	0.0178705 	-0.00847781 	0.0241503 	3.71444e-13 	-1.11817e-13 	-4.16068e-14 	2.39123e-13 	-5.0583e-14 	2.01871e-13 	1.12483e-07 	-9.51216e-09 	-4.2175e-08 	1.49877e-09 	2.93923e-09 	1.64426e-08
0.1      0.1    0.1    0.1    0.1    2.61 	0.00857695 	-0.0123429 	-0.00355754 	4.69663e-13 	-1.91699e-13 	1.50317e-13 	3.82137e-13 	-1.24348e-13 	5.1983e-13 	4.81669e-09 	-2.08344e-09 	2.14683e-08 	1.15506e-09 	-1.04186e-08 	1.00772e-07
0.1      0.1    0.1    0.1    0.1    2.7 	0.00857695 	-0.0123429 	-0.00355754 	4.69663e-13 	-1.91699e-13 	1.50317e-13 	3.82137e-13 	-1.24348e-13 	5.1983e-13 	4.81669e-09 	-2.08344e-09 	2.14683e-08 	1.15506e-09 	-1.04186e-08 	1.00772e-07
0.1      0.1    0.1    0.1    0.1    2.79 	0.0302572 	-0.00964223 	0.0324712 	6.12355e-13 	-1.72372e-13 	1.59416e-13 	3.09233e-13 	-6.6543e-14 	3.08237e-13 	1.27106e-07 	3.01326e-08 	8.35935e-08 	7.46812e-09 	2.02518e-08 	5.55637e-08
0.1      0.1    0.1    0.1    0.1    2.88 	0.0302572 	-0.00964223 	0.0324712 	6.12355e-13 	-1.72372e-13 	1.59416e-13 	3.09233e-13 	-6.6543e-14 	3.08237e-13 	1.27106e-07 	3.01326e-08 	8.35935e-08 	7.46812e-09 	2.02518e-08 	5.55637e-08
0.1      0.1    0.1    0.1    0.1    2.97 	0.0205507 	0.0115242 	-0.0123813 	2.0486e-12 	-7.3827e-13 	5.52056e-13 	7.89167e-13 	-3.07009e-13 	1.11829e-12 	2.91997e-09 	2.27735e-09 	-9.43576e-10 	1.72558e-08 	-1.0558e-08 	6.54978e-09
0.1      0.1    0.1    0.1    0.1    3.06 	0.0205507 	0.0115242 	-0.0123813 	2.0486e-12 	-7.3827e-13 	5.52056e-13 	7.89167e-13 	-3.07009e-13 	1.11829e-12 	2.91997e-09 	2.27735e-09 	-9.43576e-10 	1.72558e-08 	-1.0558e-08 	6.54978e-09
0.1      0.1    0.1    0.1    0.1    3.15 	0.00173663 	-0.040927 	0.0869391 	7.0995e-13 	-2.08579e-13 	8.98704e-14 	3.13737e-13 	-1.99238e-14 	3.96915e-13 	2.77993e-07 	2.01864e-08 	5.06503e-07 	4.35785e-09 	3.49136e-08 	9.24053e-07
0.1      0.1    0.1    0.1    0.1    3.24 	0.00173663 	-0.040927 	0.0869391 	7.0995e-13 	-2.08579e-13 	8.98704e-14 	3.13737e-13 	-1.99238e-14 	3.96915e-13 	2.77993e-07 	2.01864e-08 	5.06503e-07 	4.35785e-09 	3.49136e-08 	9.24053e-07
0.1      0.1    0.1    0.1    0.1    3.33 	0.0265123 	-0.0263435 	0.00858092 	5.55059e-13 	-1.66785e-13 	1.37776e-14 	2.25982e-13 	3.06895e-14 	3.15045e-13 	1.35377e-08 	3.75111e-08 	-3.75058e-08 	1.15384e-07 	-1.12783e-07 	1.10782e-07
0.1      0.1    0.1    0.1    0.1    3.42 	0.0265123 	-0.0263435 	0.00858092 	5.55059e-13 	-1.66785e-13 	1.37776e-14 	2.25982e-13 	3.06895e-14 	3.15045e-13 	1.35377e-08 	3.75111e-08 	-3.75058e-08 	1.15384e-07 	-1.12783e-07 	1.10782e-07
0.1      0.1    0.1    0.1    0.1    3.51 	0.0265123 	-0.0263435 	0.00858092 	5.55059e-13 	-1.66785e-13 	1.37776e-14 	2.25982e-13 	3.06895e-14 	3.15045e-13 	1.35377e-08 	3.75111e-08 	-3.75058e-08 	1.15384e-07 	-1.12783e-07 	1.10782e-07
0.1      0.1    0.1    0.1    0.1    3.6 	0.0202701 	0.00277626 	0.104657 	5.28507e-13 	-1.72097e-13 	2.74778e-13 	3.3512e-13 	-2.63713e-13 	1.07705e-12 	3.16346e-08 	6.71176e-08 	-4.29751e-08 	1.45227e-07 	-9.25269e-08 	5.911e-08
0.1      0.1    0.1    0.1    0.1    3.69 	0.0202701 	0.00277626 	0.104657 	5.28507e-13 	-1.72097e-13 	2.74778e-13 	3.3512e-13 	-2.63713e-13 	1.07705e-12 	3.16346e-08 	6.71176e-08 	-4.29751e-08 	1.45227e-07 	-9.25269e-08 	5.911e-08
0.1      0.1    0.1    0.1    0.1    3.78 	0.0106277 	-0.00803977 	0.0459589 	6.48013e-13 	-1.3818e-13 	4.13595e-13 	2.25686e-13 	-1.56888e-13 	7.92871e-13 	5.4213e-08 	-4.02623e-08 	2.02361e-08 	3.04043e-08 	-1.57175e-08 	8.57124e-09
0.1      0.1    0.1    0.1    0.1    3.87 	0.0106277 	-0.00803977 	0.0459589 	6.48013e-13 	-1.3818e-13 	4.13595e-13 	2.25686e-13 	-1.56888e-13 	7.92871e-13 	5.4213e-08 	-4.02623e-08 	2.02361e-08 	3.04043e-08 	-1.57175e-08 	8.57124e-09
0.1      0.1    0.1    0.1    0.1    3.96 	-0.0103586 	0.0128891 	0.0203614 	4.62687e-13 	2.24218e-15 	3.67969e-14 	4.82737e-13 	-5.06616e-13 	1.2003e-12 	8.71655e-09 	3.49204e-09 	-3.88136e-08 	2.03392e-09 	-1.94902e-08 	1.97301e-07
0.1      0.1    0.1    0.1    0.1    4.05 	-0.0103586 	0.0128891 	0.0203614 	4.62687e-13 	2.24218e-15 	3.67969e-14 	4.82737e-13 	-5.06616e-13 	1.2003e-12 	8.71655e-09 	3.49204e-09 	-3.88136e-08 	2.03392e-09 	-1.94902e-08 	1.97301e-07
0.1      0.1    0.1    0.1    0.1    4.14 	-0.0184062 	0.013908 	0.030291 	3.03047e-13 	-7.22176e-15 	-4.42008e-15 	3.38542e-13 	-2.61951e-13 	6.18063e-13 	9.59318e-09 	3.63687e-08 	-1.87137e-08 	1.38823e-07 	-6.97652e-08 	3.8506e-08
0.1      0.1    0.1    0.1    0.1    4.23 	-0.0184062 	0.013908 	0.030291 	3.03047e-13 	-7.22176e-15 	-4.42008e-15 	3.38542e-13 	-2.61951e-13 	6.18063e-13 	9.59318e-09 	3.63687e-08 	-1.87137e-08 	1.38823e-07 	-6.97652e-08 	3.8506e-08
0.1      0.1    0.1    0.1    0.1    4.32 	-0.0421161 	-0.00396895 	0.0713937 	5.55137e-13 	-1.5574e-13 	-5.46136e-13 	2.02102e-13 	2.06299e-13 	8.57826e-13 	9.3375e-08 	-2.56253e-08 	-5.51025e-08 	7.24211e-09 	1.52809e-08 	3.26419e-08
0.1      0.1    0.1    0.1    0.1    4.41 	-0.0421161 	-0.00396895 	0.0713937 	5.55137e-13 	-1.5574e-13 	-5.46136e-13 	2.02102e-13 	2.06299e-13 	8.57826e-13 	9.3375e-08 	-2.56253e-08 	-5.51025e-08 	7.24211e-09 	1.52809e-08 	3.26419e-08
0.1      0.1    0.1    0.1    0.1    4.5 	-0.0421161 	-0.00396895 	0.0713937 	5.55137e-13 	-1.5574e-13 	-5.46136e-13 	2.02102e-13 	2.06299e-13 	8.57826e-13 	9.3375e-08 	-2.56253e-08 	-5.51025e-08 	7.24211e-09 	1.52809e-08 	3.26419e-08
0.2      0.2    0.2    0.2    0.2    0 	0.0191337 	-0.0290428 	-0.0387266 	4.0363e-13 	-5.60926e-14 	-2.86867e-14 	1.2077e-13 	1.55236e-14 	2.56734e-13 	3.45865e-07 	4.03113e-08 	-4.52246e-07 	7.5864e-09 	-5.08949e-08 	5.92539e-07
0.2      0.2    0.2    0.2    0.2    0.09 	0.0191337 	-0.0290428 	-0.0387266 	4.0363e-13 	-5.60926e-14 	-2.86867e-14 	1.2077e-13 	1.55236e-14 	2.56734e-13 	3.45865e-07 	4.03113e-08 	-4.52246e-07 	7.5864e-09 	-5.08949e-08 	5.92539e-07
0.2      0.2    0.2    0.2    0.2    0.18 	0.0191337 	-0.0290428 	-0.0387266 	4.0363e-13 	-5.60926e-14 	-2.86867e-14 	1.2077e-13 	1.55236e-14 	2.56734e-13 	3.45865e-07 	4.03113e-08 	-4.52246e-07 	7.5864e-09 	-5.08949e-08 	5.92539e-07
0.2      0.2    0.2    0.2    0.2    0.27 	-0.0157142 	-0.00718311 	0.00202335 	4.68817e-13 	-6.1465e-14 	-4.3971e-14 	3.10327e-13 	1.89768e-13 	3.58516e-13 	1.55884e-08 	3.42114e-08 	3.73951e-08 	1.42148e-07 	1.35699e-07 	1.32605e-07
0.2      0.2    0.2    0.2    0.2    0.36 	-0.0157142 	-0.00718311 	0.00202335 	4.68817e-13 	-6.1465e-14 	-4.3971e-14 	3.10327e-13 	1.89768e-13 	3.58516e-13 	1.55884e-08 	3.42114e-08 	3.73951e-08 	1.42148e-07 	1.35699e-07 	1.32605e-07
0.2      0.2    0.2    0.2    0.2    0.45 	0.00378199 	-0.00442265 	0.0409276 	1.08089e-12 	-4.59642e-13 	8.25561e-14 	4.67155e-13 	-1.24009e-14 	3.85031e-13 	4.19703e-08 	6.7967e-08 	-2.36899e-08 	1.11385e-07 	-3.87415e-08 	1.34825e-08
0.2      0.2    0.2    0.2    0.2    0.54 	0.00378199 	-0.00442265 	0.0409276 	1.08089e-12 	-4.59642e-13 	8.25561e-14 	4.67155e-13 	-1.24009e-14 	3.85031e-13 	4.19703e-08 	6.7967e-08 	-2.36899e-08 	1.11385e-07 	-3.87415e-08 	1.34825e-08
0.2      0.2    0.2    0.2    0.2    0.63 	-0.0381667 	0.00326411 	0.0310512 	1.34634e-12 	-3.65951e-13 	4.74637e-13 	3.71533e-13 	-2.60537e-13 	6.70034e-13 	9.37788e-08 	-4.94402e-08 	2.18213e-07 	2.64129e-08 	-1.16496e-07 	5.13857e-07
0.2      0.2    0.2    0.2    0.2    0.72 	-0.0381667 	0.00326411 	0.0310512 	1.34634e-12 	-3.65951e-13 	4.74637e-13 	3.71533e-13 	-2.60537e-13 	6.70034e-13 	9.37788e-08 	-4.94402e-08 	2.18213e-07 	2.64129e-08 	-1.16496e-07 	5.13857e-07
0.2      0.2    0.2    0.2    0.2    0.81 	-0.0446757 	0.00221978 	0.036568 	6.51748e-13 	-9.8561e-14 	1.6733e-13 	1.86685e-13 	-6.33643e-14 	5.27638e-13 	1.93713e-09 	3.39275e-09 	1.15085e-09 	1.57637e-08 	8.98844e-09 	5.65134e-09
0.2      0.2    0.2    0.2    0.2    0.9 	-0.0446757 	0.00221978 	0.036568 	6.51748e-13 	-9.8561e-14 	1.6733e-13 	1.86685e-13 	-6.33643e-14 	5.27638e-13 	1.93713e-09 	3.39275e-09 	1.15085e-09 	1.57637e-08 	8.98844e-09 	5.65134e-09
0.2      0.2    0.2    0.2    0.2    0.99 	-0.0179215 	0.00100794 	-0.0192283 	3.75198e-13 	-1.20951e-14 	-1.07217e-13 	1.52695e-13 	4.35513e-14 	6.4412e-13 	3.05352e-08 	-2.98731e-08 	5.92023e-09 	3.18699e-08 	-5.15835e-09 	1.3171e-09
0.2      0.2    0.2    0.2    0.2    1.08 	-0.0179215 	0.00100794 	-0.0192283 	3.75198e-13 	-1.20951e-14 	-1.07217e-13 	1.52695e-13 	4.35513e-14 	6.4412e-13 	3.05352e-08 	-2.98731e-08 	5.92023e-09 	3.18699e-08 	-5.15835e-09 	1.3171e-09
0.2      0.2    0.2    0.2    0.2    1.17 	-0.0179215 	0.00100794 	-0.0192283 	3.75198e-13 	-1.20951e-14 	-1.07217e-13 	1.52695e-13 	4.35513e-14 	6.4412e-13 	3.05352e-08 	-2.98731e-08 	5.92023e-09 	3.18699e-08 	-5.15835e-09 	1.3171e-09
0.2      0.2    0.2    0.2    0.2    1.26 	-0.0296158 	0.0179504 	-0.00928313 	5.47991e-13 	-7.99266e-14 	-1.23463e-13 	1.9848e-13 	1.68566e-13 	3.72184e-13 	2.12392e-08 	-2.55346e-08 	2.22305e-08 	3.32736e-08 	-2.77496e-08 	2.37172e-08
0.2      0.2    0.2    0.2    0.2    1.35 	-0.0296158 	0.0179504 	-0.00928313 	5.47991e-13 	-7.99266e-14 	-1.23463e-13 	1.9848e-13 	1.68566e-13 	3.72184e-13 	2.12392e-08 	-2.55346e-08 	2.22305e-08 	3.32736e-08 	-2.77496e-08 	2.37172e-08
0.2      0.2    0.2    0.2    0.2    1.44 	-0.0273441 	-0.00362223 	-0.012783 	5.96773e-13 	-2.57603e-13 	-1.91973e-13 	3.40922e-13 	6.20581e-14 	2.41601e-13 	3.5317e-08 	-1.16696e-08 	2.66983e-08 	4.5426e-09 	-9.66494e-09 	2.12644e-08
0.2      0.2    0.2    0.2    0.2    1.53 	-0.0273441 	-0.00362223 	-0.012783 	5.96773e-13 	-2.57603e-13 	-1.91973e-13 	3.40922e-13 	6.20581e-14 	2.41601e-13 	3.5317e-08 	-1.16696e-08 	2.66983e-08 	4.5426e-09 	-9.66494e-09 	2.12644e-08
0.2      0.2    0.2    0.2    0.2    1.62 	-0.0319575 	0.00968173 	0.0143781 	6.74701e-13 	-8.23945e-14 	-3.17092e-13 	2.34706e-13 	-7.97542e-14 	5.72868e-13 	3.39392e-07 	-1.39418e-07 	-3.40843e-08 	6.01248e-08 	8.52803e-09 	1.39492e-08
0.2      0.2    0.2    0.2    0.2    1.71 	-0.0319575 	0.00968173 	0.0143781 	6.74701e-13 	-8.23945e-14 	-3.17092e-13 	2.34706e-13 	-7.97542e-14 	5.72868e-13 	3.39392e-07 	-1.39418e-07 	-3.40843e-08 	6.01248e-08 	8.52803e-09 	1.39492e-08
0.2      0.2    0.2    0.2    0.2    1.8 	-0.00328619 	-0.00951729 	-0.031568 	5.47732e-13 	-9.83609e-14 	-1.6961e-13 	4.14858e-13 	-1.8192e-14 	5.01535e-13 	7.27853e-07 	2.69561e-07 	-4.38437e-08 	1.00033e-07 	-1.5916e-08 	3.55318e-09
0.2      0.2    0.2    0.2    0.2    1.89 	-0.00328619 	-0.00951729 	-0.031568 	5.47732e-13 	-9.83609e-14 	-1.6961e-13 	4.14858e-13 	-1.8192e-14 	5.01535e-13 	7.27853e-07 	2.69561e-07 	-4.38437e-08 	1.00033e-07 	-1.5916e-08 	3.55318e-09
0.2      0.2    0.2    0.2    0.2    1.98 	0.0156091 	-0.0407446 	0.0221787 	3.89019e-13 	1.28448e-14 	-1.03059e-13 	3.37419e-13 	-1.52704e-13 	4.22696e-13 	2.71853e-06 	-2.34894e-07 	-3.18912e-06 	3.37843e-08 	2.64763e-07 	3.75006e-06
0.2      0.2    0.2    0.2    0.2    2.07 	0.0156091 	-0.0407446 	0.0221787 	3.89019e-13 	1.28448e-14 	-1.03059e-13 	3.37419e-13 	-1.52704e-13 	4.22696e-13 	2.71853e-06 	-2.34894e-07 	-3.18912e-06 	3.37843e-08 	2.64763e-07 	3.75006e-06
0.2      0.2    0.2    0.2    0.2    2.16 	-0.036314 	-0.0425095 	-0.0139025 	7.28926e-13 	-1.3775e-13 	-4.72597e-14 	2.29957e-13 	-4.99463e-14 	2.37106e-13 	2.25051e-06 	-9.9586e-07 	-1.37949e-06 	4.44953e-07 	6.06693e-07 	8.49126e-07
0.2      0.2    0.2    0.2    0.2    2.25 	-0.036314 	-0.0425095 	-0.0139025 	7.28926e-13 	-1.3775e-13 	-4.72597e-14 	2.29957e-13 	-4.99463e-14 	2.37106e-13 	2.25051e-06 	-9.9586e-07 	-1.37949e-06 	4.44953e-07 	6.06693e-07 	8.49126e-07
0.2      0.2    0.2    0.2    0.2    2.34 	-0.036314 	-0.0425095 	-0.0139025 	7.28926e-13 	-1.3775e-13 	-4.72597e-14 	2.29957e-13 	-4.99463e-14 	2.37106e-13 	2.25051e-06 	-9.9586e-07 	-1.37949e-06 	4.44953e-07 	6.06693e-07 	8.49126e-07
0.2      0.2    0.2    0.2    0.2    2.43 	0.0169779 	-0.00837033 	0.0240855 	3.68889e-13 	-1.11786e-13 	-4.22055e-14 	2.40538e-13 	-4.92101e-14 	2.00174e-13 	3.34218e-07 	-4.59673e-08 	-5.10654e-08 	6.92326e-09 	6.17639e-09 	1.28767e-08
0.2      0.2    0.2    0.2    0.2    2.52 	0.0169779 	-0.00837033 	0.0240855 	3.68889e-13 	-1.11786e-13 	-4.22055e-14 	2.40538e-13 	-4.92101e-14 	2.00174e-13 	3.34218e-07 	-4.59673e-08 	-5.10654e-08 	6.92326e-09 	6.17639e-09 	1.28767e-08
0.2      0.2    0.2    0.2    0.2    2.61 	0.00897561 	-0.0123015 	-0.00258453 	4.76868e-13 	-1.95695e-13 	1.52296e-13 	3.85707e-13 	-1.29436e-13 	5.22151e-13 	3.767e-08 	-1.97235e-09 	1.14028e-07 	7.71079e-10 	-8.55039e-09 	3.55212e-07
0.2      0.2    0.2    0.2    0.2    2.7 	0.00897561 	-0.0123015 	-0.00258453 	4.76868e-13 	-1.95695e-13 	1.52296e-13 	3.85707e-13 	-1.29436e-13 	5.22151e-13 	3.767e-08 	-1.97235e-09 	1.14028e-07 	7.71079e-10 	-8.55039e-09 	3.55212e-07
0.2      0.2    0.2    0.2    0.2    2.79 	0.0292301 	-0.00970161 	0.0321457 	6.01781e-13 	-1.68283e-13 	1.58245e-13 	3.0616e-13 	-6.72568e-14 	3.06913e-13 	4.20272e-07 	5.70606e-08 	2.01614e-07 	8.87292e-09 	2.93803e-08 	1.00381e-07
0.2      0.2    0.2    0.2    0.2    2.88 	0.0292301 	-0.00970161 	0.0321457 	6.01781e-13 	-1.68283e-13 	1.58245e-13 	3.0616e-13 	-6.72568e-14 	3.06913e-13 	4.20272e-07 	5.70606e-08 	2.01614e-07 	8.87292e-09 	2.93803e-08 	1.00381e-07
0.2      0.2    0.2    0.2    0.2    2.97 	0.019938 	0.0117408 	-0.0127475 	2.05697e-12 	-7.3758e-13 	5.36981e-13 	7.8824e-13 	-2.97257e-13 	1.10412e-12 	6.3974e-08 	-4.95576e-09 	2.37785e-08 	1.07811e-08 	-8.94413e-09 	1.37716e-08
0.2      0.2    0.2    0.2    0.2    3.06 	0.019938 	0.0117408 	-0.0127475 	2.05697e-12 	-7.3758e-13 	5.36981e-13 	7.8824e-13 	-2.97257e-13 	1.10412e-12 	6.3974e-08 	-4.95576e-09 	2.37785e-08 	1.07811e-08 	-8.94413e-09 	1.37716e-08
0.2      0.2    0.2    0.2    0.2    3.15 	0.000186996 	-0.0403454 	0.0834328 	7.11952e-13 	-2.09491e-13 	8.11805e-14 	3.14921e-13 	-1.09752e-14 	3.95666e-13 	9.39692e-07 	-1.58527e-07 	1.91214e-06 	4.12634e-08 	-3.3607e-07 	3.90387e-06
0.2      0.2    0.2    0.2    0.2    3.24 	0.000186996 	-0.0403454 	0.0834328 	7.11952e-13 	-2.09491e-13 	8.11805e-14 	3.14921e-13 	-1.09752e-14 	3.95666e-13 	9.39692e-07 	-1.58527e-07 	1.91214e-06 	4.12634e-08 	-3.3607e-07 	3.90387e-06
0.2      0.2    0.2    0.2    0.2    3.33 	0.0270623 	-0.025609 	0.00790467 	5.56588e-13 	-1.66613e-13 	1.33041e-14 	2.257e-13 	2.91445e-14 	3.13899e-13 	8.26448e-08 	1.43863e-07 	-1.43597e-07 	2.65564e-07 	-2.64411e-07 	2.63805e-07
0.2      0.2    0.2    0.2    0.2    3.42 	0.0270623 	-0.025609 	0.00790467 	5.56588e-13 	-1.66613e-13 	1.33041e-14 	2.257e-13 	2.91445e-14 	3.13899e-13 	8.26448e-08 	1.43863e-07 	-1.43597e-07 	2.65564e-07 	-2.64411e-07 	2.63805e-07
0.2      0.2    0.2    0.2    0.2    3.51 	0.0270623 	-0.025609 	0.00790467 	5.56588e-13 	-1.66613e-13 	1.33041e-14 	2.257e-13 	2.91445e-14 	3.13899e-13 	8.26448e-08 	1.43863e-07 	-1.43597e-07 	2.65564e-07 	-2.64411e-07 	2.63805e-07
0.2      0.2    0.2    0.2    0.2    3.6 	0.019695 	0.00222888 	0.104838 	5.27257e-13 	-1.72936e-13 	2.75631e-13 	3.37444e-13 	-2.67932e-13 	1.07896e-12 	1.16431e-07 	1.69143e-07 	-9.37523e-08 	2.58218e-07 	-1.46633e-07 	8.45481e-08
0.2      0.2    0.2    0.2    0.2    3.69 	0.019695 	0.00222888 	0.104838 	5.27257e-13 	-1.72936e-13 	2.75631e-13 	3.37444e-13 	-2.67932e-13 	1.07896e-12 	1.16431e-07 	1.69143e-07 	-9.37523e-08 	2.58218e-07 	-1.46633e-07 	8.45481e-08
0.2      0.2    0.2    0.2    0.2    3.78 	0.0101875 	-0.00784087 	0.0462928 	6.45767e-13 	-1.37441e-13 	4.14754e-13 	2.24502e-13 	-1.5756e-13 	8.01545e-13 	1.1929e-07 	-7.11856e-08 	-8.14742e-09 	4.35746e-08 	1.71165e-09 	1.11172e-08
0.2      0.2    0.2    0.2    0.2    3.87 	0.0101875 	-0.00784087 	0.0462928 	6.45767e-13 	-1.37441e-13 	4.14754e-13 	2.24502e-13 	-1.5756e-13 	8.01545e-13 	1.1929e-07 	-7.11856e-08 	-8.14742e-09 	4.35746e-08 	1.71165e-09 	1.11172e-08
0.2      0.2    0.2    0.2    0.2    3.96 	-0.00979688 	0.012914 	0.0192127 	4.61474e-13 	9.68388e-16 	3.76047e-14 	4.83363e-13 	-5.09802e-13 	1.21247e-12 	7.58409e-08 	1.04121e-08 	-2.03513e-07 	2.17265e-09 	-3.28003e-08 	5.77971e-07
0.2      0.2    0.2    0.2    0.2    4.05 	-0.00979688 	0.012914 	0.0192127 	4.61474e-13 	9.68388e-16 	3.76047e-14 	4.83363e-13 	-5.09802e-13 	1.21247e-12 	7.58409e-08 	1.04121e-08 	-2.03513e-07 	2.17265e-09 	-3.28003e-08 	5.77971e-07
0.2      0.2    0.2    0.2    0.2    4.14 	-0.0179826 	0.0145786 	0.0289758 	3.06512e-13 	-7.35438e-15 	-6.52828e-15 	3.42358e-13 	-2.69108e-13 	6.32076e-13 	4.73801e-08 	1.1631e-07 	-1.30874e-07 	3.01264e-07 	-3.13025e-07 	3.6665e-07
0.2      0.2    0.2    0.2    0.2    4.23 	-0.0179826 	0.0145786 	0.0289758 	3.06512e-13 	-7.35438e-15 	-6.52828e-15 	3.42358e-13 	-2.69108e-13 	6.32076e-13 	4.73801e-08 	1.1631e-07 	-1.30874e-07 	3.01264e-07 	-3.13025e-07 	3.6665e-07
0.2      0.2    0.2    0.2    0.2    4.32 	-0.0413955 	-0.00392576 	0.0711416 	5.55661e-13 	-1.54235e-13 	-5.51221e-13 	2.02025e-13 	2.03805e-13 	8.64633e-13 	2.53493e-07 	-3.08888e-08 	-1.22237e-07 	5.81024e-09 	1.63609e-08 	5.99974e-08
0.2      0.2    0.2    0.2    0.2    4.41 	-0.0413955 	-0.00392576 	0.0711416 	5.55661e-13 	-1.54235e-13 	-5.51221e-13 	2.02025e-13 	2.03805e-13 	8.64633e-13 	2.53493e-07 	-3.08888e-08 	-1.22237e-07 	5.81024e-09 	1.63609e-08 	5.99974e-08
0.2      0.2    0.2    0.2    0.2    4.5 	-0.0413955 	-0.00392576 	0.0711416 	5.55661e-13 	-1.54235e-13 	-5.51221e-13 	2.02025e-13 	2.03805e-13 	8.64633e-13 	2.53493e-07 	-3.08888e-08 	-1.22237e-07 	5.81024e-09 	1.63609e-08 	5.99974e-08
0.3      0.3    0.3    0.3    0.3    0 	0.018218 	-0.028919 	-0.0373916 	4.03417e-13 	-5.4464e-14 	-2.9435e-14 	1.20001e-13 	1.55463e-14 	2.58938e-13 	7.24784e-07 	1.40047e-08 	-9.94325e-07 	5.68584e-09 	-1.5741e-08 	1.36638e-06
0.3      0.3    0.3    0.3    0.3    0.09 	0.018218 	-0.028919 	-0.0373916 	4.03417e-13 	-5.4464e-14 	-2.9435e-14 	1.20001e-13 	1.55463e-14 	2.58938e-13 	7.24784e-07 	1.40047e-08 	-9.94325e-07 	5.68584e-09 	-1.5741e-08 	1.36638e-06
0.3      0.3    0.3    0.3    0.3    0.18 	0.018218 	-0.028919 	-0.0373916 	4.03417e-13 	-5.4464e-14 	-2.9435e-14 	1.20001e-13 	1.55463e-14 	2.58938e-13 	7.24784e-07 	1.40047e-08 	-9.94325e-07 	5.68584e-09 	-1.5741e-08 	1.36638e-06
0.3      0.3    0.3    0.3    0.3    0.27 	-0.0162088 	-0.00755309 	0.0014229 	4.71593e-13 	-5.75453e-14 	-4.09452e-14 	3.08486e-13 	1.88648e-13 	3.57886e-13 	8.04265e-08 	1.17282e-07 	1.43682e-07 	2.25127e-07 	2.52977e-07 	2.91604e-07
0.3      0.3    0.3    0.3    0.3    0.36 	-0.0162088 	-0.00755309 	0.0014229 	4.71593e-13 	-5.75453e-14 	-4.09452e-14 	3.08486e-13 	1.88648e-13 	3.57886e-13 	8.04265e-08 	1.17282e-07 	1.43682e-07 	2.25127e-07 	2.52977e-07 	2.91604e-07
0.3      0.3    0.3    0.3    0.3    0.45 	0.00423599 	-0.00412513 	0.0408124 	1.09229e-12 	-4.65389e-13 	8.03351e-14 	4.72186e-13 	-1.08622e-14 	3.8509e-13 	1.14311e-07 	1.40331e-07 	-5.04408e-08 	1.80164e-07 	-6.44056e-08 	2.30419e-08
0.3      0.3    0.3    0.3    0.3    0.54 	0.00423599 	-0.00412513 	0.0408124 	1.09229e-12 	-4.65389e-13 	8.03351e-14 	4.72186e-13 	-1.08622e-14 	3.8509e-13 	1.14311e-07 	1.40331e-07 	-5.04408e-08 	1.80164e-07 	-6.44056e-08 	2.30419e-08
0.3      0.3    0.3    0.3    0.3    0.63 	-0.0376267 	0.00305081 	0.0319991 	1.34812e-12 	-3.69311e-13 	4.72617e-13 	3.75252e-13 	-2.61438e-13 	6.75365e-13 	2.18837e-07 	-1.02697e-07 	4.55622e-07 	4.87423e-08 	-2.16129e-07 	9.58386e-07
0.3      0.3    0.3    0.3    0.3    0.72 	-0.0376267 	0.00305081 	0.0319991 	1.34812e-12 	-3.69311e-13 	4.72617e-13 	3.75252e-13 	-2.61438e-13 	6.75365e-13 	2.18837e-07 	-1.02697e-07 	4.55622e-07 	4.87423e-08 	-2.16129e-07 	9.58386e-07
0.3      0.3    0.3    0.3    0.3    0.81 	-0.044842 	0.00204139 	0.0365394 	6.59352e-13 	-1.01618e-13 	1.73152e-13 	1.87885e-13 	-6.73133e-14 	5.30761e-13 	9.08575e-09 	1.53913e-08 	5.46767e-09 	3.29707e-08 	1.41517e-08 	6.77135e-09
0.3      0.3    0.3    0.3    0.3    0.9 	-0.044842 	0.00204139 	0.0365394 	6.59352e-13 	-1.01618e-13 	1.73152e-13 	1.87885e-13 	-6.73133e-14 	5.30761e-13 	9.08575e-09 	1.53913e-08 	5.46767e-09 	3.29707e-08 	1.41517e-08 	6.77135e-09
0.3      0.3    0.3    0.3    0.3    0.99 	-0.0178153 	0.000744123 	-0.0192887 	3.76239e-13 	-1.27166e-14 	-1.07272e-13 	1.53033e-13 	4.45969e-14 	6.44856e-13 	3.82584e-08 	-4.86875e-08 	2.84464e-09 	6.77398e-08 	-1.51988e-09 	1.03332e-09
0.3      0.3    0.3    0.3    0.3    1.08 	-0.0178153 	0.000744123 	-0.0192887 	3.76239e-13 	-1.27166e-14 	-1.07272e-13 	1.53033e-13 	4.45969e-14 	6.44856e-13 	3.82584e-08 	-4.86875e-08 	2.84464e-09 	6.77398e-08 	-1.51988e-09 	1.03332e-09
0.3      0.3    0.3    0.3    0.3    1.17 	-0.0178153 	0.000744123 	-0.0192887 	3.76239e-13 	-1.27166e-14 	-1.07272e-13 	1.53033e-13 	4.45969e-14 	6.44856e-13 	3.82584e-08 	-4.86875e-08 	2.84464e-09 	6.77398e-08 	-1.51988e-09 	1.03332e-09
0.3      0.3    0.3    0.3    0.3    1.26 	-0.0298621 	0.0180481 	-0.00950036 	5.48761e-13 	-8.01045e-14 	-1.24914e-13 	1.98661e-13 	1.69963e-13 	3.72527e-13 	4.52398e-08 	-3.89394e-08 	4.38975e-08 	3.78131e-08 	-3.90339e-08 	4.302e-08
0.3      0.3    0.3    0.3    0.3    1.35 	-0.0298621 	0.0180481 	-0.00950036 	5.48761e-13 	-8.01045e-14 	-1.24914e-13 	1.98661e-13 	1.69963e-13 	3.72527e-13 	4.52398e-08 	-3.89394e-08 	4.38975e-08 	3.78131e-08 	-3.90339e-08 	4.302e-08
0.3      0.3    0.3    0.3    0.3    1.44 	-0.0275558 	-0.00366105 	-0.0127055 	5.96037e-13 	-2.57812e-13 	-1.94264e-13 	3.40617e-13 	6.18295e-14 	2.41654e-13 	5.88098e-08 	-9.77322e-09 	2.67338e-08 	3.21813e-09 	-7.14981e-09 	1.69688e-08
0.3      0.3    0.3    0.3    0.3    1.53 	-0.0275558 	-0.00366105 	-0.0127055 	5.96037e-13 	-2.57812e-13 	-1.94264e-13 	3.40617e-13 	6.18295e-14 	2.41654e-13 	5.88098e-08 	-9.77322e-09 	2.67338e-08 	3.21813e-09 	-7.14981e-09 	1.69688e-08
0.3      0.3    0.3    0.3    0.3    1.62 	-0.0309682 	0.00953645 	0.0138483 	6.69647e-13 	-8.18328e-14 	-3.14695e-13 	2.34345e-13 	-8.03896e-14 	5.7347e-13 	7.66698e-07 	-2.35011e-07 	-2.13417e-07 	7.78382e-08 	5.51728e-08 	7.75894e-08
0.3      0.3    0.3    0.3    0.3    1.71 	-0.0309682 	0.00953645 	0.0138483 	6.69647e-13 	-8.18328e-14 	-3.14695e-13 	2.34345e-13 	-8.03896e-14 	5.7347e-13 	7.66698e-07 	-2.35011e-07 	-2.13417e-07 	7.78382e-08 	5.51728e-08 	7.75894e-08
0.3      0.3    0.3    0.3    0.3    1.8 	-0.00424537 	-0.00995475 	-0.03136 	5.43935e-13 	-9.23672e-14 	-1.68493e-13 	4.16348e-13 	-2.13698e-14 	4.97939e-13 	1.18891e-06 	4.56741e-07 	-1.26385e-07 	1.7587e-07 	-4.90006e-08 	1.59558e-08
0.3      0.3    0.3    0.3    0.3    1.89 	-0.00424537 	-0.00995475 	-0.03136 	5.43935e-13 	-9.23672e-14 	-1.68493e-13 	4.16348e-13 	-2.13698e-14 	4.97939e-13 	1.18891e-06 	4.56741e-07 	-1.26385e-07 	1.7587e-07 	-4.90006e-08 	1.59558e-08
0.3      0.3    0.3    0.3    0.3    1.98 	0.0129519 	-0.0407928 	0.0257604 	3.929e-13 	1.33304e-14 	-1.04382e-13 	3.4145e-13 	-1.5562e-13 	4.29298e-13 	5.81951e-06 	-2.15877e-07 	-7.20968e-06 	2.36249e-08 	2.51161e-07 	8.95064e-06
0.3      0.3    0.3    0.3    0.3    2.07 	0.0129519 	-0.0407928 	0.0257604 	3.929e-13 	1.33304e-14 	-1.04382e-13 	3.4145e-13 	-1.5562e-13 	4.29298e-13 	5.81951e-06 	-2.15877e-07 	-7.20968e-06 	2.36249e-08 	2.51161e-07 	8.95064e-06
0.3      0.3    0.3    0.3    0.3    2.16 	-0.0382653 	-0.0418179 	-0.0122364 	7.39726e-13 	-1.3818e-13 	-4.70802e-14 	2.30623e-13 	-5.24543e-14 	2.43339e-13 	4.21145e-06 	-1.71266e-06 	-2.86961e-06 	7.02451e-07 	1.15828e-06 	1.97073e-06
0.3      0.3    0.3    0.3    0.3    2.25 	-0.0382653 	-0.0418179 	-0.0122364 	7.39726e-13 	-1.3818e-13 	-4.70802e-14 	2.30623e-13 	-5.24543e-14 	2.43339e-13 	4.21145e-06 	-1.71266e-06 	-2.86961e-06 	7.02451e-07 	1.15828e-06 	1.97073e-06
0.3      0.3    0.3    0.3    0.3    2.34 	-0.0382653 	-0.0418179 	-0.0122364 	7.39726e-13 	-1.3818e-13 	-4.70802e-14 	2.30623e-13 	-5.24543e-14 	2.43339e-13 	4.21145e-06 	-1.71266e-06 	-2.86961e-06 	7.02451e-07 	1.15828e-06 	1.97073e-06
0.3      0.3    0.3    0.3    0.3    2.43 	0.0161392 	-0.00844365 	0.0238598 	3.66484e-13 	-1.11748e-13 	-4.2799e-14 	2.41999e-13 	-4.77745e-14 	1.98482e-13 	6.48524e-07 	-5.37911e-08 	1.82143e-10 	6.32776e-09 	2.84482e-09 	1.21019e-08
0.3      0.3    0.3    0.3    0.3    2.52 	0.0161392 	-0.00844365 	0.0238598 	3.66484e-13 	-1.11748e-13 	-4.2799e-14 	2.41999e-13 	-4.77745e-14 	1.98482e-13 	6.48524e-07 	-5.37911e-08 	1.82143e-10 	6.32776e-09 	2.84482e-09 	1.21019e-08
0.3      0.3    0.3    0.3    0.3    2.61 	0.00942663 	-0.0122417 	-0.00168788 	4.84259e-13 	-1.99719e-13 	1.54282e-13 	3.89478e-13 	-1.34431e-13 	5.24642e-13 	1.10089e-07 	5.65574e-09 	2.789e-07 	1.10149e-09 	1.08171e-08 	7.22216e-07
0.3      0.3    0.3    0.3    0.3    2.7 	0.00942663 	-0.0122417 	-0.00168788 	4.84259e-13 	-1.99719e-13 	1.54282e-13 	3.89478e-13 	-1.34431e-13 	5.24642e-13 	1.10089e-07 	5.65574e-09 	2.789e-07 	1.10149e-09 	1.08171e-08 	7.22216e-07
0.3      0.3    0.3    0.3    0.3    2.79 	0.0283037 	-0.00972312 	0.0319946 	5.91559e-13 	-1.64302e-13 	1.57083e-13 	3.03095e-13 	-6.79523e-14 	3.05692e-13 	8.21754e-07 	7.45148e-08 	3.01759e-07 	8.4219e-09 	3.10248e-08 	1.19191e-07
0.3      0.3    0.3    0.3    0.3    2.88 	0.0283037 	-0.00972312 	0.0319946 	5.91559e-13 	-1.64302e-13 	1.57083e-13 	3.03095e-13 	-6.79523e-14 	3.05692e-13 	8.21754e-07 	7.45148e-08 	3.01759e-07 	8.4219e-09 	3.10248e-08 	1.19191e-07
0.3      0.3    0.3    0.3    0.3    2.97 	0.0192022 	0.0120331 	-0.0132762 	2.06489e-12 	-7.36607e-13 	5.22145e-13 	7.87101e-13 	-2.8788e-13 	1.09053e-12 	2.39585e-07 	-6.35795e-08 	1.34258e-07 	2.57725e-08 	-4.23823e-08 	8.06078e-08
0.3      0.3    0.3    0.3    0.3    3.06 	0.0192022 	0.0120331 	-0.0132762 	2.06489e-12 	-7.36607e-13 	5.22145e-13 	7.87101e-13 	-2.8788e-13 	1.09053e-12 	2.39585e-07 	-6.35795e-08 	1.34258e-07 	2.57725e-08 	-4.23823e-08 	8.06078e-08
0.3      0.3    0.3    0.3    0.3    3.15 	-0.00115857 	-0.0396172 	0.0797169 	7.14125e-13 	-2.10358e-13 	7.22715e-14 	3.16279e-13 	-1.85506e-15 	3.94816e-13 	1.82819e-06 	-5.55362e-07 	4.107e-06 	1.973e-07 	-1.2876e-06 	9.28692e-06
0.3      0.3    0.3    0.3    0.3    3.24 	-0.00115857 	-0.0396172 	0.0797169 	7.14125e-13 	-2.10358e-13 	7.22715e-14 	3.16279e-13 	-1.85506e-15 	3.94816e-13 	1.82819e-06 	-5.55362e-07 	4.107e-06 	1.973e-07 	-1.2876e-06 	9.28692e-06
0.3      0.3    0.3    0.3    0.3    3.33 	0.027615 	-0.0249127 	0.00745123 	5.58015e-13 	-1.66439e-13 	1.27654e-14 	2.25517e-13 	2.76265e-14 	3.1252e-13 	2.07659e-07 	3.11668e-07 	-2.78993e-07 	4.82395e-07 	-4.35996e-07 	3.97387e-07
0.3      0.3    0.3    0.3    0.3    3.42 	0.027615 	-0.0249127 	0.00745123 	5.58015e-13 	-1.66439e-13 	1.27654e-14 	2.25517e-13 	2.76265e-14 	3.1252e-13 	2.07659e-07 	3.11668e-07 	-2.78993e-07 	4.82395e-07 	-4.35996e-07 	3.97387e-07
0.3      0.3    0.3    0.3    0.3    3.51 	0.027615 	-0.0249127 	0.00745123 	5.58015e-13 	-1.66439e-13 	1.27654e-14 	2.25517e-13 	2.76265e-14 	3.1252e-13 	2.07659e-07 	3.11668e-07 	-2.78993e-07 	4.82395e-07 	-4.35996e-07 	3.97387e-07
0.3      0.3    0.3    0.3    0.3    3.6 	0.0191457 	0.00188379 	0.10472 	5.26066e-13 	-1.73799e-13 	2.76535e-13 	3.39829e-13 	-2.72138e-13 	1.08031e-12 	2.49215e-07 	2.77896e-07 	-1.05676e-07 	3.3209e-07 	-1.40744e-07 	6.92479e-08
0.3      0.3    0.3    0.3    0.3    3.69 	0.0191457 	0.00188379 	0.10472 	5.26066e-13 	-1.73799e-13 	2.76535e-13 	3.39829e-13 	-2.72138e-13 	1.08031e-12 	2.49215e-07 	2.77896e-07 	-1.05676e-07 	3.3209e-07 	-1.40744e-07 	6.92479e-08
0.3      0.3    0.3    0.3    0.3    3.78 	0.00986034 	-0.00767395 	0.0468481 	6.4371e-13 	-1.36807e-13 	4.15964e-13 	2.23489e-13 	-1.58345e-13 	8.10318e-13 	1.80157e-07 	-9.89144e-08 	-8.5382e-08 	5.53632e-08 	4.20347e-08 	7.35653e-08
0.3      0.3    0.3    0.3    0.3    3.87 	0.00986034 	-0.00767395 	0.0468481 	6.4371e-13 	-1.36807e-13 	4.15964e-13 	2.23489e-13 	-1.58345e-13 	8.10318e-13 	1.80157e-07 	-9.89144e-08 	-8.5382e-08 	5.53632e-08 	4.20347e-08 	7.35653e-08
0.3      0.3    0.3    0.3    0.3    3.96 	-0.00925682 	0.0129144 	0.0181786 	4.60198e-13 	-3.45232e-16 	3.85373e-14 	4.83785e-13 	-5.12565e-13 	1.22395e-12 	1.99807e-07 	1.48314e-08 	-4.57444e-07 	1.88971e-09 	-3.89871e-08 	1.07954e-06
0.3      0.3    0.3    0.3    0.3    4.05 	-0.00925682 	0.0129144 	0.0181786 	4.60198e-13 	-3.45232e-16 	3.85373e-14 	4.83785e-13 	-5.12565e-13 	1.22395e-12 	1.99807e-07 	1.48314e-08 	-4.57444e-07 	1.88971e-09 	-3.89871e-08 	1.07954e-06
0.3      0.3    0.3    0.3    0.3    4.14 	-0.017458 	0.0150492 	0.0274063 	3.10045e-13 	-7.50019e-15 	-8.65656e-15 	3.46153e-13 	-2.76034e-13 	6.45908e-13 	1.37996e-07 	2.33743e-07 	-4.04892e-07 	4.33001e-07 	-6.74973e-07 	1.19264e-06
0.3      0.3    0.3    0.3    0.3    4.23 	-0.017458 	0.0150492 	0.0274063 	3.10045e-13 	-7.50019e-15 	-8.65656e-15 	3.46153e-13 	-2.76034e-13 	6.45908e-13 	1.37996e-07 	2.33743e-07 	-4.04892e-07 	4.33001e-07 	-6.74973e-07 	1.19264e-06
0.3      0.3    0.3    0.3    0.3    4.32 	-0.040839 	-0.00378414 	0.0710697 	5.56455e-13 	-1.52725e-13 	-5.56362e-13 	2.01953e-13 	2.01063e-13 	8.70447e-13 	4.25748e-07 	-4.91352e-09 	-1.65353e-07 	5.17366e-09 	6.14264e-09 	6.776e-08
0.3      0.3    0.3    0.3    0.3    4.41 	-0.040839 	-0.00378414 	0.0710697 	5.56455e-13 	-1.52725e-13 	-5.56362e-13 	2.01953e-13 	2.01063e-13 	8.70447e-13 	4.25748e-07 	-4.91352e-09 	-1.65353e-07 	5.17366e-09 	6.14264e-09 	6.776e-08
0.3      0.3    0.3    0.3    0.3    4.5 	-0.040839 	-0.00378414 	0.0710697 	5.56455e-13 	-1.52725e-13 	-5.56362e-13 	2.01953e-13 	2.01063e-13 	8.70447e-13 	4.25748e-07 	-4.91352e-09 	-1.65353e-07 	5.17366e-09 	6.14264e-09 	6.776e-08
