0.01      0.01    0.01    0.01    0.01    0 	-0.0178378 	-0.0083656 	-0.0202246 	1.87379e-12 	-5.94817e-13 	1.01278e-13 	5.49233e-13 	6.99298e-15 	2.8864e-13 	6.39622e-09 	-4.65589e-09 	4.27913e-09 	3.38908e-09 	-3.11483e-09 	2.86278e-09
0.01      0.01    0.01    0.01    0.01    0.09 	-0.0178378 	-0.0083656 	-0.0202246 	1.87379e-12 	-5.94817e-13 	1.01278e-13 	5.49233e-13 	6.99298e-15 	2.8864e-13 	6.39622e-09 	-4.65589e-09 	4.27913e-09 	3.38908e-09 	-3.11483e-09 	2.86278e-09
0.01      0.01    0.01    0.01    0.01    0.18 	-0.0178378 	-0.0083656 	-0.0202246 	1.87379e-12 	-5.94817e-13 	1.01278e-13 	5.49233e-13 	6.99298e-15 	2.8864e-13 	6.39622e-09 	-4.65589e-09 	4.27913e-09 	3.38908e-09 	-3.11483e-09 	2.86278e-09
0.01      0.01    0.01    0.01    0.01    0.27 	-0.00644731 	0.00133327 	0.0624131 	6.66737e-13 	-1.22285e-12 	2.87865e-13 	3.10399e-12 	-4.03726e-13 	3.1958e-13 	4.83529e-09 	3.52429e-09 	-1.88433e-09 	2.56874e-09 	-1.37343e-09 	7.34329e-10
0.01      0.01    0.01    0.01    0.01    0.36 	-0.00644731 	0.00133327 	0.0624131 	6.66737e-13 	-1.22285e-12 	2.87865e-13 	3.10399e-12 	-4.03726e-13 	3.1958e-13 	4.83529e-09 	3.52429e-09 	-1.88433e-09 	2.56874e-09 	-1.37343e-09 	7.34329e-10
0.01      0.01    0.01    0.01    0.01    0.45 	0.0737539 	0.0222508 	0.0459301 	1.0559e-12 	-4.92111e-13 	3.60948e-13 	5.2426e-13 	-1.78535e-14 	4.15777e-13 	2.87526e-09 	-5.47783e-09 	-3.12906e-09 	1.04362e-08 	5.96137e-09 	3.40526e-09
0.01      0.01    0.01    0.01    0.01    0.54 	0.0737539 	0.0222508 	0.0459301 	1.0559e-12 	-4.92111e-13 	3.60948e-13 	5.2426e-13 	-1.78535e-14 	4.15777e-13 	2.87526e-09 	-5.47783e-09 	-3.12906e-09 	1.04362e-08 	5.96137e-09 	3.40526e-09
0.01      0.01    0.01    0.01    0.01    0.63 	0.0520966 	0.0447163 	-0.0166525 	7.57131e-13 	-1.32658e-13 	3.73586e-13 	3.07807e-13 	-1.79197e-13 	5.14158e-13 	7.83538e-10 	-2.10251e-10 	-1.03682e-09 	5.64179e-11 	2.78217e-10 	1.37198e-09
0.01      0.01    0.01    0.01    0.01    0.72 	0.0520966 	0.0447163 	-0.0166525 	7.57131e-13 	-1.32658e-13 	3.73586e-13 	3.07807e-13 	-1.79197e-13 	5.14158e-13 	7.83538e-10 	-2.10251e-10 	-1.03682e-09 	5.64179e-11 	2.78217e-10 	1.37198e-09
0.01      0.01    0.01    0.01    0.01    0.81 	-0.00940315 	-0.0179698 	0.0128214 	1.28444e-12 	-2.87579e-13 	4.65842e-13 	3.13963e-13 	-1.27511e-13 	6.07502e-13 	1.40558e-09 	1.27967e-09 	6.3555e-10 	1.16504e-09 	5.78618e-10 	2.87371e-10
0.01      0.01    0.01    0.01    0.01    0.9 	-0.00940315 	-0.0179698 	0.0128214 	1.28444e-12 	-2.87579e-13 	4.65842e-13 	3.13963e-13 	-1.27511e-13 	6.07502e-13 	1.40558e-09 	1.27967e-09 	6.3555e-10 	1.16504e-09 	5.78618e-10 	2.87371e-10
0.01      0.01    0.01    0.01    0.01    0.99 	-0.0187175 	0.013917 	-0.0178573 	4.14547e-13 	-2.0793e-14 	5.74577e-14 	2.00184e-13 	3.60767e-14 	2.31892e-13 	8.52474e-12 	1.92643e-10 	5.51059e-11 	4.35336e-09 	1.24529e-09 	3.56217e-10
0.01      0.01    0.01    0.01    0.01    1.08 	-0.0187175 	0.013917 	-0.0178573 	4.14547e-13 	-2.0793e-14 	5.74577e-14 	2.00184e-13 	3.60767e-14 	2.31892e-13 	8.52474e-12 	1.92643e-10 	5.51059e-11 	4.35336e-09 	1.24529e-09 	3.56217e-10
0.01      0.01    0.01    0.01    0.01    1.17 	-0.0187175 	0.013917 	-0.0178573 	4.14547e-13 	-2.0793e-14 	5.74577e-14 	2.00184e-13 	3.60767e-14 	2.31892e-13 	8.52474e-12 	1.92643e-10 	5.51059e-11 	4.35336e-09 	1.24529e-09 	3.56217e-10
0.01      0.01    0.01    0.01    0.01    1.26 	-0.00182301 	-0.0390778 	0.053181 	7.79264e-13 	-1.56368e-13 	7.85953e-14 	2.19881e-13 	3.74217e-15 	2.81332e-13 	2.51971e-09 	-2.761e-09 	2.87166e-09 	3.0254e-09 	-3.14665e-09 	3.27276e-09
0.01      0.01    0.01    0.01    0.01    1.35 	-0.00182301 	-0.0390778 	0.053181 	7.79264e-13 	-1.56368e-13 	7.85953e-14 	2.19881e-13 	3.74217e-15 	2.81332e-13 	2.51971e-09 	-2.761e-09 	2.87166e-09 	3.0254e-09 	-3.14665e-09 	3.27276e-09
0.01      0.01    0.01    0.01    0.01    1.44 	0.0110428 	-0.0154616 	-0.0669381 	7.07317e-13 	-1.72368e-13 	-2.13513e-13 	2.88492e-13 	1.26194e-13 	4.84423e-13 	1.77111e-09 	1.5207e-10 	1.7821e-09 	1.3057e-11 	1.53013e-10 	1.79315e-09
0.01      0.01    0.01    0.01    0.01    1.53 	0.0110428 	-0.0154616 	-0.0669381 	7.07317e-13 	-1.72368e-13 	-2.13513e-13 	2.88492e-13 	1.26194e-13 	4.84423e-13 	1.77111e-09 	1.5207e-10 	1.7821e-09 	1.3057e-11 	1.53013e-10 	1.79315e-09
0.01      0.01    0.01    0.01    0.01    1.62 	0.0752262 	0.0159158 	0.0656429 	7.3411e-13 	-1.1648e-13 	1.33025e-13 	3.87139e-13 	2.62062e-14 	1.5923e-13 	6.91864e-09 	-2.23057e-09 	-2.72282e-09 	7.19133e-10 	8.77834e-10 	1.07156e-09
0.01      0.01    0.01    0.01    0.01    1.71 	0.0752262 	0.0159158 	0.0656429 	7.3411e-13 	-1.1648e-13 	1.33025e-13 	3.87139e-13 	2.62062e-14 	1.5923e-13 	6.91864e-09 	-2.23057e-09 	-2.72282e-09 	7.19133e-10 	8.77834e-10 	1.07156e-09
0.01      0.01    0.01    0.01    0.01    1.8 	-0.0797139 	0.0035235 	0.06561 	9.61715e-13 	-5.22666e-13 	-4.58293e-13 	4.14607e-13 	9.07946e-14 	2.20661e-13 	2.28643e-10 	1.56777e-10 	6.70978e-10 	1.07499e-10 	4.60079e-10 	1.96906e-09
0.01      0.01    0.01    0.01    0.01    1.89 	-0.0797139 	0.0035235 	0.06561 	9.61715e-13 	-5.22666e-13 	-4.58293e-13 	4.14607e-13 	9.07946e-14 	2.20661e-13 	2.28643e-10 	1.56777e-10 	6.70978e-10 	1.07499e-10 	4.60079e-10 	1.96906e-09
0.01      0.01    0.01    0.01    0.01    1.98 	-0.0562956 	-0.0139964 	-0.00864582 	1.07903e-12 	-4.07861e-13 	-3.8985e-13 	3.73893e-13 	9.91682e-14 	5.42295e-13 	1.70568e-10 	4.88957e-10 	4.60072e-10 	1.40166e-09 	1.31886e-09 	1.24095e-09
0.01      0.01    0.01    0.01    0.01    2.07 	-0.0562956 	-0.0139964 	-0.00864582 	1.07903e-12 	-4.07861e-13 	-3.8985e-13 	3.73893e-13 	9.91682e-14 	5.42295e-13 	1.70568e-10 	4.88957e-10 	4.60072e-10 	1.40166e-09 	1.31886e-09 	1.24095e-09
0.01      0.01    0.01    0.01    0.01    2.16 	0.0174003 	-0.0389008 	-0.0111723 	9.96672e-13 	-2.20166e-13 	-7.19589e-14 	3.79759e-13 	5.72869e-14 	3.50872e-13 	6.07737e-10 	1.06967e-09 	-1.1213e-09 	1.8827e-09 	-1.97358e-09 	2.06885e-09
0.01      0.01    0.01    0.01    0.01    2.25 	0.0174003 	-0.0389008 	-0.0111723 	9.96672e-13 	-2.20166e-13 	-7.19589e-14 	3.79759e-13 	5.72869e-14 	3.50872e-13 	6.07737e-10 	1.06967e-09 	-1.1213e-09 	1.8827e-09 	-1.97358e-09 	2.06885e-09
0.01      0.01    0.01    0.01    0.01    2.34 	0.0174003 	-0.0389008 	-0.0111723 	9.96672e-13 	-2.20166e-13 	-7.19589e-14 	3.79759e-13 	5.72869e-14 	3.50872e-13 	6.07737e-10 	1.06967e-09 	-1.1213e-09 	1.8827e-09 	-1.97358e-09 	2.06885e-09
0.01      0.01    0.01    0.01    0.01    2.43 	0.00668098 	0.023347 	0.0216836 	9.4541e-13 	-4.52725e-13 	6.43616e-14 	7.08595e-13 	-1.03332e-13 	2.42819e-13 	3.57102e-10 	-1.91025e-09 	1.15936e-09 	1.02185e-08 	-6.2018e-09 	3.76399e-09
0.01      0.01    0.01    0.01    0.01    2.52 	0.00668098 	0.023347 	0.0216836 	9.4541e-13 	-4.52725e-13 	6.43616e-14 	7.08595e-13 	-1.03332e-13 	2.42819e-13 	3.57102e-10 	-1.91025e-09 	1.15936e-09 	1.02185e-08 	-6.2018e-09 	3.76399e-09
0.01      0.01    0.01    0.01    0.01    2.61 	0.0422466 	0.0213747 	0.0805632 	7.61769e-13 	-2.45979e-13 	1.62853e-14 	4.0044e-13 	-1.83275e-14 	2.26342e-13 	3.01628e-10 	8.29074e-10 	-1.65618e-10 	2.27885e-09 	-4.55229e-10 	9.0938e-11
0.01      0.01    0.01    0.01    0.01    2.7 	0.0422466 	0.0213747 	0.0805632 	7.61769e-13 	-2.45979e-13 	1.62853e-14 	4.0044e-13 	-1.83275e-14 	2.26342e-13 	3.01628e-10 	8.29074e-10 	-1.65618e-10 	2.27885e-09 	-4.55229e-10 	9.0938e-11
0.01      0.01    0.01    0.01    0.01    2.79 	0.0053083 	0.0358421 	0.069927 	5.26247e-13 	-1.69428e-13 	-3.86242e-14 	2.94207e-13 	-2.6758e-14 	4.1034e-13 	1.31331e-10 	-1.20745e-09 	-1.18179e-09 	1.11013e-08 	1.08653e-08 	1.06343e-08
0.01      0.01    0.01    0.01    0.01    2.88 	0.0053083 	0.0358421 	0.069927 	5.26247e-13 	-1.69428e-13 	-3.86242e-14 	2.94207e-13 	-2.6758e-14 	4.1034e-13 	1.31331e-10 	-1.20745e-09 	-1.18179e-09 	1.11013e-08 	1.08653e-08 	1.06343e-08
0.01      0.01    0.01    0.01    0.01    2.97 	-0.0150952 	-0.0148987 	0.0445235 	4.33848e-13 	-1.51296e-13 	-6.00576e-17 	2.73979e-13 	6.86951e-15 	3.16676e-13 	2.41565e-09 	-9.48188e-09 	3.64063e-09 	3.72182e-08 	-1.42902e-08 	5.48679e-09
0.01      0.01    0.01    0.01    0.01    3.06 	-0.0150952 	-0.0148987 	0.0445235 	4.33848e-13 	-1.51296e-13 	-6.00576e-17 	2.73979e-13 	6.86951e-15 	3.16676e-13 	2.41565e-09 	-9.48188e-09 	3.64063e-09 	3.72182e-08 	-1.42902e-08 	5.48679e-09
0.01      0.01    0.01    0.01    0.01    3.15 	0.0489925 	-0.0924074 	0.0771411 	5.70195e-13 	-1.9734e-13 	2.31277e-14 	2.84951e-13 	-2.69689e-14 	2.51258e-13 	6.61462e-09 	-3.19541e-09 	1.19072e-09 	1.54365e-09 	-5.75218e-10 	2.14346e-10
0.01      0.01    0.01    0.01    0.01    3.24 	0.0489925 	-0.0924074 	0.0771411 	5.70195e-13 	-1.9734e-13 	2.31277e-14 	2.84951e-13 	-2.69689e-14 	2.51258e-13 	6.61462e-09 	-3.19541e-09 	1.19072e-09 	1.54365e-09 	-5.75218e-10 	2.14346e-10
0.01      0.01    0.01    0.01    0.01    3.33 	0.0149993 	-0.0244135 	0.0513912 	1.04894e-12 	-5.21563e-13 	3.22006e-13 	6.77907e-13 	-2.65972e-13 	5.47681e-13 	1.40606e-08 	-2.51874e-08 	1.46089e-08 	4.51193e-08 	-2.61695e-08 	1.51785e-08
0.01      0.01    0.01    0.01    0.01    3.42 	0.0149993 	-0.0244135 	0.0513912 	1.04894e-12 	-5.21563e-13 	3.22006e-13 	6.77907e-13 	-2.65972e-13 	5.47681e-13 	1.40606e-08 	-2.51874e-08 	1.46089e-08 	4.51193e-08 	-2.61695e-08 	1.51785e-08
0.01      0.01    0.01    0.01    0.01    3.51 	0.0149993 	-0.0244135 	0.0513912 	1.04894e-12 	-5.21563e-13 	3.22006e-13 	6.77907e-13 	-2.65972e-13 	5.47681e-13 	1.40606e-08 	-2.51874e-08 	1.46089e-08 	4.51193e-08 	-2.61695e-08 	1.51785e-08
0.01      0.01    0.01    0.01    0.01    3.6 	-0.0404141 	-0.0240152 	-0.00934573 	7.15786e-13 	-4.47452e-13 	1.85592e-13 	5.37074e-13 	-2.03284e-14 	3.96696e-13 	1.98993e-10 	2.11177e-09 	-4.29286e-10 	2.24106e-08 	-4.5557e-09 	9.26098e-10
0.01      0.01    0.01    0.01    0.01    3.69 	-0.0404141 	-0.0240152 	-0.00934573 	7.15786e-13 	-4.47452e-13 	1.85592e-13 	5.37074e-13 	-2.03284e-14 	3.96696e-13 	1.98993e-10 	2.11177e-09 	-4.29286e-10 	2.24106e-08 	-4.5557e-09 	9.26098e-10
0.01      0.01    0.01    0.01    0.01    3.78 	0.00152488 	-0.00491657 	0.0374604 	6.31454e-13 	-3.30965e-13 	9.39945e-14 	4.14015e-13 	1.65626e-14 	3.36748e-13 	3.61959e-09 	-4.40323e-09 	-1.85497e-09 	5.35653e-09 	2.25657e-09 	9.50634e-10
0.01      0.01    0.01    0.01    0.01    3.87 	0.00152488 	-0.00491657 	0.0374604 	6.31454e-13 	-3.30965e-13 	9.39945e-14 	4.14015e-13 	1.65626e-14 	3.36748e-13 	3.61959e-09 	-4.40323e-09 	-1.85497e-09 	5.35653e-09 	2.25657e-09 	9.50634e-10
0.01      0.01    0.01    0.01    0.01    3.96 	-0.0218528 	-0.0010765 	-0.0273436 	1.37382e-12 	-2.84425e-13 	-1.48724e-14 	2.92686e-13 	1.01505e-13 	4.55536e-13 	2.67433e-09 	3.44152e-09 	-5.59448e-10 	4.42881e-09 	-7.19938e-10 	1.17032e-10
0.01      0.01    0.01    0.01    0.01    4.05 	-0.0218528 	-0.0010765 	-0.0273436 	1.37382e-12 	-2.84425e-13 	-1.48724e-14 	2.92686e-13 	1.01505e-13 	4.55536e-13 	2.67433e-09 	3.44152e-09 	-5.59448e-10 	4.42881e-09 	-7.19938e-10 	1.17032e-10
0.01      0.01    0.01    0.01    0.01    4.14 	0.0404673 	-0.0606925 	-0.0168953 	8.93721e-13 	-5.74988e-13 	-4.3605e-13 	6.42537e-13 	2.6754e-13 	4.07122e-13 	7.94776e-09 	-5.24253e-09 	7.2063e-10 	3.45809e-09 	-4.75344e-10 	6.53402e-11
0.01      0.01    0.01    0.01    0.01    4.23 	0.0404673 	-0.0606925 	-0.0168953 	8.93721e-13 	-5.74988e-13 	-4.3605e-13 	6.42537e-13 	2.6754e-13 	4.07122e-13 	7.94776e-09 	-5.24253e-09 	7.2063e-10 	3.45809e-09 	-4.75344e-10 	6.53402e-11
0.01      0.01    0.01    0.01    0.01    4.32 	-0.0241452 	0.034027 	-0.0296696 	7.23078e-13 	-1.97372e-13 	1.94087e-13 	2.56383e-13 	-7.00424e-14 	4.7077e-13 	1.07419e-09 	-7.00373e-10 	-1.62267e-09 	4.56644e-10 	1.05798e-09 	2.45121e-09
0.01      0.01    0.01    0.01    0.01    4.41 	-0.0241452 	0.034027 	-0.0296696 	7.23078e-13 	-1.97372e-13 	1.94087e-13 	2.56383e-13 	-7.00424e-14 	4.7077e-13 	1.07419e-09 	-7.00373e-10 	-1.62267e-09 	4.56644e-10 	1.05798e-09 	2.45121e-09
0.01      0.01    0.01    0.01    0.01    4.5 	-0.0241452 	0.034027 	-0.0296696 	7.23078e-13 	-1.97372e-13 	1.94087e-13 	2.56383e-13 	-7.00424e-14 	4.7077e-13 	1.07419e-09 	-7.00373e-10 	-1.62267e-09 	4.56644e-10 	1.05798e-09 	2.45121e-09
0.02      0.02    0.02    0.02    0.02    0 	-0.0181289 	-0.00813182 	-0.0204434 	1.87381e-12 	-5.94812e-13 	1.00753e-13 	5.49531e-13 	7.34168e-15 	2.88508e-13 	2.83668e-08 	-2.2033e-08 	2.04676e-08 	1.7126e-08 	-1.59124e-08 	1.47858e-08
0.02      0.02    0.02    0.02    0.02    0.09 	-0.0181289 	-0.00813182 	-0.0204434 	1.87381e-12 	-5.94812e-13 	1.00753e-13 	5.49531e-13 	7.34168e-15 	2.88508e-13 	2.83668e-08 	-2.2033e-08 	2.04676e-08 	1.7126e-08 	-1.59124e-08 	1.47858e-08
0.02      0.02    0.02    0.02    0.02    0.18 	-0.0181289 	-0.00813182 	-0.0204434 	1.87381e-12 	-5.94812e-13 	1.00753e-13 	5.49531e-13 	7.34168e-15 	2.88508e-13 	2.83668e-08 	-2.2033e-08 	2.04676e-08 	1.7126e-08 	-1.59124e-08 	1.47858e-08
0.02      0.02    0.02    0.02    0.02    0.27 	-0.00671162 	0.001122 	0.0625133 	6.66749e-13 	-1.22152e-12 	2.86794e-13 	3.10905e-12 	-4.05077e-13 	3.20013e-13 	2.26435e-08 	1.75608e-08 	-8.67584e-09 	1.36279e-08 	-6.7267e-09 	3.32455e-09
0.02      0.02    0.02    0.02    0.02    0.36 	-0.00671162 	0.001122 	0.0625133 	6.66749e-13 	-1.22152e-12 	2.86794e-13 	3.10905e-12 	-4.05077e-13 	3.20013e-13 	2.26435e-08 	1.75608e-08 	-8.67584e-09 	1.36279e-08 	-6.7267e-09 	3.32455e-09
0.02      0.02    0.02    0.02    0.02    0.45 	0.0735641 	0.0226461 	0.0461574 	1.05535e-12 	-4.92656e-13 	3.59679e-13 	5.25975e-13 	-1.79761e-14 	4.15558e-13 	1.23095e-08 	-2.48573e-08 	-1.42289e-08 	5.0226e-08 	2.87544e-08 	1.64632e-08
0.02      0.02    0.02    0.02    0.02    0.54 	0.0735641 	0.0226461 	0.0461574 	1.05535e-12 	-4.92656e-13 	3.59679e-13 	5.25975e-13 	-1.79761e-14 	4.15558e-13 	1.23095e-08 	-2.48573e-08 	-1.42289e-08 	5.0226e-08 	2.87544e-08 	1.64632e-08
0.02      0.02    0.02    0.02    0.02    0.63 	0.0522166 	0.0446805 	-0.0167976 	7.57095e-13 	-1.3265e-13 	3.73643e-13 	3.0757e-13 	-1.78953e-13 	5.14211e-13 	4.34824e-09 	-1.25841e-09 	-5.389e-09 	3.64455e-10 	1.55884e-09 	6.68191e-09
0.02      0.02    0.02    0.02    0.02    0.72 	0.0522166 	0.0446805 	-0.0167976 	7.57095e-13 	-1.3265e-13 	3.73643e-13 	3.0757e-13 	-1.78953e-13 	5.14211e-13 	4.34824e-09 	-1.25841e-09 	-5.389e-09 	3.64455e-10 	1.55884e-09 	6.68191e-09
0.02      0.02    0.02    0.02    0.02    0.81 	-0.00925142 	-0.0178192 	0.0128895 	1.28599e-12 	-2.87621e-13 	4.66689e-13 	3.1382e-13 	-1.27358e-13 	6.07495e-13 	7.18209e-09 	6.92596e-09 	3.24168e-09 	6.68409e-09 	3.12534e-09 	1.46333e-09
0.02      0.02    0.02    0.02    0.02    0.9 	-0.00925142 	-0.0178192 	0.0128895 	1.28599e-12 	-2.87621e-13 	4.66689e-13 	3.1382e-13 	-1.27358e-13 	6.07495e-13 	7.18209e-09 	6.92596e-09 	3.24168e-09 	6.68409e-09 	3.12534e-09 	1.46333e-09
0.02      0.02    0.02    0.02    0.02    0.99 	-0.0187334 	0.0136741 	-0.0179342 	4.14364e-13 	-2.06539e-14 	5.74588e-14 	2.00147e-13 	3.61106e-14 	2.31764e-13 	6.736e-11 	1.14269e-09 	3.50003e-10 	1.9582e-08 	5.97967e-09 	1.82772e-09
0.02      0.02    0.02    0.02    0.02    1.08 	-0.0187334 	0.0136741 	-0.0179342 	4.14364e-13 	-2.06539e-14 	5.74588e-14 	2.00147e-13 	3.61106e-14 	2.31764e-13 	6.736e-11 	1.14269e-09 	3.50003e-10 	1.9582e-08 	5.97967e-09 	1.82772e-09
0.02      0.02    0.02    0.02    0.02    1.17 	-0.0187334 	0.0136741 	-0.0179342 	4.14364e-13 	-2.06539e-14 	5.74588e-14 	2.00147e-13 	3.61106e-14 	2.31764e-13 	6.736e-11 	1.14269e-09 	3.50003e-10 	1.9582e-08 	5.97967e-09 	1.82772e-09
0.02      0.02    0.02    0.02    0.02    1.26 	-0.00203961 	-0.0388322 	0.0529615 	7.79648e-13 	-1.565e-13 	7.84652e-14 	2.19941e-13 	3.84144e-15 	2.81578e-13 	1.40592e-08 	-1.5757e-08 	1.47861e-08 	1.76629e-08 	-1.6565e-08 	1.55672e-08
0.02      0.02    0.02    0.02    0.02    1.35 	-0.00203961 	-0.0388322 	0.0529615 	7.79648e-13 	-1.565e-13 	7.84652e-14 	2.19941e-13 	3.84144e-15 	2.81578e-13 	1.40592e-08 	-1.5757e-08 	1.47861e-08 	1.76629e-08 	-1.6565e-08 	1.55672e-08
0.02      0.02    0.02    0.02    0.02    1.44 	0.011214 	-0.0154453 	-0.0667651 	7.07546e-13 	-1.72509e-13 	-2.13539e-13 	2.88659e-13 	1.2623e-13 	4.84544e-13 	9.11097e-09 	8.36845e-10 	9.19837e-09 	7.70315e-11 	8.44844e-10 	9.28663e-09
0.02      0.02    0.02    0.02    0.02    1.53 	0.011214 	-0.0154453 	-0.0667651 	7.07546e-13 	-1.72509e-13 	-2.13539e-13 	2.88659e-13 	1.2623e-13 	4.84544e-13 	9.11097e-09 	8.36845e-10 	9.19837e-09 	7.70315e-11 	8.44844e-10 	9.28663e-09
0.02      0.02    0.02    0.02    0.02    1.62 	0.0748835 	0.0160041 	0.0657764 	7.34404e-13 	-1.16426e-13 	1.32856e-13 	3.87267e-13 	2.61752e-14 	1.59197e-13 	3.61773e-08 	-1.01041e-08 	-1.41417e-08 	2.83659e-09 	3.95087e-09 	5.52807e-09
0.02      0.02    0.02    0.02    0.02    1.71 	0.0748835 	0.0160041 	0.0657764 	7.34404e-13 	-1.16426e-13 	1.32856e-13 	3.87267e-13 	2.61752e-14 	1.59197e-13 	3.61773e-08 	-1.01041e-08 	-1.41417e-08 	2.83659e-09 	3.95087e-09 	5.52807e-09
0.02      0.02    0.02    0.02    0.02    1.8 	-0.0797619 	0.00347556 	0.0654233 	9.61677e-13 	-5.2252e-13 	-4.57698e-13 	4.14606e-13 	9.07505e-14 	2.20885e-13 	8.81541e-10 	7.58554e-10 	3.04687e-09 	6.63499e-10 	2.65675e-09 	1.06448e-08
0.02      0.02    0.02    0.02    0.02    1.89 	-0.0797619 	0.00347556 	0.0654233 	9.61677e-13 	-5.2252e-13 	-4.57698e-13 	4.14606e-13 	9.07505e-14 	2.20885e-13 	8.81541e-10 	7.58554e-10 	3.04687e-09 	6.63499e-10 	2.65675e-09 	1.06448e-08
0.02      0.02    0.02    0.02    0.02    1.98 	-0.0563303 	-0.0141571 	-0.00878877 	1.08056e-12 	-4.08441e-13 	-3.90928e-13 	3.74323e-13 	9.95035e-14 	5.42977e-13 	5.27526e-10 	2.00294e-09 	1.81426e-09 	7.77283e-09 	7.02743e-09 	6.3547e-09
0.02      0.02    0.02    0.02    0.02    2.07 	-0.0563303 	-0.0141571 	-0.00878877 	1.08056e-12 	-4.08441e-13 	-3.90928e-13 	3.74323e-13 	9.95035e-14 	5.42977e-13 	5.27526e-10 	2.00294e-09 	1.81426e-09 	7.77283e-09 	7.02743e-09 	6.3547e-09
0.02      0.02    0.02    0.02    0.02    2.16 	0.0172716 	-0.039056 	-0.0109905 	9.98373e-13 	-2.20074e-13 	-7.2099e-14 	3.79602e-13 	5.73109e-14 	3.50871e-13 	4.48865e-09 	6.03547e-09 	-6.81194e-09 	8.19375e-09 	-9.21691e-09 	1.03805e-08
0.02      0.02    0.02    0.02    0.02    2.25 	0.0172716 	-0.039056 	-0.0109905 	9.98373e-13 	-2.20074e-13 	-7.2099e-14 	3.79602e-13 	5.73109e-14 	3.50871e-13 	4.48865e-09 	6.03547e-09 	-6.81194e-09 	8.19375e-09 	-9.21691e-09 	1.03805e-08
0.02      0.02    0.02    0.02    0.02    2.34 	0.0172716 	-0.039056 	-0.0109905 	9.98373e-13 	-2.20074e-13 	-7.2099e-14 	3.79602e-13 	5.73109e-14 	3.50871e-13 	4.48865e-09 	6.03547e-09 	-6.81194e-09 	8.19375e-09 	-9.21691e-09 	1.03805e-08
0.02      0.02    0.02    0.02    0.02    2.43 	0.00676374 	0.0229532 	0.0219207 	9.45772e-13 	-4.52723e-13 	6.43417e-14 	7.08252e-13 	-1.03427e-13 	2.42752e-13 	2.0338e-09 	-1.00433e-08 	6.06286e-09 	4.96508e-08 	-2.99747e-08 	1.80961e-08
0.02      0.02    0.02    0.02    0.02    2.52 	0.00676374 	0.0229532 	0.0219207 	9.45772e-13 	-4.52723e-13 	6.43417e-14 	7.08252e-13 	-1.03427e-13 	2.42752e-13 	2.0338e-09 	-1.00433e-08 	6.06286e-09 	4.96508e-08 	-2.99747e-08 	1.80961e-08
0.02      0.02    0.02    0.02    0.02    2.61 	0.042171 	0.0212009 	0.0806057 	7.61358e-13 	-2.46058e-13 	1.59401e-14 	4.00391e-13 	-1.82739e-14 	2.26382e-13 	1.68232e-09 	4.12175e-09 	-9.44637e-10 	1.01488e-08 	-2.31713e-09 	5.3076e-10
0.02      0.02    0.02    0.02    0.02    2.7 	0.042171 	0.0212009 	0.0806057 	7.61358e-13 	-2.46058e-13 	1.59401e-14 	4.00391e-13 	-1.82739e-14 	2.26382e-13 	1.68232e-09 	4.12175e-09 	-9.44637e-10 	1.01488e-08 	-2.31713e-09 	5.3076e-10
0.02      0.02    0.02    0.02    0.02    2.79 	0.00533611 	0.0354608 	0.0695144 	5.26264e-13 	-1.69472e-13 	-3.89445e-14 	2.94155e-13 	-2.66354e-14 	4.10192e-13 	3.5662e-10 	-4.15302e-09 	-4.32694e-09 	4.8931e-08 	5.11329e-08 	5.3478e-08
0.02      0.02    0.02    0.02    0.02    2.88 	0.00533611 	0.0354608 	0.0695144 	5.26264e-13 	-1.69472e-13 	-3.89445e-14 	2.94155e-13 	-2.66354e-14 	4.10192e-13 	3.5662e-10 	-4.15302e-09 	-4.32694e-09 	4.8931e-08 	5.11329e-08 	5.3478e-08
0.02      0.02    0.02    0.02    0.02    2.97 	-0.0149134 	-0.0155613 	0.0448331 	4.33727e-13 	-1.51166e-13 	-1.72966e-16 	2.73943e-13 	7.06421e-15 	3.16547e-13 	1.0958e-08 	-4.1058e-08 	1.78951e-08 	1.53922e-07 	-6.6993e-08 	2.92624e-08
0.02      0.02    0.02    0.02    0.02    3.06 	-0.0149134 	-0.0155613 	0.0448331 	4.33727e-13 	-1.51166e-13 	-1.72966e-16 	2.73943e-13 	7.06421e-15 	3.16547e-13 	1.0958e-08 	-4.1058e-08 	1.78951e-08 	1.53922e-07 	-6.6993e-08 	2.92624e-08
0.02      0.02    0.02    0.02    0.02    3.15 	0.0486785 	-0.0922293 	0.0770895 	5.69981e-13 	-1.96644e-13 	2.26025e-14 	2.84133e-13 	-2.64715e-14 	2.51222e-13 	3.17101e-08 	-1.7007e-08 	5.3443e-09 	9.14901e-09 	-2.86475e-09 	9.01223e-10
0.02      0.02    0.02    0.02    0.02    3.24 	0.0486785 	-0.0922293 	0.0770895 	5.69981e-13 	-1.96644e-13 	2.26025e-14 	2.84133e-13 	-2.64715e-14 	2.51222e-13 	3.17101e-08 	-1.7007e-08 	5.3443e-09 	9.14901e-09 	-2.86475e-09 	9.01223e-10
0.02      0.02    0.02    0.02    0.02    3.33 	0.0145381 	-0.0235856 	0.0508983 	1.04911e-12 	-5.21383e-13 	3.22151e-13 	6.77276e-13 	-2.65807e-13 	5.47916e-13 	6.83277e-08 	-1.22388e-07 	7.22273e-08 	2.19229e-07 	-1.29381e-07 	7.63608e-08
0.02      0.02    0.02    0.02    0.02    3.42 	0.0145381 	-0.0235856 	0.0508983 	1.04911e-12 	-5.21383e-13 	3.22151e-13 	6.77276e-13 	-2.65807e-13 	5.47916e-13 	6.83277e-08 	-1.22388e-07 	7.22273e-08 	2.19229e-07 	-1.29381e-07 	7.63608e-08
0.02      0.02    0.02    0.02    0.02    3.51 	0.0145381 	-0.0235856 	0.0508983 	1.04911e-12 	-5.21383e-13 	3.22151e-13 	6.77276e-13 	-2.65807e-13 	5.47916e-13 	6.83277e-08 	-1.22388e-07 	7.22273e-08 	2.19229e-07 	-1.29381e-07 	7.63608e-08
0.02      0.02    0.02    0.02    0.02    3.6 	-0.0404397 	-0.0246053 	-0.00923228 	7.15853e-13 	-4.47929e-13 	1.85551e-13 	5.37978e-13 	-2.02583e-14 	3.96644e-13 	4.31499e-10 	6.69871e-09 	-1.32286e-09 	1.10531e-07 	-2.17119e-08 	4.26701e-09
0.02      0.02    0.02    0.02    0.02    3.69 	-0.0404397 	-0.0246053 	-0.00923228 	7.15853e-13 	-4.47929e-13 	1.85551e-13 	5.37978e-13 	-2.02583e-14 	3.96644e-13 	4.31499e-10 	6.69871e-09 	-1.32286e-09 	1.10531e-07 	-2.17119e-08 	4.26701e-09
0.02      0.02    0.02    0.02    0.02    3.78 	0.00127783 	-0.00464923 	0.0375662 	6.31144e-13 	-3.30716e-13 	9.4156e-14 	4.13661e-13 	1.64824e-14 	3.36658e-13 	1.88509e-08 	-2.12173e-08 	-8.59388e-09 	2.39087e-08 	9.69103e-09 	3.92994e-09
0.02      0.02    0.02    0.02    0.02    3.87 	0.00127783 	-0.00464923 	0.0375662 	6.31144e-13 	-3.30716e-13 	9.4156e-14 	4.13661e-13 	1.64824e-14 	3.36658e-13 	1.88509e-08 	-2.12173e-08 	-8.59388e-09 	2.39087e-08 	9.69103e-09 	3.92994e-09
0.02      0.02    0.02    0.02    0.02    3.96 	-0.0220599 	-0.0013505 	-0.0272888 	1.37326e-12 	-2.84512e-13 	-1.53011e-14 	2.92708e-13 	1.01564e-13 	4.55595e-13 	1.34598e-08 	1.76408e-08 	-3.30776e-09 	2.31224e-08 	-4.33798e-09 	8.16676e-10
0.02      0.02    0.02    0.02    0.02    4.05 	-0.0220599 	-0.0013505 	-0.0272888 	1.37326e-12 	-2.84512e-13 	-1.53011e-14 	2.92708e-13 	1.01564e-13 	4.55595e-13 	1.34598e-08 	1.76408e-08 	-3.30776e-09 	2.31224e-08 	-4.33798e-09 	8.16676e-10
0.02      0.02    0.02    0.02    0.02    4.14 	0.0401139 	-0.0604617 	-0.0169177 	8.92698e-13 	-5.74559e-13 	-4.36014e-13 	6.42341e-13 	2.67761e-13 	4.07319e-13 	3.949e-08 	-2.58869e-08 	2.81207e-09 	1.697e-08 	-1.84378e-09 	2.01924e-10
0.02      0.02    0.02    0.02    0.02    4.23 	0.0401139 	-0.0604617 	-0.0169177 	8.92698e-13 	-5.74559e-13 	-4.36014e-13 	6.42341e-13 	2.67761e-13 	4.07319e-13 	3.949e-08 	-2.58869e-08 	2.81207e-09 	1.697e-08 	-1.84378e-09 	2.01924e-10
0.02      0.02    0.02    0.02    0.02    4.32 	-0.0240146 	0.0339351 	-0.02986 	7.23725e-13 	-1.97542e-13 	1.93978e-13 	2.56463e-13 	-6.98934e-14 	4.7045e-13 	5.36812e-09 	-3.68579e-09 	-7.92319e-09 	2.53204e-09 	5.43882e-09 	1.16957e-08
0.02      0.02    0.02    0.02    0.02    4.41 	-0.0240146 	0.0339351 	-0.02986 	7.23725e-13 	-1.97542e-13 	1.93978e-13 	2.56463e-13 	-6.98934e-14 	4.7045e-13 	5.36812e-09 	-3.68579e-09 	-7.92319e-09 	2.53204e-09 	5.43882e-09 	1.16957e-08
0.02      0.02    0.02    0.02    0.02    4.5 	-0.0240146 	0.0339351 	-0.02986 	7.23725e-13 	-1.97542e-13 	1.93978e-13 	2.56463e-13 	-6.98934e-14 	4.7045e-13 	5.36812e-09 	-3.68579e-09 	-7.92319e-09 	2.53204e-09 	5.43882e-09 	1.16957e-08
0.03      0.03    0.03    0.03    0.03    0 	-0.0183616 	-0.00792915 	-0.0206507 	1.87377e-12 	-5.94768e-13 	1.00233e-13 	5.49833e-13 	7.68473e-15 	2.88409e-13 	5.51592e-08 	-4.46559e-08 	4.28591e-08 	3.61961e-08 	-3.47686e-08 	3.34191e-08
0.03      0.03    0.03    0.03    0.03    0.09 	-0.0183616 	-0.00792915 	-0.0206507 	1.87377e-12 	-5.94768e-13 	1.00233e-13 	5.49833e-13 	7.68473e-15 	2.88409e-13 	5.51592e-08 	-4.46559e-08 	4.28591e-08 	3.61961e-08 	-3.47686e-08 	3.34191e-08
0.03      0.03    0.03    0.03    0.03    0.18 	-0.0183616 	-0.00792915 	-0.0206507 	1.87377e-12 	-5.94768e-13 	1.00233e-13 	5.49833e-13 	7.68473e-15 	2.88409e-13 	5.51592e-08 	-4.46559e-08 	4.28591e-08 	3.61961e-08 	-3.47686e-08 	3.34191e-08
0.03      0.03    0.03    0.03    0.03    0.27 	-0.00695145 	0.000922911 	0.0625937 	6.66824e-13 	-1.22021e-12 	2.85716e-13 	3.11411e-12 	-4.06411e-13 	3.20483e-13 	4.83783e-08 	3.8655e-08 	-1.77372e-08 	3.09044e-08 	-1.41617e-08 	6.511e-09
0.03      0.03    0.03    0.03    0.03    0.36 	-0.00695145 	0.000922911 	0.0625937 	6.66824e-13 	-1.22021e-12 	2.85716e-13 	3.11411e-12 	-4.06411e-13 	3.20483e-13 	4.83783e-08 	3.8655e-08 	-1.77372e-08 	3.09044e-08 	-1.41617e-08 	6.511e-09
0.03      0.03    0.03    0.03    0.03    0.45 	0.0734138 	0.022977 	0.0463695 	1.05477e-12 	-4.93166e-13 	3.58399e-13 	5.27686e-13 	-1.8101e-14 	4.15347e-13 	2.35147e-08 	-4.90376e-08 	-2.91237e-08 	1.02343e-07 	6.08258e-08 	3.61819e-08
0.03      0.03    0.03    0.03    0.03    0.54 	0.0734138 	0.022977 	0.0463695 	1.05477e-12 	-4.93166e-13 	3.58399e-13 	5.27686e-13 	-1.8101e-14 	4.15347e-13 	2.35147e-08 	-4.90376e-08 	-2.91237e-08 	1.02343e-07 	6.08258e-08 	3.61819e-08
0.03      0.03    0.03    0.03    0.03    0.63 	0.0523134 	0.0446516 	-0.0169347 	7.57057e-13 	-1.32636e-13 	3.73693e-13 	3.07337e-13 	-1.78709e-13 	5.14264e-13 	8.96322e-09 	-2.63945e-09 	-1.1529e-08 	7.77538e-10 	3.39544e-09 	1.48474e-08
0.03      0.03    0.03    0.03    0.03    0.72 	0.0523134 	0.0446516 	-0.0169347 	7.57057e-13 	-1.32636e-13 	3.73693e-13 	3.07337e-13 	-1.78709e-13 	5.14264e-13 	8.96322e-09 	-2.63945e-09 	-1.1529e-08 	7.77538e-10 	3.39544e-09 	1.48474e-08
0.03      0.03    0.03    0.03    0.03    0.81 	-0.00912129 	-0.0176682 	0.0129454 	1.28752e-12 	-2.87645e-13 	4.67516e-13 	3.1369e-13 	-1.272e-13 	6.07492e-13 	1.51125e-08 	1.5611e-08 	6.69039e-09 	1.61693e-08 	6.90599e-09 	2.96255e-09
0.03      0.03    0.03    0.03    0.03    0.9 	-0.00912129 	-0.0176682 	0.0129454 	1.28752e-12 	-2.87645e-13 	4.67516e-13 	3.1369e-13 	-1.272e-13 	6.07492e-13 	1.51125e-08 	1.5611e-08 	6.69039e-09 	1.61693e-08 	6.90599e-09 	2.96255e-09
0.03      0.03    0.03    0.03    0.03    0.99 	-0.0187478 	0.0134532 	-0.0180077 	4.14186e-13 	-2.05173e-14 	5.74611e-14 	2.00115e-13 	3.61446e-14 	2.31641e-13 	1.60839e-10 	2.56905e-09 	8.17046e-10 	4.12295e-08 	1.30868e-08 	4.15794e-09
0.03      0.03    0.03    0.03    0.03    1.08 	-0.0187478 	0.0134532 	-0.0180077 	4.14186e-13 	-2.05173e-14 	5.74611e-14 	2.00115e-13 	3.61446e-14 	2.31641e-13 	1.60839e-10 	2.56905e-09 	8.17046e-10 	4.12295e-08 	1.30868e-08 	4.15794e-09
0.03      0.03    0.03    0.03    0.03    1.17 	-0.0187478 	0.0134532 	-0.0180077 	4.14186e-13 	-2.05173e-14 	5.74611e-14 	2.00115e-13 	3.61446e-14 	2.31641e-13 	1.60839e-10 	2.56905e-09 	8.17046e-10 	4.12295e-08 	1.30868e-08 	4.15794e-09
0.03      0.03    0.03    0.03    0.03    1.26 	-0.00223613 	-0.0385868 	0.0527753 	7.80027e-13 	-1.56634e-13 	7.83363e-14 	2.19995e-13 	3.93887e-15 	2.81819e-13 	3.13719e-08 	-3.6615e-08 	3.16038e-08 	4.27719e-08 	-3.68504e-08 	3.18766e-08
0.03      0.03    0.03    0.03    0.03    1.35 	-0.00223613 	-0.0385868 	0.0527753 	7.80027e-13 	-1.56634e-13 	7.83363e-14 	2.19995e-13 	3.93887e-15 	2.81819e-13 	3.13719e-08 	-3.6615e-08 	3.16038e-08 	4.27719e-08 	-3.68504e-08 	3.18766e-08
0.03      0.03    0.03    0.03    0.03    1.44 	0.0113636 	-0.0154238 	-0.0666197 	7.07774e-13 	-1.72654e-13 	-2.13567e-13 	2.88822e-13 	1.26268e-13 	4.8466e-13 	1.94331e-08 	2.12257e-09 	1.93895e-08 	2.35357e-10 	2.11536e-09 	1.93477e-08
0.03      0.03    0.03    0.03    0.03    1.53 	0.0113636 	-0.0154238 	-0.0666197 	7.07774e-13 	-1.72654e-13 	-2.13567e-13 	2.88822e-13 	1.26268e-13 	4.8466e-13 	1.94331e-08 	2.12257e-09 	1.93895e-08 	2.35357e-10 	2.11536e-09 	1.93477e-08
0.03      0.03    0.03    0.03    0.03    1.62 	0.0745731 	0.016054 	0.0658916 	7.34705e-13 	-1.16371e-13 	1.32693e-13 	3.87396e-13 	2.61454e-14 	1.59162e-13 	7.93982e-08 	-1.86369e-08 	-3.04948e-08 	4.4649e-09 	7.17168e-09 	1.17144e-08
0.03      0.03    0.03    0.03    0.03    1.71 	0.0745731 	0.016054 	0.0658916 	7.34705e-13 	-1.16371e-13 	1.32693e-13 	3.87396e-13 	2.61454e-14 	1.59162e-13 	7.93982e-08 	-1.86369e-08 	-3.04948e-08 	4.4649e-09 	7.17168e-09 	1.17144e-08
0.03      0.03    0.03    0.03    0.03    1.8 	-0.0797637 	0.00343486 	0.0652711 	9.61655e-13 	-5.22386e-13 	-4.57108e-13 	4.14619e-13 	9.07082e-14 	2.21116e-13 	9.51514e-10 	1.09181e-09 	4.28718e-09 	1.44657e-09 	5.6304e-09 	2.19279e-08
0.03      0.03    0.03    0.03    0.03    1.89 	-0.0797637 	0.00343486 	0.0652711 	9.61655e-13 	-5.22386e-13 	-4.57108e-13 	4.14619e-13 	9.07082e-14 	2.21116e-13 	9.51514e-10 	1.09181e-09 	4.28718e-09 	1.44657e-09 	5.6304e-09 	2.19279e-08
0.03      0.03    0.03    0.03    0.03    1.98 	-0.0563397 	-0.0142978 	-0.00891734 	1.08205e-12 	-4.08994e-13 	-3.91981e-13 	3.74751e-13 	9.98318e-14 	5.43653e-13 	6.34356e-10 	3.13561e-09 	2.83684e-09 	1.68905e-08 	1.52746e-08 	1.38142e-08
0.03      0.03    0.03    0.03    0.03    2.07 	-0.0563397 	-0.0142978 	-0.00891734 	1.08205e-12 	-4.08994e-13 	-3.91981e-13 	3.74751e-13 	9.98318e-14 	5.43653e-13 	6.34356e-10 	3.13561e-09 	2.83684e-09 	1.68905e-08 	1.52746e-08 	1.38142e-08
0.03      0.03    0.03    0.03    0.03    2.16 	0.0171588 	-0.0391686 	-0.0108277 	1.00007e-12 	-2.19988e-13 	-7.22405e-14 	3.79446e-13 	5.73363e-14 	3.50866e-13 	1.03432e-08 	1.23712e-08 	-1.51966e-08 	1.4949e-08 	-1.82433e-08 	2.23661e-08
0.03      0.03    0.03    0.03    0.03    2.25 	0.0171588 	-0.0391686 	-0.0108277 	1.00007e-12 	-2.19988e-13 	-7.22405e-14 	3.79446e-13 	5.73363e-14 	3.50866e-13 	1.03432e-08 	1.23712e-08 	-1.51966e-08 	1.4949e-08 	-1.82433e-08 	2.23661e-08
0.03      0.03    0.03    0.03    0.03    2.34 	0.0171588 	-0.0391686 	-0.0108277 	1.00007e-12 	-2.19988e-13 	-7.22405e-14 	3.79446e-13 	5.73363e-14 	3.50866e-13 	1.03432e-08 	1.23712e-08 	-1.51966e-08 	1.4949e-08 	-1.82433e-08 	2.23661e-08
0.03      0.03    0.03    0.03    0.03    2.43 	0.00684193 	0.0226296 	0.022116 	9.46117e-13 	-4.52707e-13 	6.4314e-14 	7.07901e-13 	-1.03516e-13 	2.4269e-13 	4.68487e-09 	-2.16476e-08 	1.306e-08 	1.0029e-07 	-6.05066e-08 	3.65048e-08
0.03      0.03    0.03    0.03    0.03    2.52 	0.00684193 	0.0226296 	0.022116 	9.46117e-13 	-4.52707e-13 	6.4314e-14 	7.07901e-13 	-1.03516e-13 	2.4269e-13 	4.68487e-09 	-2.16476e-08 	1.306e-08 	1.0029e-07 	-6.05066e-08 	3.65048e-08
0.03      0.03    0.03    0.03    0.03    2.61 	0.0420762 	0.0210731 	0.0806444 	7.60956e-13 	-2.46141e-13 	1.55996e-14 	4.00349e-13 	-1.82208e-14 	2.26421e-13 	4.87536e-09 	9.42912e-09 	-2.40965e-09 	1.87365e-08 	-4.72599e-09 	1.20002e-09
0.03      0.03    0.03    0.03    0.03    2.7 	0.0420762 	0.0210731 	0.0806444 	7.60956e-13 	-2.46141e-13 	1.55996e-14 	4.00349e-13 	-1.82208e-14 	2.26421e-13 	4.87536e-09 	9.42912e-09 	-2.40965e-09 	1.87365e-08 	-4.72599e-09 	1.20002e-09
0.03      0.03    0.03    0.03    0.03    2.79 	0.00536136 	0.0351612 	0.0691609 	5.26279e-13 	-1.69518e-13 	-3.92641e-14 	2.94099e-13 	-2.65136e-14 	4.10041e-13 	6.37505e-10 	-7.71227e-09 	-8.40847e-09 	9.37795e-08 	1.02409e-07 	1.11984e-07
0.03      0.03    0.03    0.03    0.03    2.88 	0.00536136 	0.0351612 	0.0691609 	5.26279e-13 	-1.69518e-13 	-3.92641e-14 	2.94099e-13 	-2.65136e-14 	4.10041e-13 	6.37505e-10 	-7.71227e-09 	-8.40847e-09 	9.37795e-08 	1.02409e-07 	1.11984e-07
0.03      0.03    0.03    0.03    0.03    2.97 	-0.0147712 	-0.0160142 	0.0451177 	4.33601e-13 	-1.51039e-13 	-2.85577e-16 	2.73895e-13 	7.25791e-15 	3.16411e-13 	2.11214e-08 	-7.51837e-08 	3.70377e-08 	2.68118e-07 	-1.31511e-07 	6.51654e-08
0.03      0.03    0.03    0.03    0.03    3.06 	-0.0147712 	-0.0160142 	0.0451177 	4.33601e-13 	-1.51039e-13 	-2.85577e-16 	2.73895e-13 	7.25791e-15 	3.16411e-13 	2.11214e-08 	-7.51837e-08 	3.70377e-08 	2.68118e-07 	-1.31511e-07 	6.51654e-08
0.03      0.03    0.03    0.03    0.03    3.15 	0.0484105 	-0.0920277 	0.0770298 	5.69776e-13 	-1.95957e-13 	2.20866e-14 	2.83327e-13 	-2.59823e-14 	2.51189e-13 	6.54e-08 	-3.99279e-08 	1.20728e-08 	2.46066e-08 	-7.41832e-09 	2.24036e-09
0.03      0.03    0.03    0.03    0.03    3.24 	0.0484105 	-0.0920277 	0.0770298 	5.69776e-13 	-1.95957e-13 	2.20866e-14 	2.83327e-13 	-2.59823e-14 	2.51189e-13 	6.54e-08 	-3.99279e-08 	1.20728e-08 	2.46066e-08 	-7.41832e-09 	2.24036e-09
0.03      0.03    0.03    0.03    0.03    3.33 	0.0141875 	-0.022898 	0.0504734 	1.04926e-12 	-5.21186e-13 	3.2229e-13 	6.76639e-13 	-2.65637e-13 	5.48145e-13 	1.31613e-07 	-2.42203e-07 	1.4521e-07 	4.45945e-07 	-2.67436e-07 	1.60409e-07
0.03      0.03    0.03    0.03    0.03    3.42 	0.0141875 	-0.022898 	0.0504734 	1.04926e-12 	-5.21186e-13 	3.2229e-13 	6.76639e-13 	-2.65637e-13 	5.48145e-13 	1.31613e-07 	-2.42203e-07 	1.4521e-07 	4.45945e-07 	-2.67436e-07 	1.60409e-07
0.03      0.03    0.03    0.03    0.03    3.51 	0.0141875 	-0.022898 	0.0504734 	1.04926e-12 	-5.21186e-13 	3.2229e-13 	6.76639e-13 	-2.65637e-13 	5.48145e-13 	1.31613e-07 	-2.42203e-07 	1.4521e-07 	4.45945e-07 	-2.67436e-07 	1.60409e-07
0.03      0.03    0.03    0.03    0.03    3.6 	-0.0404295 	-0.025105 	-0.00915643 	7.15915e-13 	-4.484e-13 	1.85499e-13 	5.38889e-13 	-2.01842e-14 	3.96591e-13 	3.46861e-10 	7.13247e-09 	-1.35641e-09 	2.28405e-07 	-4.14801e-08 	7.56459e-09
0.03      0.03    0.03    0.03    0.03    3.69 	-0.0404295 	-0.025105 	-0.00915643 	7.15915e-13 	-4.484e-13 	1.85499e-13 	5.38889e-13 	-2.01842e-14 	3.96591e-13 	3.46861e-10 	7.13247e-09 	-1.35641e-09 	2.28405e-07 	-4.14801e-08 	7.56459e-09
0.03      0.03    0.03    0.03    0.03    3.78 	0.00105346 	-0.0044407 	0.0376349 	6.30841e-13 	-3.30473e-13 	9.43197e-14 	4.13307e-13 	1.64016e-14 	3.36567e-13 	4.13497e-08 	-4.34461e-08 	-1.65329e-08 	4.57849e-08 	1.74719e-08 	6.68528e-09
0.03      0.03    0.03    0.03    0.03    3.87 	0.00105346 	-0.0044407 	0.0376349 	6.30841e-13 	-3.30473e-13 	9.43197e-14 	4.13307e-13 	1.64016e-14 	3.36567e-13 	4.13497e-08 	-4.34461e-08 	-1.65329e-08 	4.57849e-08 	1.74719e-08 	6.68528e-09
0.03      0.03    0.03    0.03    0.03    3.96 	-0.0222411 	-0.00160286 	-0.0272258 	1.37267e-12 	-2.8459e-13 	-1.57274e-14 	2.92739e-13 	1.01621e-13 	4.55658e-13 	2.8572e-08 	3.82946e-08 	-8.07833e-09 	5.13404e-08 	-1.08459e-08 	2.30757e-09
0.03      0.03    0.03    0.03    0.03    4.05 	-0.0222411 	-0.00160286 	-0.0272258 	1.37267e-12 	-2.8459e-13 	-1.57274e-14 	2.92739e-13 	1.01621e-13 	4.55658e-13 	2.8572e-08 	3.82946e-08 	-8.07833e-09 	5.13404e-08 	-1.08459e-08 	2.30757e-09
0.03      0.03    0.03    0.03    0.03    4.14 	0.0398088 	-0.0602723 	-0.0169488 	8.91687e-13 	-5.74123e-13 	-4.35969e-13 	6.4216e-13 	2.67973e-13 	4.07525e-13 	8.27738e-08 	-5.33092e-08 	6.57803e-09 	3.43398e-08 	-4.23135e-09 	5.28493e-10
0.03      0.03    0.03    0.03    0.03    4.23 	0.0398088 	-0.0602723 	-0.0169488 	8.91687e-13 	-5.74123e-13 	-4.35969e-13 	6.4216e-13 	2.67973e-13 	4.07525e-13 	8.27738e-08 	-5.33092e-08 	6.57803e-09 	3.43398e-08 	-4.23135e-09 	5.28493e-10
0.03      0.03    0.03    0.03    0.03    4.32 	-0.0239014 	0.033849 	-0.0300157 	7.24374e-13 	-1.97715e-13 	1.93871e-13 	2.5654e-13 	-6.97454e-14 	4.70131e-13 	1.13147e-08 	-8.08571e-09 	-1.63001e-08 	5.7837e-09 	1.16415e-08 	2.34908e-08
0.03      0.03    0.03    0.03    0.03    4.41 	-0.0239014 	0.033849 	-0.0300157 	7.24374e-13 	-1.97715e-13 	1.93871e-13 	2.5654e-13 	-6.97454e-14 	4.70131e-13 	1.13147e-08 	-8.08571e-09 	-1.63001e-08 	5.7837e-09 	1.16415e-08 	2.34908e-08
0.03      0.03    0.03    0.03    0.03    4.5 	-0.0239014 	0.033849 	-0.0300157 	7.24374e-13 	-1.97715e-13 	1.93871e-13 	2.5654e-13 	-6.97454e-14 	4.70131e-13 	1.13147e-08 	-8.08571e-09 	-1.63001e-08 	5.7837e-09 	1.16415e-08 	2.34908e-08
