0.01      0.01    0.01    0.01    0.01    0 	0.13064 	-0.0581299 	0.0118215 	8.83881e-13 	-3.7776e-13 	1.82081e-13 	2.65059e-13 	-4.01101e-14 	1.70889e-13 	2.97905e-08 	3.05384e-09 	9.72476e-09 	3.13051e-10 	9.9689e-10 	3.17453e-09
0.01      0.01    0.01    0.01    0.01    0.09 	0.13064 	-0.0581299 	0.0118215 	8.83881e-13 	-3.7776e-13 	1.82081e-13 	2.65059e-13 	-4.01101e-14 	1.70889e-13 	2.97905e-08 	3.05384e-09 	9.72476e-09 	3.13051e-10 	9.9689e-10 	3.17453e-09
0.01      0.01    0.01    0.01    0.01    0.18 	0.13064 	-0.0581299 	0.0118215 	8.83881e-13 	-3.7776e-13 	1.82081e-13 	2.65059e-13 	-4.01101e-14 	1.70889e-13 	2.97905e-08 	3.05384e-09 	9.72476e-09 	3.13051e-10 	9.9689e-10 	3.17453e-09
0.01      0.01    0.01    0.01    0.01    0.27 	0.162797 	-0.0485769 	-0.0472099 	6.97564e-13 	-3.20599e-13 	-6.72219e-14 	2.35388e-13 	-4.57742e-15 	1.64294e-13 	2.74158e-09 	4.35814e-10 	1.54883e-10 	6.92791e-11 	2.4621e-11 	8.75002e-12
0.01      0.01    0.01    0.01    0.01    0.36 	0.162797 	-0.0485769 	-0.0472099 	6.97564e-13 	-3.20599e-13 	-6.72219e-14 	2.35388e-13 	-4.57742e-15 	1.64294e-13 	2.74158e-09 	4.35814e-10 	1.54883e-10 	6.92791e-11 	2.4621e-11 	8.75002e-12
0.01      0.01    0.01    0.01    0.01    0.45 	0.0532698 	-0.0192495 	-0.00751568 	4.98012e-13 	-2.12625e-13 	4.71774e-14 	2.36135e-13 	-2.55786e-14 	1.73239e-13 	2.65502e-09 	1.47519e-09 	1.08696e-09 	8.19653e-10 	6.03943e-10 	4.45002e-10
0.01      0.01    0.01    0.01    0.01    0.54 	0.0532698 	-0.0192495 	-0.00751568 	4.98012e-13 	-2.12625e-13 	4.71774e-14 	2.36135e-13 	-2.55786e-14 	1.73239e-13 	2.65502e-09 	1.47519e-09 	1.08696e-09 	8.19653e-10 	6.03943e-10 	4.45002e-10
0.01      0.01    0.01    0.01    0.01    0.63 	0.0979503 	-0.0268506 	-0.0325459 	7.0374e-13 	-3.8345e-13 	9.31411e-14 	3.14981e-13 	-4.35321e-14 	2.10324e-13 	1.135e-08 	2.10255e-09 	2.12767e-09 	3.89491e-10 	3.94144e-10 	3.98852e-10
0.01      0.01    0.01    0.01    0.01    0.72 	0.0979503 	-0.0268506 	-0.0325459 	7.0374e-13 	-3.8345e-13 	9.31411e-14 	3.14981e-13 	-4.35321e-14 	2.10324e-13 	1.135e-08 	2.10255e-09 	2.12767e-09 	3.89491e-10 	3.94144e-10 	3.98852e-10
0.01      0.01    0.01    0.01    0.01    0.81 	0.0768663 	-0.00615675 	0.00189466 	1.10631e-12 	-5.7998e-13 	-1.70788e-13 	4.69845e-13 	4.36999e-14 	1.38094e-13 	1.87896e-08 	-3.23864e-09 	2.45253e-09 	5.58223e-10 	-4.22726e-10 	3.20119e-10
0.01      0.01    0.01    0.01    0.01    0.9 	0.0768663 	-0.00615675 	0.00189466 	1.10631e-12 	-5.7998e-13 	-1.70788e-13 	4.69845e-13 	4.36999e-14 	1.38094e-13 	1.87896e-08 	-3.23864e-09 	2.45253e-09 	5.58223e-10 	-4.22726e-10 	3.20119e-10
0.01      0.01    0.01    0.01    0.01    0.99 	0.115031 	0.0140924 	0.0174574 	1.33291e-12 	-5.46117e-13 	-1.80344e-13 	3.01057e-13 	-8.94774e-15 	1.59465e-13 	7.46987e-09 	4.11466e-09 	-3.23338e-09 	2.2665e-09 	-1.78106e-09 	1.39959e-09
0.01      0.01    0.01    0.01    0.01    1.08 	0.115031 	0.0140924 	0.0174574 	1.33291e-12 	-5.46117e-13 	-1.80344e-13 	3.01057e-13 	-8.94774e-15 	1.59465e-13 	7.46987e-09 	4.11466e-09 	-3.23338e-09 	2.2665e-09 	-1.78106e-09 	1.39959e-09
0.01      0.01    0.01    0.01    0.01    1.17 	0.115031 	0.0140924 	0.0174574 	1.33291e-12 	-5.46117e-13 	-1.80344e-13 	3.01057e-13 	-8.94774e-15 	1.59465e-13 	7.46987e-09 	4.11466e-09 	-3.23338e-09 	2.2665e-09 	-1.78106e-09 	1.39959e-09
0.01      0.01    0.01    0.01    0.01    1.26 	0.0170001 	0.0479611 	0.0277077 	6.15879e-13 	-1.21778e-13 	6.7171e-14 	1.54993e-13 	6.3677e-15 	2.11327e-13 	8.53854e-10 	-3.2785e-10 	-2.44334e-10 	1.25883e-10 	9.38158e-11 	6.99175e-11
0.01      0.01    0.01    0.01    0.01    1.35 	0.0170001 	0.0479611 	0.0277077 	6.15879e-13 	-1.21778e-13 	6.7171e-14 	1.54993e-13 	6.3677e-15 	2.11327e-13 	8.53854e-10 	-3.2785e-10 	-2.44334e-10 	1.25883e-10 	9.38158e-11 	6.99175e-11
0.01      0.01    0.01    0.01    0.01    1.44 	0.0632117 	0.0338904 	-0.0148802 	8.14979e-13 	-3.11787e-13 	5.44122e-14 	2.92728e-13 	-1.85186e-14 	1.70093e-13 	1.17262e-09 	-9.32205e-11 	-4.75594e-10 	7.41082e-12 	3.78086e-11 	1.92893e-10
0.01      0.01    0.01    0.01    0.01    1.53 	0.0632117 	0.0338904 	-0.0148802 	8.14979e-13 	-3.11787e-13 	5.44122e-14 	2.92728e-13 	-1.85186e-14 	1.70093e-13 	1.17262e-09 	-9.32205e-11 	-4.75594e-10 	7.41082e-12 	3.78086e-11 	1.92893e-10
0.01      0.01    0.01    0.01    0.01    1.62 	0.0668422 	0.0356929 	0.0525025 	8.26184e-13 	-2.64017e-13 	-1.43911e-13 	2.2947e-13 	3.52888e-14 	2.2174e-13 	5.75099e-09 	1.39734e-09 	-4.51492e-09 	3.39515e-10 	-1.097e-09 	3.54452e-09
0.01      0.01    0.01    0.01    0.01    1.71 	0.0668422 	0.0356929 	0.0525025 	8.26184e-13 	-2.64017e-13 	-1.43911e-13 	2.2947e-13 	3.52888e-14 	2.2174e-13 	5.75099e-09 	1.39734e-09 	-4.51492e-09 	3.39515e-10 	-1.097e-09 	3.54452e-09
0.01      0.01    0.01    0.01    0.01    1.8 	0.0709208 	0.00915025 	0.0395907 	5.93035e-13 	-1.62092e-13 	9.6219e-14 	1.52197e-13 	-1.84916e-14 	2.28814e-13 	2.56937e-12 	3.576e-11 	3.88028e-11 	4.97699e-10 	5.40048e-10 	5.86001e-10
0.01      0.01    0.01    0.01    0.01    1.89 	0.0709208 	0.00915025 	0.0395907 	5.93035e-13 	-1.62092e-13 	9.6219e-14 	1.52197e-13 	-1.84916e-14 	2.28814e-13 	2.56937e-12 	3.576e-11 	3.88028e-11 	4.97699e-10 	5.40048e-10 	5.86001e-10
0.01      0.01    0.01    0.01    0.01    1.98 	0.0594773 	0.0326848 	0.0574402 	5.03739e-13 	-1.48588e-13 	2.33285e-14 	1.35014e-13 	-3.86098e-15 	2.28091e-13 	1.02621e-09 	-1.9588e-09 	-5.99481e-10 	3.73888e-09 	1.14427e-09 	3.50199e-10
0.01      0.01    0.01    0.01    0.01    2.07 	0.0594773 	0.0326848 	0.0574402 	5.03739e-13 	-1.48588e-13 	2.33285e-14 	1.35014e-13 	-3.86098e-15 	2.28091e-13 	1.02621e-09 	-1.9588e-09 	-5.99481e-10 	3.73888e-09 	1.14427e-09 	3.50199e-10
0.01      0.01    0.01    0.01    0.01    2.16 	0.0588546 	-0.0143062 	-0.00741563 	3.80861e-13 	-1.36385e-13 	-1.88078e-16 	1.47017e-13 	4.15111e-14 	2.522e-13 	3.92013e-10 	8.22252e-11 	1.06541e-09 	1.72468e-11 	2.23471e-10 	2.89555e-09
0.01      0.01    0.01    0.01    0.01    2.25 	0.0588546 	-0.0143062 	-0.00741563 	3.80861e-13 	-1.36385e-13 	-1.88078e-16 	1.47017e-13 	4.15111e-14 	2.522e-13 	3.92013e-10 	8.22252e-11 	1.06541e-09 	1.72468e-11 	2.23471e-10 	2.89555e-09
0.01      0.01    0.01    0.01    0.01    2.34 	0.0588546 	-0.0143062 	-0.00741563 	3.80861e-13 	-1.36385e-13 	-1.88078e-16 	1.47017e-13 	4.15111e-14 	2.522e-13 	3.92013e-10 	8.22252e-11 	1.06541e-09 	1.72468e-11 	2.23471e-10 	2.89555e-09
0.01      0.01    0.01    0.01    0.01    2.43 	0.0822668 	-0.0579328 	-0.0267075 	3.54676e-13 	-1.49195e-13 	1.01377e-14 	1.92995e-13 	-1.50918e-14 	1.97901e-13 	4.0322e-09 	-2.49631e-09 	1.16234e-10 	1.54545e-09 	-7.19598e-11 	3.35063e-12
0.01      0.01    0.01    0.01    0.01    2.52 	0.0822668 	-0.0579328 	-0.0267075 	3.54676e-13 	-1.49195e-13 	1.01377e-14 	1.92995e-13 	-1.50918e-14 	1.97901e-13 	4.0322e-09 	-2.49631e-09 	1.16234e-10 	1.54545e-09 	-7.19598e-11 	3.35063e-12
0.01      0.01    0.01    0.01    0.01    2.61 	0.0951606 	0.0170446 	-0.0489033 	8.37755e-13 	-2.89017e-13 	5.85621e-14 	2.58863e-13 	2.23564e-14 	2.76062e-13 	1.22761e-08 	-1.0124e-08 	6.14971e-09 	8.34914e-09 	-5.0716e-09 	3.08069e-09
0.01      0.01    0.01    0.01    0.01    2.7 	0.0951606 	0.0170446 	-0.0489033 	8.37755e-13 	-2.89017e-13 	5.85621e-14 	2.58863e-13 	2.23564e-14 	2.76062e-13 	1.22761e-08 	-1.0124e-08 	6.14971e-09 	8.34914e-09 	-5.0716e-09 	3.08069e-09
0.01      0.01    0.01    0.01    0.01    2.79 	0.130905 	-0.0480341 	-0.00138816 	1.10794e-12 	-2.68511e-13 	1.2993e-13 	2.74558e-13 	-1.68835e-14 	2.52706e-13 	2.24991e-09 	1.09067e-09 	2.85126e-09 	5.28717e-10 	1.38218e-09 	3.61333e-09
0.01      0.01    0.01    0.01    0.01    2.88 	0.130905 	-0.0480341 	-0.00138816 	1.10794e-12 	-2.68511e-13 	1.2993e-13 	2.74558e-13 	-1.68835e-14 	2.52706e-13 	2.24991e-09 	1.09067e-09 	2.85126e-09 	5.28717e-10 	1.38218e-09 	3.61333e-09
0.01      0.01    0.01    0.01    0.01    2.97 	0.0873316 	0.0113082 	0.0215601 	6.83475e-13 	-1.61598e-13 	-2.97552e-14 	2.12248e-13 	5.14865e-14 	2.14938e-13 	2.02625e-12 	-2.39948e-11 	5.93501e-11 	2.84145e-10 	-7.02822e-10 	1.7384e-09
0.01      0.01    0.01    0.01    0.01    3.06 	0.0873316 	0.0113082 	0.0215601 	6.83475e-13 	-1.61598e-13 	-2.97552e-14 	2.12248e-13 	5.14865e-14 	2.14938e-13 	2.02625e-12 	-2.39948e-11 	5.93501e-11 	2.84145e-10 	-7.02822e-10 	1.7384e-09
0.01      0.01    0.01    0.01    0.01    3.15 	0.0999944 	-0.0666893 	0.0345472 	5.05721e-13 	-1.62975e-13 	-2.47224e-14 	2.1942e-13 	3.37267e-14 	2.0377e-13 	8.76198e-10 	3.8836e-10 	-1.51481e-09 	1.72134e-10 	-6.71416e-10 	2.61889e-09
0.01      0.01    0.01    0.01    0.01    3.24 	0.0999944 	-0.0666893 	0.0345472 	5.05721e-13 	-1.62975e-13 	-2.47224e-14 	2.1942e-13 	3.37267e-14 	2.0377e-13 	8.76198e-10 	3.8836e-10 	-1.51481e-09 	1.72134e-10 	-6.71416e-10 	2.61889e-09
0.01      0.01    0.01    0.01    0.01    3.33 	0.152167 	-0.0447885 	0.0665592 	5.15896e-13 	-1.4367e-13 	5.98737e-14 	1.61362e-13 	-1.01225e-14 	2.19576e-13 	2.91053e-09 	-2.33649e-10 	-9.89252e-10 	1.87567e-11 	7.94143e-11 	3.36234e-10
0.01      0.01    0.01    0.01    0.01    3.42 	0.152167 	-0.0447885 	0.0665592 	5.15896e-13 	-1.4367e-13 	5.98737e-14 	1.61362e-13 	-1.01225e-14 	2.19576e-13 	2.91053e-09 	-2.33649e-10 	-9.89252e-10 	1.87567e-11 	7.94143e-11 	3.36234e-10
0.01      0.01    0.01    0.01    0.01    3.51 	0.152167 	-0.0447885 	0.0665592 	5.15896e-13 	-1.4367e-13 	5.98737e-14 	1.61362e-13 	-1.01225e-14 	2.19576e-13 	2.91053e-09 	-2.33649e-10 	-9.89252e-10 	1.87567e-11 	7.94143e-11 	3.36234e-10
0.01      0.01    0.01    0.01    0.01    3.6 	0.0931677 	-0.00163584 	0.0278181 	4.58971e-13 	-1.61525e-13 	1.65873e-14 	1.36938e-13 	-2.16297e-14 	1.96276e-13 	2.26482e-10 	-6.39489e-10 	-8.49983e-10 	1.80564e-09 	2.39999e-09 	3.18997e-09
0.01      0.01    0.01    0.01    0.01    3.69 	0.0931677 	-0.00163584 	0.0278181 	4.58971e-13 	-1.61525e-13 	1.65873e-14 	1.36938e-13 	-2.16297e-14 	1.96276e-13 	2.26482e-10 	-6.39489e-10 	-8.49983e-10 	1.80564e-09 	2.39999e-09 	3.18997e-09
0.01      0.01    0.01    0.01    0.01    3.78 	0.119412 	-0.025548 	-0.00518613 	6.71018e-13 	-2.19577e-13 	7.46803e-14 	2.36621e-13 	-4.21508e-14 	1.91873e-13 	7.92209e-10 	1.49372e-10 	-1.60035e-09 	2.81643e-11 	-3.01749e-10 	3.2329e-09
0.01      0.01    0.01    0.01    0.01    3.87 	0.119412 	-0.025548 	-0.00518613 	6.71018e-13 	-2.19577e-13 	7.46803e-14 	2.36621e-13 	-4.21508e-14 	1.91873e-13 	7.92209e-10 	1.49372e-10 	-1.60035e-09 	2.81643e-11 	-3.01749e-10 	3.2329e-09
0.01      0.01    0.01    0.01    0.01    3.96 	0.0788188 	0.0225042 	0.0327237 	5.51338e-13 	-1.72516e-13 	1.50566e-14 	1.7945e-13 	6.42601e-15 	2.34736e-13 	1.47273e-09 	-1.12465e-10 	-2.17998e-09 	8.58839e-12 	1.66474e-10 	3.22687e-09
0.01      0.01    0.01    0.01    0.01    4.05 	0.0788188 	0.0225042 	0.0327237 	5.51338e-13 	-1.72516e-13 	1.50566e-14 	1.7945e-13 	6.42601e-15 	2.34736e-13 	1.47273e-09 	-1.12465e-10 	-2.17998e-09 	8.58839e-12 	1.66474e-10 	3.22687e-09
0.01      0.01    0.01    0.01    0.01    4.14 	0.133742 	-0.0222207 	0.00897388 	8.25002e-13 	-2.44945e-13 	1.6201e-13 	1.88534e-13 	-9.5292e-15 	2.57929e-13 	1.06731e-08 	-3.57967e-09 	-1.62261e-08 	1.20059e-09 	5.44209e-09 	2.46682e-08
0.01      0.01    0.01    0.01    0.01    4.23 	0.133742 	-0.0222207 	0.00897388 	8.25002e-13 	-2.44945e-13 	1.6201e-13 	1.88534e-13 	-9.5292e-15 	2.57929e-13 	1.06731e-08 	-3.57967e-09 	-1.62261e-08 	1.20059e-09 	5.44209e-09 	2.46682e-08
0.01      0.01    0.01    0.01    0.01    4.32 	0.152427 	-0.0534466 	-0.0294052 	1.2156e-12 	-3.99762e-13 	6.15404e-14 	3.15309e-13 	3.13482e-15 	1.35967e-13 	1.18183e-08 	-4.68957e-09 	-8.74263e-10 	1.86085e-09 	3.46913e-10 	6.46739e-11
0.01      0.01    0.01    0.01    0.01    4.41 	0.152427 	-0.0534466 	-0.0294052 	1.2156e-12 	-3.99762e-13 	6.15404e-14 	3.15309e-13 	3.13482e-15 	1.35967e-13 	1.18183e-08 	-4.68957e-09 	-8.74263e-10 	1.86085e-09 	3.46913e-10 	6.46739e-11
0.01      0.01    0.01    0.01    0.01    4.5 	0.152427 	-0.0534466 	-0.0294052 	1.2156e-12 	-3.99762e-13 	6.15404e-14 	3.15309e-13 	3.13482e-15 	1.35967e-13 	1.18183e-08 	-4.68957e-09 	-8.74263e-10 	1.86085e-09 	3.46913e-10 	6.46739e-11
0.02      0.02    0.02    0.02    0.02    0 	0.129942 	-0.0582025 	0.0115887 	8.81219e-13 	-3.76384e-13 	1.81742e-13 	2.6432e-13 	-3.99384e-14 	1.70751e-13 	1.5171e-07 	1.5716e-08 	5.03169e-08 	1.62809e-09 	5.21256e-09 	1.66888e-08
0.02      0.02    0.02    0.02    0.02    0.09 	0.129942 	-0.0582025 	0.0115887 	8.81219e-13 	-3.76384e-13 	1.81742e-13 	2.6432e-13 	-3.99384e-14 	1.70751e-13 	1.5171e-07 	1.5716e-08 	5.03169e-08 	1.62809e-09 	5.21256e-09 	1.66888e-08
0.02      0.02    0.02    0.02    0.02    0.18 	0.129942 	-0.0582025 	0.0115887 	8.81219e-13 	-3.76384e-13 	1.81742e-13 	2.6432e-13 	-3.99384e-14 	1.70751e-13 	1.5171e-07 	1.5716e-08 	5.03169e-08 	1.62809e-09 	5.21256e-09 	1.66888e-08
0.02      0.02    0.02    0.02    0.02    0.27 	0.162566 	-0.048609 	-0.0472352 	6.9661e-13 	-3.19755e-13 	-6.63679e-14 	2.35007e-13 	-4.74378e-15 	1.64259e-13 	1.57382e-08 	2.28507e-09 	1.47768e-09 	3.32328e-10 	2.13256e-10 	1.4185e-10
0.02      0.02    0.02    0.02    0.02    0.36 	0.162566 	-0.048609 	-0.0472352 	6.9661e-13 	-3.19755e-13 	-6.63679e-14 	2.35007e-13 	-4.74378e-15 	1.64259e-13 	1.57382e-08 	2.28507e-09 	1.47768e-09 	3.32328e-10 	2.13256e-10 	1.4185e-10
0.02      0.02    0.02    0.02    0.02    0.45 	0.0530737 	-0.0193684 	-0.0076053 	4.98131e-13 	-2.1277e-13 	4.71594e-14 	2.36316e-13 	-2.5553e-14 	1.73167e-13 	1.24611e-08 	7.35212e-09 	5.49218e-09 	4.33992e-09 	3.24259e-09 	2.42301e-09
0.02      0.02    0.02    0.02    0.02    0.54 	0.0530737 	-0.0193684 	-0.0076053 	4.98131e-13 	-2.1277e-13 	4.71594e-14 	2.36316e-13 	-2.5553e-14 	1.73167e-13 	1.24611e-08 	7.35212e-09 	5.49218e-09 	4.33992e-09 	3.24259e-09 	2.42301e-09
0.02      0.02    0.02    0.02    0.02    0.63 	0.0975233 	-0.0269262 	-0.0326157 	7.03082e-13 	-3.8329e-13 	9.34349e-14 	3.15e-13 	-4.36109e-14 	2.10356e-13 	5.71871e-08 	1.01937e-08 	9.82842e-09 	1.81828e-09 	1.75107e-09 	1.69328e-09
0.02      0.02    0.02    0.02    0.02    0.72 	0.0975233 	-0.0269262 	-0.0326157 	7.03082e-13 	-3.8329e-13 	9.34349e-14 	3.15e-13 	-4.36109e-14 	2.10356e-13 	5.71871e-08 	1.01937e-08 	9.82842e-09 	1.81828e-09 	1.75107e-09 	1.69328e-09
0.02      0.02    0.02    0.02    0.02    0.81 	0.0774245 	-0.00626172 	0.0019744 	1.10539e-12 	-5.79279e-13 	-1.71563e-13 	4.69563e-13 	4.39029e-14 	1.38216e-13 	9.689e-08 	-1.77424e-08 	1.34737e-08 	3.25065e-09 	-2.46856e-09 	1.87464e-09
0.02      0.02    0.02    0.02    0.02    0.9 	0.0774245 	-0.00626172 	0.0019744 	1.10539e-12 	-5.79279e-13 	-1.71563e-13 	4.69563e-13 	4.39029e-14 	1.38216e-13 	9.689e-08 	-1.77424e-08 	1.34737e-08 	3.25065e-09 	-2.46856e-09 	1.87464e-09
0.02      0.02    0.02    0.02    0.02    0.99 	0.114651 	0.0139017 	0.0176083 	1.33302e-12 	-5.46784e-13 	-1.81385e-13 	3.01517e-13 	-8.66505e-15 	1.59255e-13 	4.28948e-08 	2.2069e-08 	-1.75168e-08 	1.136e-08 	-9.0171e-09 	7.15997e-09
0.02      0.02    0.02    0.02    0.02    1.08 	0.114651 	0.0139017 	0.0176083 	1.33302e-12 	-5.46784e-13 	-1.81385e-13 	3.01517e-13 	-8.66505e-15 	1.59255e-13 	4.28948e-08 	2.2069e-08 	-1.75168e-08 	1.136e-08 	-9.0171e-09 	7.15997e-09
0.02      0.02    0.02    0.02    0.02    1.17 	0.114651 	0.0139017 	0.0176083 	1.33302e-12 	-5.46784e-13 	-1.81385e-13 	3.01517e-13 	-8.66505e-15 	1.59255e-13 	4.28948e-08 	2.2069e-08 	-1.75168e-08 	1.136e-08 	-9.0171e-09 	7.15997e-09
0.02      0.02    0.02    0.02    0.02    1.26 	0.0171101 	0.0479032 	0.027681 	6.17274e-13 	-1.22622e-13 	6.67446e-14 	1.55053e-13 	6.33542e-15 	2.11212e-13 	3.93033e-09 	-1.88113e-09 	-1.01795e-09 	9.06522e-10 	4.84996e-10 	2.64508e-10
0.02      0.02    0.02    0.02    0.02    1.35 	0.0171101 	0.0479032 	0.027681 	6.17274e-13 	-1.22622e-13 	6.67446e-14 	1.55053e-13 	6.33542e-15 	2.11212e-13 	3.93033e-09 	-1.88113e-09 	-1.01795e-09 	9.06522e-10 	4.84996e-10 	2.64508e-10
0.02      0.02    0.02    0.02    0.02    1.44 	0.0633552 	0.0338687 	-0.0149335 	8.15489e-13 	-3.12127e-13 	5.47468e-14 	2.92643e-13 	-1.86028e-14 	1.70148e-13 	6.31176e-09 	-8.12188e-10 	-2.41215e-09 	1.06882e-10 	3.09248e-10 	9.22395e-10
0.02      0.02    0.02    0.02    0.02    1.53 	0.0633552 	0.0338687 	-0.0149335 	8.15489e-13 	-3.12127e-13 	5.47468e-14 	2.92643e-13 	-1.86028e-14 	1.70148e-13 	6.31176e-09 	-8.12188e-10 	-2.41215e-09 	1.06882e-10 	3.09248e-10 	9.22395e-10
0.02      0.02    0.02    0.02    0.02    1.62 	0.0671473 	0.0357751 	0.0522631 	8.27429e-13 	-2.64594e-13 	-1.44768e-13 	2.29791e-13 	3.54064e-14 	2.21937e-13 	2.91302e-08 	7.61775e-09 	-2.27914e-08 	1.99335e-09 	-5.96054e-09 	1.78342e-08
0.02      0.02    0.02    0.02    0.02    1.71 	0.0671473 	0.0357751 	0.0522631 	8.27429e-13 	-2.64594e-13 	-1.44768e-13 	2.29791e-13 	3.54064e-14 	2.21937e-13 	2.91302e-08 	7.61775e-09 	-2.27914e-08 	1.99335e-09 	-5.96054e-09 	1.78342e-08
0.02      0.02    0.02    0.02    0.02    1.8 	0.0709429 	0.00924286 	0.0396774 	5.937e-13 	-1.6229e-13 	9.57889e-14 	1.52365e-13 	-1.83754e-14 	2.28728e-13 	9.56184e-11 	4.8514e-10 	4.71534e-10 	2.62503e-09 	2.57737e-09 	2.53454e-09
0.02      0.02    0.02    0.02    0.02    1.89 	0.0709429 	0.00924286 	0.0396774 	5.937e-13 	-1.6229e-13 	9.57889e-14 	1.52365e-13 	-1.83754e-14 	2.28728e-13 	9.56184e-11 	4.8514e-10 	4.71534e-10 	2.62503e-09 	2.57737e-09 	2.53454e-09
0.02      0.02    0.02    0.02    0.02    1.98 	0.0593494 	0.0329481 	0.0575147 	5.04001e-13 	-1.48652e-13 	2.33153e-14 	1.35018e-13 	-3.87683e-15 	2.28129e-13 	5.1201e-09 	-1.03045e-08 	-2.99016e-09 	2.0746e-08 	6.01772e-09 	1.74627e-09
0.02      0.02    0.02    0.02    0.02    2.07 	0.0593494 	0.0329481 	0.0575147 	5.04001e-13 	-1.48652e-13 	2.33153e-14 	1.35018e-13 	-3.87683e-15 	2.28129e-13 	5.1201e-09 	-1.03045e-08 	-2.99016e-09 	2.0746e-08 	6.01772e-09 	1.74627e-09
0.02      0.02    0.02    0.02    0.02    2.16 	0.0589485 	-0.0142715 	-0.00719827 	3.81199e-13 	-1.36282e-13 	8.08056e-17 	1.46891e-13 	4.14611e-14 	2.52221e-13 	2.51127e-09 	8.18353e-10 	6.05373e-09 	2.70706e-10 	1.96507e-09 	1.46133e-08
0.02      0.02    0.02    0.02    0.02    2.25 	0.0589485 	-0.0142715 	-0.00719827 	3.81199e-13 	-1.36282e-13 	8.08056e-17 	1.46891e-13 	4.14611e-14 	2.52221e-13 	2.51127e-09 	8.18353e-10 	6.05373e-09 	2.70706e-10 	1.96507e-09 	1.46133e-08
0.02      0.02    0.02    0.02    0.02    2.34 	0.0589485 	-0.0142715 	-0.00719827 	3.81199e-13 	-1.36282e-13 	8.08056e-17 	1.46891e-13 	4.14611e-14 	2.52221e-13 	2.51127e-09 	8.18353e-10 	6.05373e-09 	2.70706e-10 	1.96507e-09 	1.46133e-08
0.02      0.02    0.02    0.02    0.02    2.43 	0.0820119 	-0.0577471 	-0.0267205 	3.54576e-13 	-1.49026e-13 	1.01701e-14 	1.92833e-13 	-1.50661e-14 	1.98013e-13 	2.02843e-08 	-1.40728e-08 	8.94859e-10 	9.78072e-09 	-6.24428e-10 	4.02251e-11
0.02      0.02    0.02    0.02    0.02    2.52 	0.0820119 	-0.0577471 	-0.0267205 	3.54576e-13 	-1.49026e-13 	1.01701e-14 	1.92833e-13 	-1.50661e-14 	1.98013e-13 	2.02843e-08 	-1.40728e-08 	8.94859e-10 	9.78072e-09 	-6.24428e-10 	4.02251e-11
0.02      0.02    0.02    0.02    0.02    2.61 	0.0956081 	0.0166689 	-0.0486817 	8.38928e-13 	-2.89683e-13 	5.86397e-14 	2.59301e-13 	2.24138e-14 	2.76196e-13 	6.22386e-08 	-5.20116e-08 	3.0941e-08 	4.3466e-08 	-2.58566e-08 	1.5382e-08
0.02      0.02    0.02    0.02    0.02    2.7 	0.0956081 	0.0166689 	-0.0486817 	8.38928e-13 	-2.89683e-13 	5.86397e-14 	2.59301e-13 	2.24138e-14 	2.76196e-13 	6.22386e-08 	-5.20116e-08 	3.0941e-08 	4.3466e-08 	-2.58566e-08 	1.5382e-08
0.02      0.02    0.02    0.02    0.02    2.79 	0.131106 	-0.0479392 	-0.001156 	1.1084e-12 	-2.68303e-13 	1.29789e-13 	2.74394e-13 	-1.6811e-14 	2.52622e-13 	1.21173e-08 	5.7766e-09 	1.44355e-08 	2.75427e-09 	6.88423e-09 	1.7213e-08
0.02      0.02    0.02    0.02    0.02    2.88 	0.131106 	-0.0479392 	-0.001156 	1.1084e-12 	-2.68303e-13 	1.29789e-13 	2.74394e-13 	-1.6811e-14 	2.52622e-13 	1.21173e-08 	5.7766e-09 	1.44355e-08 	2.75427e-09 	6.88423e-09 	1.7213e-08
0.02      0.02    0.02    0.02    0.02    2.97 	0.0873271 	0.0113733 	0.0213857 	6.83552e-13 	-1.61532e-13 	-3.00346e-14 	2.12158e-13 	5.15779e-14 	2.15109e-13 	8.81784e-12 	-1.06004e-10 	2.77746e-10 	1.34355e-09 	-3.52014e-09 	9.22628e-09
0.02      0.02    0.02    0.02    0.02    3.06 	0.0873271 	0.0113733 	0.0213857 	6.83552e-13 	-1.61532e-13 	-3.00346e-14 	2.12158e-13 	5.15779e-14 	2.15109e-13 	8.81784e-12 	-1.06004e-10 	2.77746e-10 	1.34355e-09 	-3.52014e-09 	9.22628e-09
0.02      0.02    0.02    0.02    0.02    3.15 	0.100112 	-0.0666222 	0.0343426 	5.06224e-13 	-1.63016e-13 	-2.50938e-14 	2.19591e-13 	3.38857e-14 	2.03697e-13 	4.37452e-09 	2.28614e-09 	-7.57186e-09 	1.20594e-09 	-3.96116e-09 	1.31081e-08
0.02      0.02    0.02    0.02    0.02    3.24 	0.100112 	-0.0666222 	0.0343426 	5.06224e-13 	-1.63016e-13 	-2.50938e-14 	2.19591e-13 	3.38857e-14 	2.03697e-13 	4.37452e-09 	2.28614e-09 	-7.57186e-09 	1.20594e-09 	-3.96116e-09 	1.31081e-08
0.02      0.02    0.02    0.02    0.02    3.33 	0.152377 	-0.0448043 	0.0664911 	5.16019e-13 	-1.43432e-13 	5.93247e-14 	1.61282e-13 	-9.89841e-15 	2.1956e-13 	1.40827e-08 	-1.09623e-09 	-4.64806e-09 	8.5766e-11 	3.62451e-10 	1.53511e-09
0.02      0.02    0.02    0.02    0.02    3.42 	0.152377 	-0.0448043 	0.0664911 	5.16019e-13 	-1.43432e-13 	5.93247e-14 	1.61282e-13 	-9.89841e-15 	2.1956e-13 	1.40827e-08 	-1.09623e-09 	-4.64806e-09 	8.5766e-11 	3.62451e-10 	1.53511e-09
0.02      0.02    0.02    0.02    0.02    3.51 	0.152377 	-0.0448043 	0.0664911 	5.16019e-13 	-1.43432e-13 	5.93247e-14 	1.61282e-13 	-9.89841e-15 	2.1956e-13 	1.40827e-08 	-1.09623e-09 	-4.64806e-09 	8.5766e-11 	3.62451e-10 	1.53511e-09
0.02      0.02    0.02    0.02    0.02    3.6 	0.0931345 	-0.00146923 	0.0280561 	4.58113e-13 	-1.61298e-13 	1.65904e-14 	1.36911e-13 	-2.17093e-14 	1.96486e-13 	5.52137e-10 	-2.18382e-09 	-3.03716e-09 	8.84557e-09 	1.23394e-08 	1.72208e-08
0.02      0.02    0.02    0.02    0.02    3.69 	0.0931345 	-0.00146923 	0.0280561 	4.58113e-13 	-1.61298e-13 	1.65904e-14 	1.36911e-13 	-2.17093e-14 	1.96486e-13 	5.52137e-10 	-2.18382e-09 	-3.03716e-09 	8.84557e-09 	1.23394e-08 	1.72208e-08
0.02      0.02    0.02    0.02    0.02    3.78 	0.119288 	-0.025562 	-0.00495477 	6.71051e-13 	-2.19572e-13 	7.46371e-14 	2.36676e-13 	-4.21876e-14 	1.91941e-13 	4.53563e-09 	6.20028e-10 	-8.6796e-09 	8.77873e-11 	-1.19297e-09 	1.66235e-08
0.02      0.02    0.02    0.02    0.02    3.87 	0.119288 	-0.025562 	-0.00495477 	6.71051e-13 	-2.19572e-13 	7.46371e-14 	2.36676e-13 	-4.21876e-14 	1.91941e-13 	4.53563e-09 	6.20028e-10 	-8.6796e-09 	8.77873e-11 	-1.19297e-09 	1.66235e-08
0.02      0.02    0.02    0.02    0.02    3.96 	0.0789781 	0.0225194 	0.0324873 	5.51833e-13 	-1.72765e-13 	1.49272e-14 	1.7971e-13 	6.4815e-15 	2.34721e-13 	7.76641e-09 	3.14769e-10 	-1.15239e-08 	3.17612e-11 	-4.6656e-10 	1.70993e-08
0.02      0.02    0.02    0.02    0.02    4.05 	0.0789781 	0.0225194 	0.0324873 	5.51833e-13 	-1.72765e-13 	1.49272e-14 	1.7971e-13 	6.4815e-15 	2.34721e-13 	7.76641e-09 	3.14769e-10 	-1.15239e-08 	3.17612e-11 	-4.6656e-10 	1.70993e-08
0.02      0.02    0.02    0.02    0.02    4.14 	0.133299 	-0.0220688 	0.00959816 	8.24191e-13 	-2.44625e-13 	1.6248e-13 	1.88465e-13 	-9.52908e-15 	2.57901e-13 	5.88119e-08 	-2.00206e-08 	-8.48357e-08 	6.81602e-09 	2.88755e-08 	1.22415e-07
0.02      0.02    0.02    0.02    0.02    4.23 	0.133299 	-0.0220688 	0.00959816 	8.24191e-13 	-2.44625e-13 	1.6248e-13 	1.88465e-13 	-9.52908e-15 	2.57901e-13 	5.88119e-08 	-2.00206e-08 	-8.48357e-08 	6.81602e-09 	2.88755e-08 	1.22415e-07
0.02      0.02    0.02    0.02    0.02    4.32 	0.151985 	-0.0532732 	-0.0293661 	1.21212e-12 	-3.9765e-13 	6.11411e-14 	3.14211e-13 	3.34961e-15 	1.35888e-13 	6.07353e-08 	-2.38644e-08 	-5.10047e-09 	9.37718e-09 	2.00402e-09 	4.2915e-10
0.02      0.02    0.02    0.02    0.02    4.41 	0.151985 	-0.0532732 	-0.0293661 	1.21212e-12 	-3.9765e-13 	6.11411e-14 	3.14211e-13 	3.34961e-15 	1.35888e-13 	6.07353e-08 	-2.38644e-08 	-5.10047e-09 	9.37718e-09 	2.00402e-09 	4.2915e-10
0.02      0.02    0.02    0.02    0.02    4.5 	0.151985 	-0.0532732 	-0.0293661 	1.21212e-12 	-3.9765e-13 	6.11411e-14 	3.14211e-13 	3.34961e-15 	1.35888e-13 	6.07353e-08 	-2.38644e-08 	-5.10047e-09 	9.37718e-09 	2.00402e-09 	4.2915e-10
0.03      0.03    0.03    0.03    0.03    0 	0.12932 	-0.0582645 	0.0113863 	8.78598e-13 	-3.75016e-13 	1.814e-13 	2.63595e-13 	-3.97664e-14 	1.70627e-13 	3.27587e-07 	3.35579e-08 	1.08066e-07 	3.43799e-09 	1.10708e-08 	3.56507e-08
0.03      0.03    0.03    0.03    0.03    0.09 	0.12932 	-0.0582645 	0.0113863 	8.78598e-13 	-3.75016e-13 	1.814e-13 	2.63595e-13 	-3.97664e-14 	1.70627e-13 	3.27587e-07 	3.35579e-08 	1.08066e-07 	3.43799e-09 	1.10708e-08 	3.56507e-08
0.03      0.03    0.03    0.03    0.03    0.18 	0.12932 	-0.0582645 	0.0113863 	8.78598e-13 	-3.75016e-13 	1.814e-13 	2.63595e-13 	-3.97664e-14 	1.70627e-13 	3.27587e-07 	3.35579e-08 	1.08066e-07 	3.43799e-09 	1.10708e-08 	3.56507e-08
0.03      0.03    0.03    0.03    0.03    0.27 	0.162342 	-0.0486334 	-0.0472667 	6.9566e-13 	-3.18913e-13 	-6.55212e-14 	2.34639e-13 	-4.90877e-15 	1.64233e-13 	3.71028e-08 	4.85821e-09 	4.23368e-09 	6.40001e-10 	5.48687e-10 	4.91801e-10
0.03      0.03    0.03    0.03    0.03    0.36 	0.162342 	-0.0486334 	-0.0472667 	6.9566e-13 	-3.18913e-13 	-6.55212e-14 	2.34639e-13 	-4.90877e-15 	1.64233e-13 	3.71028e-08 	4.85821e-09 	4.23368e-09 	6.40001e-10 	5.48687e-10 	4.91801e-10
0.03      0.03    0.03    0.03    0.03    0.45 	0.0529015 	-0.019474 	-0.00769185 	4.98253e-13 	-2.12912e-13 	4.71455e-14 	2.36499e-13 	-2.55282e-14 	1.73101e-13 	2.60775e-08 	1.56591e-08 	1.21028e-08 	9.40579e-09 	7.27215e-09 	5.62609e-09
0.03      0.03    0.03    0.03    0.03    0.54 	0.0529015 	-0.019474 	-0.00769185 	4.98253e-13 	-2.12912e-13 	4.71455e-14 	2.36499e-13 	-2.55282e-14 	1.73101e-13 	2.60775e-08 	1.56591e-08 	1.21028e-08 	9.40579e-09 	7.27215e-09 	5.62609e-09
0.03      0.03    0.03    0.03    0.03    0.63 	0.0971461 	-0.027019 	-0.0326533 	7.02423e-13 	-3.8312e-13 	9.37211e-14 	3.15025e-13 	-4.36881e-14 	2.10396e-13 	1.22236e-07 	2.44919e-08 	1.79129e-08 	4.94423e-09 	3.54901e-09 	2.67144e-09
0.03      0.03    0.03    0.03    0.03    0.72 	0.0971461 	-0.027019 	-0.0326533 	7.02423e-13 	-3.8312e-13 	9.37211e-14 	3.15025e-13 	-4.36881e-14 	2.10396e-13 	1.22236e-07 	2.44919e-08 	1.79129e-08 	4.94423e-09 	3.54901e-09 	2.67144e-09
0.03      0.03    0.03    0.03    0.03    0.81 	0.0779 	-0.00635371 	0.00204297 	1.10444e-12 	-5.78567e-13 	-1.72328e-13 	4.69278e-13 	4.41032e-14 	1.38341e-13 	2.03285e-07 	-3.81204e-08 	2.87639e-08 	7.15141e-09 	-5.39574e-09 	4.07117e-09
0.03      0.03    0.03    0.03    0.03    0.9 	0.0779 	-0.00635371 	0.00204297 	1.10444e-12 	-5.78567e-13 	-1.72328e-13 	4.69278e-13 	4.41032e-14 	1.38341e-13 	2.03285e-07 	-3.81204e-08 	2.87639e-08 	7.15141e-09 	-5.39574e-09 	4.07117e-09
0.03      0.03    0.03    0.03    0.03    0.99 	0.114301 	0.0137148 	0.0177174 	1.33313e-12 	-5.47447e-13 	-1.82406e-13 	3.01983e-13 	-8.38343e-15 	1.59051e-13 	9.72223e-08 	5.04022e-08 	-3.62186e-08 	2.61359e-08 	-1.87694e-08 	1.35608e-08
0.03      0.03    0.03    0.03    0.03    1.08 	0.114301 	0.0137148 	0.0177174 	1.33313e-12 	-5.47447e-13 	-1.82406e-13 	3.01983e-13 	-8.38343e-15 	1.59051e-13 	9.72223e-08 	5.04022e-08 	-3.62186e-08 	2.61359e-08 	-1.87694e-08 	1.35608e-08
0.03      0.03    0.03    0.03    0.03    1.17 	0.114301 	0.0137148 	0.0177174 	1.33313e-12 	-5.47447e-13 	-1.82406e-13 	3.01983e-13 	-8.38343e-15 	1.59051e-13 	9.72223e-08 	5.04022e-08 	-3.62186e-08 	2.61359e-08 	-1.87694e-08 	1.35608e-08
0.03      0.03    0.03    0.03    0.03    1.26 	0.0172191 	0.0478386 	0.0276634 	6.18673e-13 	-1.23469e-13 	6.63154e-14 	1.55118e-13 	6.30351e-15 	2.11101e-13 	8.90926e-09 	-4.71532e-09 	-1.9676e-09 	2.5099e-09 	1.03196e-09 	4.41463e-10
0.03      0.03    0.03    0.03    0.03    1.35 	0.0172191 	0.0478386 	0.0276634 	6.18673e-13 	-1.23469e-13 	6.63154e-14 	1.55118e-13 	6.30351e-15 	2.11101e-13 	8.90926e-09 	-4.71532e-09 	-1.9676e-09 	2.5099e-09 	1.03196e-09 	4.41463e-10
0.03      0.03    0.03    0.03    0.03    1.44 	0.0634661 	0.0338447 	-0.0149716 	8.15984e-13 	-3.12455e-13 	5.50777e-14 	2.92557e-13 	-1.86866e-14 	1.70207e-13 	1.25784e-08 	-2.00466e-09 	-4.63628e-09 	3.27818e-10 	7.35195e-10 	1.71054e-09
0.03      0.03    0.03    0.03    0.03    1.53 	0.0634661 	0.0338447 	-0.0149716 	8.15984e-13 	-3.12455e-13 	5.50777e-14 	2.92557e-13 	-1.86866e-14 	1.70207e-13 	1.25784e-08 	-2.00466e-09 	-4.63628e-09 	3.27818e-10 	7.35195e-10 	1.71054e-09
0.03      0.03    0.03    0.03    0.03    1.62 	0.0674128 	0.0358429 	0.0520175 	8.28669e-13 	-2.65168e-13 	-1.4562e-13 	2.30119e-13 	3.55228e-14 	2.22139e-13 	6.17593e-08 	1.61419e-08 	-5.11901e-08 	4.22004e-09 	-1.33776e-08 	4.25126e-08
0.03      0.03    0.03    0.03    0.03    1.71 	0.0674128 	0.0358429 	0.0520175 	8.28669e-13 	-2.65168e-13 	-1.4562e-13 	2.30119e-13 	3.55228e-14 	2.22139e-13 	6.17593e-08 	1.61419e-08 	-5.11901e-08 	4.22004e-09 	-1.33776e-08 	4.25126e-08
0.03      0.03    0.03    0.03    0.03    1.8 	0.0709796 	0.00932928 	0.0397566 	5.9436e-13 	-1.62486e-13 	9.53594e-14 	1.52534e-13 	-1.82595e-14 	2.28644e-13 	4.8738e-10 	1.64489e-09 	1.55014e-09 	5.90743e-09 	5.6067e-09 	5.3266e-09
0.03      0.03    0.03    0.03    0.03    1.89 	0.0709796 	0.00932928 	0.0397566 	5.9436e-13 	-1.62486e-13 	9.53594e-14 	1.52534e-13 	-1.82595e-14 	2.28644e-13 	4.8738e-10 	1.64489e-09 	1.55014e-09 	5.90743e-09 	5.6067e-09 	5.3266e-09
0.03      0.03    0.03    0.03    0.03    1.98 	0.0592238 	0.0332046 	0.057588 	5.04269e-13 	-1.48717e-13 	2.33e-14 	1.35028e-13 	-3.8919e-15 	2.28169e-13 	1.17759e-08 	-2.39433e-08 	-6.86447e-09 	4.86899e-08 	1.39569e-08 	4.00149e-09
0.03      0.03    0.03    0.03    0.03    2.07 	0.0592238 	0.0332046 	0.057588 	5.04269e-13 	-1.48717e-13 	2.33e-14 	1.35028e-13 	-3.8919e-15 	2.28169e-13 	1.17759e-08 	-2.39433e-08 	-6.86447e-09 	4.86899e-08 	1.39569e-08 	4.00149e-09
0.03      0.03    0.03    0.03    0.03    2.16 	0.059031 	-0.0142329 	-0.00695676 	3.81543e-13 	-1.3618e-13 	3.46481e-16 	1.4677e-13 	4.14114e-14 	2.52244e-13 	5.6395e-09 	2.15827e-09 	1.44537e-08 	8.37245e-10 	5.55282e-09 	3.71506e-08
0.03      0.03    0.03    0.03    0.03    2.25 	0.059031 	-0.0142329 	-0.00695676 	3.81543e-13 	-1.3618e-13 	3.46481e-16 	1.4677e-13 	4.14114e-14 	2.52244e-13 	5.6395e-09 	2.15827e-09 	1.44537e-08 	8.37245e-10 	5.55282e-09 	3.71506e-08
0.03      0.03    0.03    0.03    0.03    2.34 	0.059031 	-0.0142329 	-0.00695676 	3.81543e-13 	-1.3618e-13 	3.46481e-16 	1.4677e-13 	4.14114e-14 	2.52244e-13 	5.6395e-09 	2.15827e-09 	1.44537e-08 	8.37245e-10 	5.55282e-09 	3.71506e-08
0.03      0.03    0.03    0.03    0.03    2.43 	0.0817642 	-0.0575561 	-0.0267383 	3.54479e-13 	-1.48857e-13 	1.02022e-14 	1.92672e-13 	-1.50394e-14 	1.98127e-13 	4.63906e-08 	-3.37888e-08 	2.55903e-09 	2.4646e-08 	-1.87431e-09 	1.44389e-10
0.03      0.03    0.03    0.03    0.03    2.52 	0.0817642 	-0.0575561 	-0.0267383 	3.54479e-13 	-1.48857e-13 	1.02022e-14 	1.92672e-13 	-1.50394e-14 	1.98127e-13 	4.63906e-08 	-3.37888e-08 	2.55903e-09 	2.4646e-08 	-1.87431e-09 	1.44389e-10
0.03      0.03    0.03    0.03    0.03    2.61 	0.096048 	0.0163146 	-0.0484678 	8.40093e-13 	-2.90349e-13 	5.87158e-14 	2.59742e-13 	2.24709e-14 	2.76333e-13 	1.43904e-07 	-1.18793e-07 	7.09147e-08 	9.80736e-08 	-5.85436e-08 	3.49477e-08
0.03      0.03    0.03    0.03    0.03    2.7 	0.096048 	0.0163146 	-0.0484678 	8.40093e-13 	-2.90349e-13 	5.87158e-14 	2.59742e-13 	2.24709e-14 	2.76333e-13 	1.43904e-07 	-1.18793e-07 	7.09147e-08 	9.80736e-08 	-5.85436e-08 	3.49477e-08
0.03      0.03    0.03    0.03    0.03    2.79 	0.131341 	-0.0478399 	-0.000922023 	1.10883e-12 	-2.68089e-13 	1.29641e-13 	2.74241e-13 	-1.67381e-14 	2.52549e-13 	3.27019e-08 	1.48267e-08 	3.60715e-08 	6.72978e-09 	1.63827e-08 	3.98971e-08
0.03      0.03    0.03    0.03    0.03    2.88 	0.131341 	-0.0478399 	-0.000922023 	1.10883e-12 	-2.68089e-13 	1.29641e-13 	2.74241e-13 	-1.67381e-14 	2.52549e-13 	3.27019e-08 	1.48267e-08 	3.60715e-08 	6.72978e-09 	1.63827e-08 	3.98971e-08
0.03      0.03    0.03    0.03    0.03    2.97 	0.0873371 	0.0114487 	0.0212022 	6.83625e-13 	-1.61467e-13 	-3.0314e-14 	2.12068e-13 	5.16687e-14 	2.15279e-13 	1.23551e-11 	3.03392e-11 	-6.7664e-11 	3.48644e-09 	-8.90459e-09 	2.27536e-08
0.03      0.03    0.03    0.03    0.03    3.06 	0.0873371 	0.0114487 	0.0212022 	6.83625e-13 	-1.61467e-13 	-3.0314e-14 	2.12068e-13 	5.16687e-14 	2.15279e-13 	1.23551e-11 	3.03392e-11 	-6.7664e-11 	3.48644e-09 	-8.90459e-09 	2.27536e-08
0.03      0.03    0.03    0.03    0.03    3.15 	0.100207 	-0.0665201 	0.0341472 	5.06726e-13 	-1.63057e-13 	-2.54644e-14 	2.19761e-13 	3.40435e-14 	2.03625e-13 	8.8208e-09 	6.16029e-09 	-1.61319e-08 	4.47787e-09 	-1.13643e-08 	2.95581e-08
0.03      0.03    0.03    0.03    0.03    3.24 	0.100207 	-0.0665201 	0.0341472 	5.06726e-13 	-1.63057e-13 	-2.54644e-14 	2.19761e-13 	3.40435e-14 	2.03625e-13 	8.8208e-09 	6.16029e-09 	-1.61319e-08 	4.47787e-09 	-1.13643e-08 	2.95581e-08
0.03      0.03    0.03    0.03    0.03    3.33 	0.152584 	-0.0448053 	0.0664391 	5.16138e-13 	-1.43195e-13 	5.87765e-14 	1.61203e-13 	-9.67568e-15 	2.19542e-13 	3.21714e-08 	-1.64842e-09 	-9.66473e-09 	9.6688e-11 	5.08664e-10 	2.91834e-09
0.03      0.03    0.03    0.03    0.03    3.42 	0.152584 	-0.0448053 	0.0664391 	5.16138e-13 	-1.43195e-13 	5.87765e-14 	1.61203e-13 	-9.67568e-15 	2.19542e-13 	3.21714e-08 	-1.64842e-09 	-9.66473e-09 	9.6688e-11 	5.08664e-10 	2.91834e-09
0.03      0.03    0.03    0.03    0.03    3.51 	0.152584 	-0.0448053 	0.0664391 	5.16138e-13 	-1.43195e-13 	5.87765e-14 	1.61203e-13 	-9.67568e-15 	2.19542e-13 	3.21714e-08 	-1.64842e-09 	-9.66473e-09 	9.6688e-11 	5.08664e-10 	2.91834e-09
0.03      0.03    0.03    0.03    0.03    3.6 	0.0930951 	-0.00133092 	0.0282703 	4.57267e-13 	-1.61072e-13 	1.6593e-14 	1.36888e-13 	-2.17877e-14 	1.96698e-13 	1.11947e-09 	-4.47001e-09 	-6.47687e-09 	1.80257e-08 	2.61292e-08 	3.79106e-08
0.03      0.03    0.03    0.03    0.03    3.69 	0.0930951 	-0.00133092 	0.0282703 	4.57267e-13 	-1.61072e-13 	1.6593e-14 	1.36888e-13 	-2.17877e-14 	1.96698e-13 	1.11947e-09 	-4.47001e-09 	-6.47687e-09 	1.80257e-08 	2.61292e-08 	3.79106e-08
0.03      0.03    0.03    0.03    0.03    3.78 	0.119153 	-0.0255581 	-0.00474887 	6.71095e-13 	-2.19569e-13 	7.45931e-14 	2.36735e-13 	-4.22232e-14 	1.92014e-13 	1.16767e-08 	7.7504e-10 	-2.04359e-08 	7.77183e-11 	-1.41765e-09 	3.59085e-08
0.03      0.03    0.03    0.03    0.03    3.87 	0.119153 	-0.0255581 	-0.00474887 	6.71095e-13 	-2.19569e-13 	7.45931e-14 	2.36735e-13 	-4.22232e-14 	1.92014e-13 	1.16767e-08 	7.7504e-10 	-2.04359e-08 	7.77183e-11 	-1.41765e-09 	3.59085e-08
0.03      0.03    0.03    0.03    0.03    3.96 	0.0791327 	0.0225589 	0.0322689 	5.52332e-13 	-1.73015e-13 	1.48039e-14 	1.79971e-13 	6.53598e-15 	2.34707e-13 	1.79348e-08 	2.31205e-09 	-2.61703e-08 	3.74899e-10 	-3.35396e-09 	3.81937e-08
0.03      0.03    0.03    0.03    0.03    4.05 	0.0791327 	0.0225589 	0.0322689 	5.52332e-13 	-1.73015e-13 	1.48039e-14 	1.79971e-13 	6.53598e-15 	2.34707e-13 	1.79348e-08 	2.31205e-09 	-2.61703e-08 	3.74899e-10 	-3.35396e-09 	3.81937e-08
0.03      0.03    0.03    0.03    0.03    4.14 	0.132882 	-0.0219147 	0.0102037 	8.23386e-13 	-2.44307e-13 	1.62943e-13 	1.88405e-13 	-9.52855e-15 	2.57878e-13 	1.34687e-07 	-4.72906e-08 	-1.93726e-07 	1.66127e-08 	6.80175e-08 	2.78678e-07
0.03      0.03    0.03    0.03    0.03    4.23 	0.132882 	-0.0219147 	0.0102037 	8.23386e-13 	-2.44307e-13 	1.62943e-13 	1.88405e-13 	-9.52855e-15 	2.57878e-13 	1.34687e-07 	-4.72906e-08 	-1.93726e-07 	1.66127e-08 	6.80175e-08 	2.78678e-07
0.03      0.03    0.03    0.03    0.03    4.32 	0.151589 	-0.0531077 	-0.0293306 	1.20868e-12 	-3.95553e-13 	6.07428e-14 	3.13126e-13 	3.56379e-15 	1.35818e-13 	1.31632e-07 	-5.28306e-08 	-1.14355e-08 	2.12094e-08 	4.59107e-09 	9.94493e-10
0.03      0.03    0.03    0.03    0.03    4.41 	0.151589 	-0.0531077 	-0.0293306 	1.20868e-12 	-3.95553e-13 	6.07428e-14 	3.13126e-13 	3.56379e-15 	1.35818e-13 	1.31632e-07 	-5.28306e-08 	-1.14355e-08 	2.12094e-08 	4.59107e-09 	9.94493e-10
0.03      0.03    0.03    0.03    0.03    4.5 	0.151589 	-0.0531077 	-0.0293306 	1.20868e-12 	-3.95553e-13 	6.07428e-14 	3.13126e-13 	3.56379e-15 	1.35818e-13 	1.31632e-07 	-5.28306e-08 	-1.14355e-08 	2.12094e-08 	4.59107e-09 	9.94493e-10
