0.01    0.01    0.01    0.01    0.01    0 	-0.00198602 	0.00284292 	-0.00658459 	4.76051e-13 	-4.34512e-14 	-8.85203e-14 	1.58567e-13 	2.69801e-13 	5.19621e-13 	1.13654e-10 	5.33672e-11 	2.73307e-10 	2.5059e-11 	1.28334e-10 	6.5723e-10
0.01    0.01    0.01    0.01    0.01    0.09 	-0.00198602 	0.00284292 	-0.00658459 	4.76051e-13 	-4.34512e-14 	-8.85203e-14 	1.58567e-13 	2.69801e-13 	5.19621e-13 	1.13654e-10 	5.33672e-11 	2.73307e-10 	2.5059e-11 	1.28334e-10 	6.5723e-10
0.01    0.01    0.01    0.01    0.01    0.18 	-0.00198602 	0.00284292 	-0.00658459 	4.76051e-13 	-4.34512e-14 	-8.85203e-14 	1.58567e-13 	2.69801e-13 	5.19621e-13 	1.13654e-10 	5.33672e-11 	2.73307e-10 	2.5059e-11 	1.28334e-10 	6.5723e-10
0.01    0.01    0.01    0.01    0.01    0.27 	-0.00214349 	-0.000211758 	-0.0602649 	1.36172e-12 	-2.86834e-13 	-9.28441e-13 	5.09763e-13 	9.66049e-13 	8.24954e-13 	1.55979e-09 	3.67098e-10 	1.11543e-10 	8.63971e-11 	2.62517e-11 	7.97656e-12
0.01    0.01    0.01    0.01    0.01    0.36 	-0.00214349 	-0.000211758 	-0.0602649 	1.36172e-12 	-2.86834e-13 	-9.28441e-13 	5.09763e-13 	9.66049e-13 	8.24954e-13 	1.55979e-09 	3.67098e-10 	1.11543e-10 	8.63971e-11 	2.62517e-11 	7.97656e-12
0.01    0.01    0.01    0.01    0.01    0.45 	0.0112496 	-0.00534933 	0.0133366 	5.1475e-12 	2.05725e-12 	7.73228e-13 	1.46155e-12 	3.81589e-13 	9.40727e-13 	2.40463e-09 	-2.67867e-10 	-1.49602e-09 	2.98395e-11 	1.66651e-10 	9.30732e-10
0.01    0.01    0.01    0.01    0.01    0.54 	0.0112496 	-0.00534933 	0.0133366 	5.1475e-12 	2.05725e-12 	7.73228e-13 	1.46155e-12 	3.81589e-13 	9.40727e-13 	2.40463e-09 	-2.67867e-10 	-1.49602e-09 	2.98395e-11 	1.66651e-10 	9.30732e-10
0.01    0.01    0.01    0.01    0.01    0.63 	-0.00375318 	0.00109019 	0.0212389 	5.98884e-13 	-2.01024e-14 	-6.04014e-14 	1.94864e-13 	-1.9061e-15 	2.85304e-13 	5.89034e-12 	1.13022e-11 	2.35242e-11 	2.16864e-11 	4.51376e-11 	9.39484e-11
0.01    0.01    0.01    0.01    0.01    0.72 	-0.00375318 	0.00109019 	0.0212389 	5.98884e-13 	-2.01024e-14 	-6.04014e-14 	1.94864e-13 	-1.9061e-15 	2.85304e-13 	5.89034e-12 	1.13022e-11 	2.35242e-11 	2.16864e-11 	4.51376e-11 	9.39484e-11
0.01    0.01    0.01    0.01    0.01    0.81 	-0.0096396 	0.000446712 	-0.00562784 	1.96598e-13 	2.76003e-14 	-2.67321e-15 	5.55452e-14 	2.81528e-14 	1.98235e-13 	2.87663e-12 	6.38233e-12 	1.39213e-11 	1.41604e-11 	3.08869e-11 	6.73713e-11
0.01    0.01    0.01    0.01    0.01    0.9 	-0.0096396 	0.000446712 	-0.00562784 	1.96598e-13 	2.76003e-14 	-2.67321e-15 	5.55452e-14 	2.81528e-14 	1.98235e-13 	2.87663e-12 	6.38233e-12 	1.39213e-11 	1.41604e-11 	3.08869e-11 	6.73713e-11
0.01    0.01    0.01    0.01    0.01    0.99 	0.00560646 	0.00110128 	0.0100357 	5.18208e-13 	-1.86665e-13 	6.88935e-13 	1.27045e-13 	-3.73041e-13 	7.59427e-13 	1.90027e-12 	-8.70144e-12 	1.32871e-11 	3.98443e-11 	-6.08424e-11 	9.29067e-11
0.01    0.01    0.01    0.01    0.01    1.08 	0.00560646 	0.00110128 	0.0100357 	5.18208e-13 	-1.86665e-13 	6.88935e-13 	1.27045e-13 	-3.73041e-13 	7.59427e-13 	1.90027e-12 	-8.70144e-12 	1.32871e-11 	3.98443e-11 	-6.08424e-11 	9.29067e-11
0.01    0.01    0.01    0.01    0.01    1.17 	0.00560646 	0.00110128 	0.0100357 	5.18208e-13 	-1.86665e-13 	6.88935e-13 	1.27045e-13 	-3.73041e-13 	7.59427e-13 	1.90027e-12 	-8.70144e-12 	1.32871e-11 	3.98443e-11 	-6.08424e-11 	9.29067e-11
0.01    0.01    0.01    0.01    0.01    1.26 	-0.0139768 	0.00248383 	-0.0101784 	2.70841e-13 	8.71862e-15 	-6.94446e-14 	4.63322e-14 	3.00369e-14 	2.62643e-13 	2.75863e-10 	1.76121e-11 	-4.60962e-10 	1.12442e-12 	-2.94294e-11 	7.70259e-10
0.01    0.01    0.01    0.01    0.01    1.35 	-0.0139768 	0.00248383 	-0.0101784 	2.70841e-13 	8.71862e-15 	-6.94446e-14 	4.63322e-14 	3.00369e-14 	2.62643e-13 	2.75863e-10 	1.76121e-11 	-4.60962e-10 	1.12442e-12 	-2.94294e-11 	7.70259e-10
0.01    0.01    0.01    0.01    0.01    1.44 	-0.0124647 	-0.000833305 	-0.040684 	5.99528e-13 	4.22398e-14 	-3.97647e-13 	1.69273e-13 	1.38474e-13 	4.98674e-13 	1.58163e-10 	-3.0723e-11 	-7.93956e-11 	5.96791e-12 	1.54225e-11 	3.98556e-11
0.01    0.01    0.01    0.01    0.01    1.53 	-0.0124647 	-0.000833305 	-0.040684 	5.99528e-13 	4.22398e-14 	-3.97647e-13 	1.69273e-13 	1.38474e-13 	4.98674e-13 	1.58163e-10 	-3.0723e-11 	-7.93956e-11 	5.96791e-12 	1.54225e-11 	3.98556e-11
0.01    0.01    0.01    0.01    0.01    1.62 	-0.00857943 	-0.000774465 	0.0554232 	3.41656e-13 	7.12094e-14 	-5.2214e-13 	2.7637e-13 	-6.24507e-13 	6.72986e-13 	7.25922e-12 	5.89766e-12 	2.17728e-12 	4.79148e-12 	1.7689e-12 	6.53038e-13
0.01    0.01    0.01    0.01    0.01    1.71 	-0.00857943 	-0.000774465 	0.0554232 	3.41656e-13 	7.12094e-14 	-5.2214e-13 	2.7637e-13 	-6.24507e-13 	6.72986e-13 	7.25922e-12 	5.89766e-12 	2.17728e-12 	4.79148e-12 	1.7689e-12 	6.53038e-13
0.01    0.01    0.01    0.01    0.01    1.8 	-0.0145607 	0.00147376 	-0.000127069 	3.17423e-13 	2.47144e-14 	-1.59976e-13 	1.00107e-13 	-1.13438e-13 	3.64432e-13 	9.55567e-12 	2.62618e-12 	-1.21327e-12 	7.21752e-13 	-3.33443e-13 	1.54048e-13
0.01    0.01    0.01    0.01    0.01    1.89 	-0.0145607 	0.00147376 	-0.000127069 	3.17423e-13 	2.47144e-14 	-1.59976e-13 	1.00107e-13 	-1.13438e-13 	3.64432e-13 	9.55567e-12 	2.62618e-12 	-1.21327e-12 	7.21752e-13 	-3.33443e-13 	1.54048e-13
0.01    0.01    0.01    0.01    0.01    1.98 	-0.0221644 	0.000681463 	0.00823132 	3.41508e-13 	-2.84905e-14 	-1.933e-14 	1.4392e-13 	7.12916e-14 	3.34559e-13 	7.94911e-12 	-2.32911e-13 	4.25869e-11 	6.82436e-15 	-1.24781e-12 	2.28156e-10
0.01    0.01    0.01    0.01    0.01    2.07 	-0.0221644 	0.000681463 	0.00823132 	3.41508e-13 	-2.84905e-14 	-1.933e-14 	1.4392e-13 	7.12916e-14 	3.34559e-13 	7.94911e-12 	-2.32911e-13 	4.25869e-11 	6.82436e-15 	-1.24781e-12 	2.28156e-10
0.01    0.01    0.01    0.01    0.01    2.16 	-0.000459639 	-0.000209355 	-0.0252094 	8.84915e-13 	3.8445e-13 	7.57626e-13 	4.46953e-13 	6.63795e-13 	7.41172e-13 	8.19167e-12 	2.11796e-11 	5.02806e-11 	5.47601e-11 	1.30001e-10 	3.08623e-10
0.01    0.01    0.01    0.01    0.01    2.25 	-0.000459639 	-0.000209355 	-0.0252094 	8.84915e-13 	3.8445e-13 	7.57626e-13 	4.46953e-13 	6.63795e-13 	7.41172e-13 	8.19167e-12 	2.11796e-11 	5.02806e-11 	5.47601e-11 	1.30001e-10 	3.08623e-10
0.01    0.01    0.01    0.01    0.01    2.34 	-0.000459639 	-0.000209355 	-0.0252094 	8.84915e-13 	3.8445e-13 	7.57626e-13 	4.46953e-13 	6.63795e-13 	7.41172e-13 	8.19167e-12 	2.11796e-11 	5.02806e-11 	5.47601e-11 	1.30001e-10 	3.08623e-10
0.01    0.01    0.01    0.01    0.01    2.43 	-0.0359377 	-0.0004933 	0.0157803 	5.6287e-13 	4.04897e-14 	-4.61198e-13 	1.83529e-13 	-8.48001e-14 	4.10019e-13 	3.74208e-10 	8.70047e-11 	-2.3912e-10 	2.02289e-11 	-5.55961e-11 	1.52798e-10
0.01    0.01    0.01    0.01    0.01    2.52 	-0.0359377 	-0.0004933 	0.0157803 	5.6287e-13 	4.04897e-14 	-4.61198e-13 	1.83529e-13 	-8.48001e-14 	4.10019e-13 	3.74208e-10 	8.70047e-11 	-2.3912e-10 	2.02289e-11 	-5.55961e-11 	1.52798e-10
0.01    0.01    0.01    0.01    0.01    2.61 	-0.00598803 	-0.000553133 	0.0281262 	3.6095e-13 	-1.11561e-13 	-1.66258e-13 	1.15928e-13 	-1.66705e-14 	2.58568e-13 	1.40905e-10 	-7.46711e-12 	-5.30602e-10 	3.95713e-13 	2.81188e-11 	1.99808e-09
0.01    0.01    0.01    0.01    0.01    2.7 	-0.00598803 	-0.000553133 	0.0281262 	3.6095e-13 	-1.11561e-13 	-1.66258e-13 	1.15928e-13 	-1.66705e-14 	2.58568e-13 	1.40905e-10 	-7.46711e-12 	-5.30602e-10 	3.95713e-13 	2.81188e-11 	1.99808e-09
0.01    0.01    0.01    0.01    0.01    2.79 	-0.030658 	0.00173586 	0.00567802 	2.66383e-13 	3.60709e-14 	-1.35953e-14 	5.26097e-14 	-3.33859e-14 	1.88711e-13 	1.79332e-09 	7.4356e-10 	2.2251e-09 	3.08301e-10 	9.22587e-10 	2.76083e-09
0.01    0.01    0.01    0.01    0.01    2.88 	-0.030658 	0.00173586 	0.00567802 	2.66383e-13 	3.60709e-14 	-1.35953e-14 	5.26097e-14 	-3.33859e-14 	1.88711e-13 	1.79332e-09 	7.4356e-10 	2.2251e-09 	3.08301e-10 	9.22587e-10 	2.76083e-09
0.01    0.01    0.01    0.01    0.01    2.97 	-0.00965341 	0.000256126 	-0.000793738 	1.63605e-13 	3.40863e-14 	-7.02039e-15 	3.06328e-14 	1.21819e-14 	1.98823e-13 	2.27856e-10 	2.98888e-10 	-6.39685e-11 	3.92065e-10 	-8.39103e-11 	1.79586e-11
0.01    0.01    0.01    0.01    0.01    3.06 	-0.00965341 	0.000256126 	-0.000793738 	1.63605e-13 	3.40863e-14 	-7.02039e-15 	3.06328e-14 	1.21819e-14 	1.98823e-13 	2.27856e-10 	2.98888e-10 	-6.39685e-11 	3.92065e-10 	-8.39103e-11 	1.79586e-11
0.01    0.01    0.01    0.01    0.01    3.15 	-0.0248592 	0.00482916 	-0.0186181 	6.37979e-13 	1.39178e-13 	-4.28286e-14 	1.9674e-13 	-9.33525e-14 	5.25808e-13 	2.77781e-10 	-1.91959e-10 	4.63364e-10 	1.32652e-10 	-3.20205e-10 	7.72933e-10
0.01    0.01    0.01    0.01    0.01    3.24 	-0.0248592 	0.00482916 	-0.0186181 	6.37979e-13 	1.39178e-13 	-4.28286e-14 	1.9674e-13 	-9.33525e-14 	5.25808e-13 	2.77781e-10 	-1.91959e-10 	4.63364e-10 	1.32652e-10 	-3.20205e-10 	7.72933e-10
0.01    0.01    0.01    0.01    0.01    3.33 	-0.0342728 	0.000952882 	-0.0295563 	2.33198e-12 	5.64715e-13 	-7.84538e-13 	3.13556e-13 	-2.00625e-13 	4.86228e-13 	1.19008e-09 	-1.9099e-10 	-2.11091e-10 	3.06508e-11 	3.38767e-11 	3.74421e-11
0.01    0.01    0.01    0.01    0.01    3.42 	-0.0342728 	0.000952882 	-0.0295563 	2.33198e-12 	5.64715e-13 	-7.84538e-13 	3.13556e-13 	-2.00625e-13 	4.86228e-13 	1.19008e-09 	-1.9099e-10 	-2.11091e-10 	3.06508e-11 	3.38767e-11 	3.74421e-11
0.01    0.01    0.01    0.01    0.01    3.51 	-0.0342728 	0.000952882 	-0.0295563 	2.33198e-12 	5.64715e-13 	-7.84538e-13 	3.13556e-13 	-2.00625e-13 	4.86228e-13 	1.19008e-09 	-1.9099e-10 	-2.11091e-10 	3.06508e-11 	3.38767e-11 	3.74421e-11
0.01    0.01    0.01    0.01    0.01    3.6 	-0.00671889 	-0.000647041 	0.0153773 	7.33644e-13 	3.93453e-13 	2.97111e-13 	3.80496e-13 	2.94889e-13 	2.8774e-13 	6.43664e-11 	8.61386e-11 	-6.54212e-11 	1.15276e-10 	-8.75503e-11 	6.64934e-11
0.01    0.01    0.01    0.01    0.01    3.69 	-0.00671889 	-0.000647041 	0.0153773 	7.33644e-13 	3.93453e-13 	2.97111e-13 	3.80496e-13 	2.94889e-13 	2.8774e-13 	6.43664e-11 	8.61386e-11 	-6.54212e-11 	1.15276e-10 	-8.75503e-11 	6.64934e-11
0.01    0.01    0.01    0.01    0.01    3.78 	0.0612222 	-0.00181792 	-0.0276505 	1.56952e-12 	-4.75567e-13 	2.70097e-15 	3.42798e-13 	6.094e-14 	4.3369e-13 	4.29274e-10 	1.91092e-11 	-3.99433e-10 	8.50651e-13 	-1.77808e-11 	3.71666e-10
0.01    0.01    0.01    0.01    0.01    3.87 	0.0612222 	-0.00181792 	-0.0276505 	1.56952e-12 	-4.75567e-13 	2.70097e-15 	3.42798e-13 	6.094e-14 	4.3369e-13 	4.29274e-10 	1.91092e-11 	-3.99433e-10 	8.50651e-13 	-1.77808e-11 	3.71666e-10
0.01    0.01    0.01    0.01    0.01    3.96 	0.0129558 	-0.00210433 	0.0473011 	1.29142e-12 	-4.59716e-13 	-5.23868e-13 	4.21174e-13 	6.80038e-13 	6.70809e-13 	3.78542e-10 	-8.67965e-11 	5.11876e-10 	1.99017e-11 	-1.17369e-10 	6.92173e-10
0.01    0.01    0.01    0.01    0.01    4.05 	0.0129558 	-0.00210433 	0.0473011 	1.29142e-12 	-4.59716e-13 	-5.23868e-13 	4.21174e-13 	6.80038e-13 	6.70809e-13 	3.78542e-10 	-8.67965e-11 	5.11876e-10 	1.99017e-11 	-1.17369e-10 	6.92173e-10
0.01    0.01    0.01    0.01    0.01    4.14 	-5.64639e-05 	0.00323069 	0.0362682 	3.12142e-13 	-3.69654e-14 	1.4538e-14 	1.46752e-13 	4.09603e-14 	5.11996e-13 	7.79373e-10 	-2.93836e-10 	-9.34103e-10 	1.10781e-10 	3.52171e-10 	1.11955e-09
0.01    0.01    0.01    0.01    0.01    4.23 	-5.64639e-05 	0.00323069 	0.0362682 	3.12142e-13 	-3.69654e-14 	1.4538e-14 	1.46752e-13 	4.09603e-14 	5.11996e-13 	7.79373e-10 	-2.93836e-10 	-9.34103e-10 	1.10781e-10 	3.52171e-10 	1.11955e-09
0.01    0.01    0.01    0.01    0.01    4.32 	-0.0248322 	-0.000860111 	0.0159293 	1.08034e-12 	2.76368e-13 	2.11139e-13 	1.29236e-13 	-7.59437e-15 	3.86182e-13 	2.98019e-10 	-7.3203e-11 	5.75474e-11 	1.7981e-11 	-1.41355e-11 	1.11124e-11
0.01    0.01    0.01    0.01    0.01    4.41 	-0.0248322 	-0.000860111 	0.0159293 	1.08034e-12 	2.76368e-13 	2.11139e-13 	1.29236e-13 	-7.59437e-15 	3.86182e-13 	2.98019e-10 	-7.3203e-11 	5.75474e-11 	1.7981e-11 	-1.41355e-11 	1.11124e-11
0.01    0.01    0.01    0.01    0.01    4.5 	-0.0248322 	-0.000860111 	0.0159293 	1.08034e-12 	2.76368e-13 	2.11139e-13 	1.29236e-13 	-7.59437e-15 	3.86182e-13 	2.98019e-10 	-7.3203e-11 	5.75474e-11 	1.7981e-11 	-1.41355e-11 	1.11124e-11
0.02    0.02    0.02    0.02    0.02    0 	-0.00194123 	0.00286383 	-0.006475 	4.75823e-13 	-4.33664e-14 	-8.87089e-14 	1.58517e-13 	2.69732e-13 	5.19781e-13 	6.13242e-10 	2.92646e-10 	1.48704e-09 	1.40388e-10 	7.08836e-10 	3.60682e-09
0.02    0.02    0.02    0.02    0.02    0.09 	-0.00194123 	0.00286383 	-0.006475 	4.75823e-13 	-4.33664e-14 	-8.87089e-14 	1.58517e-13 	2.69732e-13 	5.19781e-13 	6.13242e-10 	2.92646e-10 	1.48704e-09 	1.40388e-10 	7.08836e-10 	3.60682e-09
0.02    0.02    0.02    0.02    0.02    0.18 	-0.00194123 	0.00286383 	-0.006475 	4.75823e-13 	-4.33664e-14 	-8.87089e-14 	1.58517e-13 	2.69732e-13 	5.19781e-13 	6.13242e-10 	2.92646e-10 	1.48704e-09 	1.40388e-10 	7.08836e-10 	3.60682e-09
0.02    0.02    0.02    0.02    0.02    0.27 	-0.00200272 	-0.000213549 	-0.0602555 	1.36004e-12 	-2.84827e-13 	-9.25578e-13 	5.09381e-13 	9.65119e-13 	8.24708e-13 	6.73914e-09 	5.1831e-10 	4.56199e-10 	7.45738e-11 	3.51424e-11 	3.09129e-11
0.02    0.02    0.02    0.02    0.02    0.36 	-0.00200272 	-0.000213549 	-0.0602555 	1.36004e-12 	-2.84827e-13 	-9.25578e-13 	5.09381e-13 	9.65119e-13 	8.24708e-13 	6.73914e-09 	5.1831e-10 	4.56199e-10 	7.45738e-11 	3.51424e-11 	3.09129e-11
0.02    0.02    0.02    0.02    0.02    0.45 	0.0110529 	-0.00532687 	0.013457 	5.16627e-12 	2.06236e-12 	7.73712e-13 	1.46392e-12 	3.80723e-13 	9.42977e-13 	1.20803e-08 	-1.40047e-09 	-7.45181e-09 	1.63463e-10 	8.64731e-10 	4.59745e-09
0.02    0.02    0.02    0.02    0.02    0.54 	0.0110529 	-0.00532687 	0.013457 	5.16627e-12 	2.06236e-12 	7.73712e-13 	1.46392e-12 	3.80723e-13 	9.42977e-13 	1.20803e-08 	-1.40047e-09 	-7.45181e-09 	1.63463e-10 	8.64731e-10 	4.59745e-09
0.02    0.02    0.02    0.02    0.02    0.63 	-0.00376602 	0.00108492 	0.0211957 	5.99582e-13 	-1.91725e-14 	-5.98462e-14 	1.94961e-13 	-1.99836e-15 	2.85152e-13 	4.62051e-11 	3.82496e-11 	1.58497e-10 	3.94545e-11 	1.30259e-10 	5.46739e-10
0.02    0.02    0.02    0.02    0.02    0.72 	-0.00376602 	0.00108492 	0.0211957 	5.99582e-13 	-1.91725e-14 	-5.98462e-14 	1.94961e-13 	-1.99836e-15 	2.85152e-13 	4.62051e-11 	3.82496e-11 	1.58497e-10 	3.94545e-11 	1.30259e-10 	5.46739e-10
0.02    0.02    0.02    0.02    0.02    0.81 	-0.00963398 	0.000453732 	-0.00559352 	1.96534e-13 	2.76345e-14 	-2.598e-15 	5.54846e-14 	2.8175e-14 	1.98063e-13 	1.05392e-11 	1.78777e-11 	6.10043e-11 	3.92281e-11 	1.10127e-10 	3.61218e-10
0.02    0.02    0.02    0.02    0.02    0.9 	-0.00963398 	0.000453732 	-0.00559352 	1.96534e-13 	2.76345e-14 	-2.598e-15 	5.54846e-14 	2.8175e-14 	1.98063e-13 	1.05392e-11 	1.78777e-11 	6.10043e-11 	3.92281e-11 	1.10127e-10 	3.61218e-10
0.02    0.02    0.02    0.02    0.02    0.99 	0.00560834 	0.00110065 	0.0100775 	5.18074e-13 	-1.86403e-13 	6.88138e-13 	1.26729e-13 	-3.72238e-13 	7.58621e-13 	3.75149e-12 	-1.2463e-11 	4.11442e-11 	4.62353e-11 	-1.17516e-10 	5.29542e-10
0.02    0.02    0.02    0.02    0.02    1.08 	0.00560834 	0.00110065 	0.0100775 	5.18074e-13 	-1.86403e-13 	6.88138e-13 	1.26729e-13 	-3.72238e-13 	7.58621e-13 	3.75149e-12 	-1.2463e-11 	4.11442e-11 	4.62353e-11 	-1.17516e-10 	5.29542e-10
0.02    0.02    0.02    0.02    0.02    1.17 	0.00560834 	0.00110065 	0.0100775 	5.18074e-13 	-1.86403e-13 	6.88138e-13 	1.26729e-13 	-3.72238e-13 	7.58621e-13 	3.75149e-12 	-1.2463e-11 	4.11442e-11 	4.62353e-11 	-1.17516e-10 	5.29542e-10
0.02    0.02    0.02    0.02    0.02    1.26 	-0.0139115 	0.00248147 	-0.0102895 	2.70841e-13 	8.81494e-15 	-6.9343e-14 	4.62937e-14 	3.00387e-14 	2.62532e-13 	1.36285e-09 	-5.18753e-12 	-2.30078e-09 	9.85345e-13 	9.22616e-12 	3.88456e-09
0.02    0.02    0.02    0.02    0.02    1.35 	-0.0139115 	0.00248147 	-0.0102895 	2.70841e-13 	8.81494e-15 	-6.9343e-14 	4.62937e-14 	3.00387e-14 	2.62532e-13 	1.36285e-09 	-5.18753e-12 	-2.30078e-09 	9.85345e-13 	9.22616e-12 	3.88456e-09
0.02    0.02    0.02    0.02    0.02    1.44 	-0.0125168 	-0.000830476 	-0.0406593 	5.99949e-13 	4.28469e-14 	-3.97167e-13 	1.69488e-13 	1.37451e-13 	4.98794e-13 	8.3536e-10 	-8.70916e-11 	-4.01865e-10 	1.13043e-11 	4.1973e-11 	1.93368e-10
0.02    0.02    0.02    0.02    0.02    1.53 	-0.0125168 	-0.000830476 	-0.0406593 	5.99949e-13 	4.28469e-14 	-3.97167e-13 	1.69488e-13 	1.37451e-13 	4.98794e-13 	8.3536e-10 	-8.70916e-11 	-4.01865e-10 	1.13043e-11 	4.1973e-11 	1.93368e-10
0.02    0.02    0.02    0.02    0.02    1.62 	-0.00859038 	-0.000777938 	0.0554169 	3.41287e-13 	7.11682e-14 	-5.2149e-13 	2.76179e-13 	-6.24054e-13 	6.72695e-13 	3.83521e-11 	1.86333e-11 	1.84961e-11 	9.86986e-12 	8.5542e-12 	9.14944e-12
0.02    0.02    0.02    0.02    0.02    1.71 	-0.00859038 	-0.000777938 	0.0554169 	3.41287e-13 	7.11682e-14 	-5.2149e-13 	2.76179e-13 	-6.24054e-13 	6.72695e-13 	3.83521e-11 	1.86333e-11 	1.84961e-11 	9.86986e-12 	8.5542e-12 	9.14944e-12
0.02    0.02    0.02    0.02    0.02    1.8 	-0.0145488 	0.00147769 	-0.000131165 	3.17193e-13 	2.4705e-14 	-1.59905e-13 	1.00029e-13 	-1.13459e-13 	3.64414e-13 	4.63104e-11 	1.63178e-11 	-1.24254e-11 	6.43298e-12 	-4.19864e-12 	3.52712e-12
0.02    0.02    0.02    0.02    0.02    1.89 	-0.0145488 	0.00147769 	-0.000131165 	3.17193e-13 	2.4705e-14 	-1.59905e-13 	1.00029e-13 	-1.13459e-13 	3.64414e-13 	4.63104e-11 	1.63178e-11 	-1.24254e-11 	6.43298e-12 	-4.19864e-12 	3.52712e-12
0.02    0.02    0.02    0.02    0.02    1.98 	-0.0221526 	0.000679578 	0.00828603 	3.41303e-13 	-2.82806e-14 	-1.93619e-14 	1.43827e-13 	7.12789e-14 	3.34519e-13 	4.16207e-11 	-5.44256e-12 	2.04785e-10 	7.87714e-13 	-2.70207e-11 	1.01464e-09
0.02    0.02    0.02    0.02    0.02    2.07 	-0.0221526 	0.000679578 	0.00828603 	3.41303e-13 	-2.82806e-14 	-1.93619e-14 	1.43827e-13 	7.12789e-14 	3.34519e-13 	4.16207e-11 	-5.44256e-12 	2.04785e-10 	7.87714e-13 	-2.70207e-11 	1.01464e-09
0.02    0.02    0.02    0.02    0.02    2.16 	-0.000468863 	-0.000215609 	-0.0252785 	8.85045e-13 	3.84428e-13 	7.57566e-13 	4.46511e-13 	6.63033e-13 	7.41437e-13 	3.13545e-11 	4.57509e-11 	2.18069e-10 	7.85851e-11 	3.10551e-10 	1.52168e-09
0.02    0.02    0.02    0.02    0.02    2.25 	-0.000468863 	-0.000215609 	-0.0252785 	8.85045e-13 	3.84428e-13 	7.57566e-13 	4.46511e-13 	6.63033e-13 	7.41437e-13 	3.13545e-11 	4.57509e-11 	2.18069e-10 	7.85851e-11 	3.10551e-10 	1.52168e-09
0.02    0.02    0.02    0.02    0.02    2.34 	-0.000468863 	-0.000215609 	-0.0252785 	8.85045e-13 	3.84428e-13 	7.57566e-13 	4.46511e-13 	6.63033e-13 	7.41437e-13 	3.13545e-11 	4.57509e-11 	2.18069e-10 	7.85851e-11 	3.10551e-10 	1.52168e-09
0.02    0.02    0.02    0.02    0.02    2.43 	-0.0358652 	-0.000495985 	0.0157374 	5.63852e-13 	4.07513e-14 	-4.62152e-13 	1.83679e-13 	-8.46716e-14 	4.10265e-13 	1.74578e-09 	1.12273e-10 	-1.04893e-09 	2.15747e-11 	-6.67654e-11 	6.31039e-10
0.02    0.02    0.02    0.02    0.02    2.52 	-0.0358652 	-0.000495985 	0.0157374 	5.63852e-13 	4.07513e-14 	-4.62152e-13 	1.83679e-13 	-8.46716e-14 	4.10265e-13 	1.74578e-09 	1.12273e-10 	-1.04893e-09 	2.15747e-11 	-6.67654e-11 	6.31039e-10
0.02    0.02    0.02    0.02    0.02    2.61 	-0.00603402 	-0.000556472 	0.0283032 	3.61341e-13 	-1.11673e-13 	-1.66572e-13 	1.15999e-13 	-1.6685e-14 	2.58749e-13 	6.95617e-10 	3.22362e-11 	-2.63039e-09 	2.86072e-12 	-1.19324e-10 	9.95874e-09
0.02    0.02    0.02    0.02    0.02    2.7 	-0.00603402 	-0.000556472 	0.0283032 	3.61341e-13 	-1.11673e-13 	-1.66572e-13 	1.15999e-13 	-1.6685e-14 	2.58749e-13 	6.95617e-10 	3.22362e-11 	-2.63039e-09 	2.86072e-12 	-1.19324e-10 	9.95874e-09
0.02    0.02    0.02    0.02    0.02    2.79 	-0.0308221 	0.00171635 	0.00546386 	2.66437e-13 	3.60683e-14 	-1.36574e-14 	5.25699e-14 	-3.33796e-14 	1.88686e-13 	8.68033e-09 	1.9736e-09 	1.11536e-08 	5.39205e-10 	2.52316e-09 	1.4334e-08
0.02    0.02    0.02    0.02    0.02    2.88 	-0.0308221 	0.00171635 	0.00546386 	2.66437e-13 	3.60683e-14 	-1.36574e-14 	5.25699e-14 	-3.33796e-14 	1.88686e-13 	8.68033e-09 	1.9736e-09 	1.11536e-08 	5.39205e-10 	2.52316e-09 	1.4334e-08
0.02    0.02    0.02    0.02    0.02    2.97 	-0.00960443 	0.000276311 	-0.000801233 	1.63646e-13 	3.41145e-14 	-6.99705e-15 	3.0636e-14 	1.21349e-14 	1.9879e-13 	8.93918e-10 	7.1829e-10 	-1.83356e-10 	6.72638e-10 	-1.5878e-10 	3.90255e-11
0.02    0.02    0.02    0.02    0.02    3.06 	-0.00960443 	0.000276311 	-0.000801233 	1.63646e-13 	3.41145e-14 	-6.99705e-15 	3.0636e-14 	1.21349e-14 	1.9879e-13 	8.93918e-10 	7.1829e-10 	-1.83356e-10 	6.72638e-10 	-1.5878e-10 	3.90255e-11
0.02    0.02    0.02    0.02    0.02    3.15 	-0.0248031 	0.00481425 	-0.018509 	6.38307e-13 	1.39155e-13 	-4.28053e-14 	1.9697e-13 	-9.42856e-14 	5.27474e-13 	1.15005e-09 	-5.07801e-10 	2.08414e-09 	2.47455e-10 	-8.99481e-10 	3.79716e-09
0.02    0.02    0.02    0.02    0.02    3.24 	-0.0248031 	0.00481425 	-0.018509 	6.38307e-13 	1.39155e-13 	-4.28053e-14 	1.9697e-13 	-9.42856e-14 	5.27474e-13 	1.15005e-09 	-5.07801e-10 	2.08414e-09 	2.47455e-10 	-8.99481e-10 	3.79716e-09
0.02    0.02    0.02    0.02    0.02    3.33 	-0.0344081 	0.000957105 	-0.0295478 	2.33326e-12 	5.64607e-13 	-7.84915e-13 	3.13058e-13 	-2.00635e-13 	4.85749e-13 	5.82902e-09 	-4.65427e-10 	-5.7236e-10 	5.16712e-11 	5.22379e-11 	6.08771e-11
0.02    0.02    0.02    0.02    0.02    3.42 	-0.0344081 	0.000957105 	-0.0295478 	2.33326e-12 	5.64607e-13 	-7.84915e-13 	3.13058e-13 	-2.00635e-13 	4.85749e-13 	5.82902e-09 	-4.65427e-10 	-5.7236e-10 	5.16712e-11 	5.22379e-11 	6.08771e-11
0.02    0.02    0.02    0.02    0.02    3.51 	-0.0344081 	0.000957105 	-0.0295478 	2.33326e-12 	5.64607e-13 	-7.84915e-13 	3.13058e-13 	-2.00635e-13 	4.85749e-13 	5.82902e-09 	-4.65427e-10 	-5.7236e-10 	5.16712e-11 	5.22379e-11 	6.08771e-11
0.02    0.02    0.02    0.02    0.02    3.6 	-0.00674934 	-0.000657051 	0.0154109 	7.34682e-13 	3.93504e-13 	2.96249e-13 	3.79997e-13 	2.93819e-13 	2.87309e-13 	3.06754e-10 	2.08366e-10 	-3.28825e-10 	1.66667e-10 	-2.21037e-10 	3.52702e-10
0.02    0.02    0.02    0.02    0.02    3.69 	-0.00674934 	-0.000657051 	0.0154109 	7.34682e-13 	3.93504e-13 	2.96249e-13 	3.79997e-13 	2.93819e-13 	2.87309e-13 	3.06754e-10 	2.08366e-10 	-3.28825e-10 	1.66667e-10 	-2.21037e-10 	3.52702e-10
0.02    0.02    0.02    0.02    0.02    3.78 	0.0613 	-0.00182791 	-0.027731 	1.57705e-12 	-4.7756e-13 	4.47179e-15 	3.43528e-13 	6.00345e-14 	4.33821e-13 	1.97094e-09 	-1.39817e-10 	-1.97701e-09 	1.41152e-11 	1.42427e-10 	1.9844e-09
0.02    0.02    0.02    0.02    0.02    3.87 	0.0613 	-0.00182791 	-0.027731 	1.57705e-12 	-4.7756e-13 	4.47179e-15 	3.43528e-13 	6.00345e-14 	4.33821e-13 	1.97094e-09 	-1.39817e-10 	-1.97701e-09 	1.41152e-11 	1.42427e-10 	1.9844e-09
0.02    0.02    0.02    0.02    0.02    3.96 	0.0130419 	-0.0021148 	0.0473991 	1.29805e-12 	-4.62149e-13 	-5.26722e-13 	4.21075e-13 	6.78303e-13 	6.69233e-13 	2.16403e-09 	-3.32658e-10 	2.61411e-09 	5.31122e-11 	-4.06638e-10 	3.17022e-09
0.02    0.02    0.02    0.02    0.02    4.05 	0.0130419 	-0.0021148 	0.0473991 	1.29805e-12 	-4.62149e-13 	-5.26722e-13 	4.21075e-13 	6.78303e-13 	6.69233e-13 	2.16403e-09 	-3.32658e-10 	2.61411e-09 	5.31122e-11 	-4.06638e-10 	3.17022e-09
0.02    0.02    0.02    0.02    0.02    4.14 	5.83143e-05 	0.00322535 	0.0361424 	3.12764e-13 	-3.73203e-14 	1.42726e-14 	1.46737e-13 	4.0866e-14 	5.11357e-13 	4.06595e-09 	-6.188e-10 	-4.58385e-09 	1.28999e-10 	7.07355e-10 	5.17051e-09
0.02    0.02    0.02    0.02    0.02    4.23 	5.83143e-05 	0.00322535 	0.0361424 	3.12764e-13 	-3.73203e-14 	1.42726e-14 	1.46737e-13 	4.0866e-14 	5.11357e-13 	4.06595e-09 	-6.188e-10 	-4.58385e-09 	1.28999e-10 	7.07355e-10 	5.17051e-09
0.02    0.02    0.02    0.02    0.02    4.32 	-0.0248952 	-0.000876018 	0.0159311 	1.07877e-12 	2.76022e-13 	2.08926e-13 	1.2963e-13 	-8.27083e-15 	3.86396e-13 	1.31823e-09 	1.02747e-10 	7.15941e-11 	3.46061e-11 	-8.03087e-12 	1.121e-11
0.02    0.02    0.02    0.02    0.02    4.41 	-0.0248952 	-0.000876018 	0.0159311 	1.07877e-12 	2.76022e-13 	2.08926e-13 	1.2963e-13 	-8.27083e-15 	3.86396e-13 	1.31823e-09 	1.02747e-10 	7.15941e-11 	3.46061e-11 	-8.03087e-12 	1.121e-11
0.02    0.02    0.02    0.02    0.02    4.5 	-0.0248952 	-0.000876018 	0.0159311 	1.07877e-12 	2.76022e-13 	2.08926e-13 	1.2963e-13 	-8.27083e-15 	3.86396e-13 	1.31823e-09 	1.02747e-10 	7.15941e-11 	3.46061e-11 	-8.03087e-12 	1.121e-11
0.03    0.03    0.03    0.03    0.03    0 	-0.00190076 	0.00287537 	-0.00636872 	4.75594e-13 	-4.32805e-14 	-8.88943e-14 	1.58465e-13 	2.69662e-13 	5.1994e-13 	1.34141e-09 	5.41614e-10 	3.36277e-09 	2.22758e-10 	1.35345e-09 	8.43479e-09
0.03    0.03    0.03    0.03    0.03    0.09 	-0.00190076 	0.00287537 	-0.00636872 	4.75594e-13 	-4.32805e-14 	-8.88943e-14 	1.58465e-13 	2.69662e-13 	5.1994e-13 	1.34141e-09 	5.41614e-10 	3.36277e-09 	2.22758e-10 	1.35345e-09 	8.43479e-09
0.03    0.03    0.03    0.03    0.03    0.18 	-0.00190076 	0.00287537 	-0.00636872 	4.75594e-13 	-4.32805e-14 	-8.88943e-14 	1.58465e-13 	2.69662e-13 	5.1994e-13 	1.34141e-09 	5.41614e-10 	3.36277e-09 	2.22758e-10 	1.35345e-09 	8.43479e-09
0.03    0.03    0.03    0.03    0.03    0.27 	-0.00188313 	-0.000222222 	-0.0602462 	1.35834e-12 	-2.82826e-13 	-9.22688e-13 	5.09015e-13 	9.64156e-13 	8.24468e-13 	1.34334e-08 	1.26638e-10 	9.54041e-10 	5.54712e-11 	7.45663e-12 	6.78603e-11
0.03    0.03    0.03    0.03    0.03    0.36 	-0.00188313 	-0.000222222 	-0.0602462 	1.35834e-12 	-2.82826e-13 	-9.22688e-13 	5.09015e-13 	9.64156e-13 	8.24468e-13 	1.34334e-08 	1.26638e-10 	9.54041e-10 	5.54712e-11 	7.45663e-12 	6.78603e-11
0.03    0.03    0.03    0.03    0.03    0.45 	0.010858 	-0.00531299 	0.0135706 	5.18417e-12 	2.06688e-12 	7.74079e-13 	1.4665e-12 	3.79833e-13 	9.45577e-13 	2.80106e-08 	-2.72739e-09 	-1.68714e-08 	2.70552e-10 	1.64666e-09 	1.01652e-08
0.03    0.03    0.03    0.03    0.03    0.54 	0.010858 	-0.00531299 	0.0135706 	5.18417e-12 	2.06688e-12 	7.74079e-13 	1.4665e-12 	3.79833e-13 	9.45577e-13 	2.80106e-08 	-2.72739e-09 	-1.68714e-08 	2.70552e-10 	1.64666e-09 	1.01652e-08
0.03    0.03    0.03    0.03    0.03    0.63 	-0.00377568 	0.00108703 	0.0211504 	6.00279e-13 	-1.82484e-14 	-5.9298e-14 	1.95042e-13 	-2.09017e-15 	2.84989e-13 	9.10651e-11 	3.51537e-11 	3.51762e-10 	2.79839e-11 	1.25935e-10 	1.37032e-09
0.03    0.03    0.03    0.03    0.03    0.72 	-0.00377568 	0.00108703 	0.0211504 	6.00279e-13 	-1.82484e-14 	-5.9298e-14 	1.95042e-13 	-2.09017e-15 	2.84989e-13 	9.10651e-11 	3.51537e-11 	3.51762e-10 	2.79839e-11 	1.25935e-10 	1.37032e-09
0.03    0.03    0.03    0.03    0.03    0.81 	-0.00962329 	0.000449658 	-0.00556282 	1.96488e-13 	2.76676e-14 	-2.52298e-15 	5.54478e-14 	2.81959e-14 	1.97909e-13 	4.42337e-11 	1.63527e-11 	1.82388e-10 	2.71812e-11 	9.17513e-11 	7.84765e-10
0.03    0.03    0.03    0.03    0.03    0.9 	-0.00962329 	0.000449658 	-0.00556282 	1.96488e-13 	2.76676e-14 	-2.52298e-15 	5.54478e-14 	2.81959e-14 	1.97909e-13 	4.42337e-11 	1.63527e-11 	1.82388e-10 	2.71812e-11 	9.17513e-11 	7.84765e-10
0.03    0.03    0.03    0.03    0.03    0.99 	0.00560543 	0.00111181 	0.0101125 	5.17944e-13 	-1.86137e-13 	6.87323e-13 	1.26427e-13 	-3.71428e-13 	7.57817e-13 	2.7825e-12 	-9.72522e-12 	1.87206e-11 	4.2261e-11 	1.08809e-11 	1.1008e-09
0.03    0.03    0.03    0.03    0.03    1.08 	0.00560543 	0.00111181 	0.0101125 	5.17944e-13 	-1.86137e-13 	6.87323e-13 	1.26427e-13 	-3.71428e-13 	7.57817e-13 	2.7825e-12 	-9.72522e-12 	1.87206e-11 	4.2261e-11 	1.08809e-11 	1.1008e-09
0.03    0.03    0.03    0.03    0.03    1.17 	0.00560543 	0.00111181 	0.0101125 	5.17944e-13 	-1.86137e-13 	6.87323e-13 	1.26427e-13 	-3.71428e-13 	7.57817e-13 	2.7825e-12 	-9.72522e-12 	1.87206e-11 	4.2261e-11 	1.08809e-11 	1.1008e-09
0.03    0.03    0.03    0.03    0.03    1.26 	-0.0138525 	0.0024792 	-0.0103926 	2.70866e-13 	8.91026e-15 	-6.92375e-14 	4.62946e-14 	3.00381e-14 	2.62448e-13 	2.90373e-09 	-6.50596e-11 	-4.97723e-09 	2.55951e-12 	1.12469e-10 	8.5325e-09
0.03    0.03    0.03    0.03    0.03    1.35 	-0.0138525 	0.0024792 	-0.0103926 	2.70866e-13 	8.91026e-15 	-6.92375e-14 	4.62946e-14 	3.00381e-14 	2.62448e-13 	2.90373e-09 	-6.50596e-11 	-4.97723e-09 	2.55951e-12 	1.12469e-10 	8.5325e-09
0.03    0.03    0.03    0.03    0.03    1.44 	-0.0125644 	-0.000830457 	-0.0406338 	6.00376e-13 	4.34497e-14 	-3.96676e-13 	1.69725e-13 	1.36425e-13 	4.98923e-13 	1.83497e-09 	-9.49621e-11 	-9.14212e-10 	8.60409e-12 	4.66274e-11 	4.55829e-10
0.03    0.03    0.03    0.03    0.03    1.53 	-0.0125644 	-0.000830457 	-0.0406338 	6.00376e-13 	4.34497e-14 	-3.96676e-13 	1.69725e-13 	1.36425e-13 	4.98923e-13 	1.83497e-09 	-9.49621e-11 	-9.14212e-10 	8.60409e-12 	4.66274e-11 	4.55829e-10
0.03    0.03    0.03    0.03    0.03    1.62 	-0.00859619 	-0.000778427 	0.0554115 	3.40929e-13 	7.11262e-14 	-5.20831e-13 	2.75998e-13 	-6.23586e-13 	6.72405e-13 	6.13161e-11 	2.1563e-11 	3.63299e-11 	8.92249e-12 	1.18184e-11 	2.22953e-11
0.03    0.03    0.03    0.03    0.03    1.71 	-0.00859619 	-0.000778427 	0.0554115 	3.40929e-13 	7.11262e-14 	-5.20831e-13 	2.75998e-13 	-6.23586e-13 	6.72405e-13 	6.13161e-11 	2.1563e-11 	3.63299e-11 	8.92249e-12 	1.18184e-11 	2.22953e-11
0.03    0.03    0.03    0.03    0.03    1.8 	-0.0145395 	0.00147605 	-0.000135705 	3.16976e-13 	2.46951e-14 	-1.59829e-13 	9.99742e-14 	-1.13476e-13 	3.64407e-13 	8.82441e-11 	1.41883e-11 	-3.10019e-11 	4.55719e-12 	-4.0704e-12 	1.13676e-11
0.03    0.03    0.03    0.03    0.03    1.89 	-0.0145395 	0.00147605 	-0.000135705 	3.16976e-13 	2.46951e-14 	-1.59829e-13 	9.99742e-14 	-1.13476e-13 	3.64407e-13 	8.82441e-11 	1.41883e-11 	-3.10019e-11 	4.55719e-12 	-4.0704e-12 	1.13676e-11
0.03    0.03    0.03    0.03    0.03    1.98 	-0.0221377 	0.000678902 	0.00832998 	3.41101e-13 	-2.80717e-14 	-1.93918e-14 	1.43737e-13 	7.12661e-14 	3.34481e-13 	1.21069e-10 	-1.09246e-11 	4.80266e-10 	1.10119e-12 	-4.50542e-11 	1.94746e-09
0.03    0.03    0.03    0.03    0.03    2.07 	-0.0221377 	0.000678902 	0.00832998 	3.41101e-13 	-2.80717e-14 	-1.93918e-14 	1.43737e-13 	7.12661e-14 	3.34481e-13 	1.21069e-10 	-1.09246e-11 	4.80266e-10 	1.10119e-12 	-4.50542e-11 	1.94746e-09
0.03    0.03    0.03    0.03    0.03    2.16 	-0.00047626 	-0.000214957 	-0.0253394 	8.85166e-13 	3.84386e-13 	7.57477e-13 	4.46082e-13 	6.62248e-13 	7.41703e-13 	5.76978e-11 	4.6719e-11 	4.29088e-10 	5.9687e-11 	3.31838e-10 	3.20243e-09
0.03    0.03    0.03    0.03    0.03    2.25 	-0.00047626 	-0.000214957 	-0.0253394 	8.85166e-13 	3.84386e-13 	7.57477e-13 	4.46082e-13 	6.62248e-13 	7.41703e-13 	5.76978e-11 	4.6719e-11 	4.29088e-10 	5.9687e-11 	3.31838e-10 	3.20243e-09
0.03    0.03    0.03    0.03    0.03    2.34 	-0.00047626 	-0.000214957 	-0.0253394 	8.85166e-13 	3.84386e-13 	7.57477e-13 	4.46082e-13 	6.62248e-13 	7.41703e-13 	5.76978e-11 	4.6719e-11 	4.29088e-10 	5.9687e-11 	3.31838e-10 	3.20243e-09
0.03    0.03    0.03    0.03    0.03    2.43 	-0.0358089 	-0.000507161 	0.015696 	5.64842e-13 	4.10066e-14 	-4.63073e-13 	1.8386e-13 	-8.45337e-14 	4.1053e-13 	3.31025e-09 	-1.3842e-10 	-2.12688e-09 	3.60247e-11 	9.77699e-11 	1.37062e-09
0.03    0.03    0.03    0.03    0.03    2.52 	-0.0358089 	-0.000507161 	0.015696 	5.64842e-13 	4.10066e-14 	-4.63073e-13 	1.8386e-13 	-8.45337e-14 	4.1053e-13 	3.31025e-09 	-1.3842e-10 	-2.12688e-09 	3.60247e-11 	9.77699e-11 	1.37062e-09
0.03    0.03    0.03    0.03    0.03    2.61 	-0.0060655 	-0.000550388 	0.0284605 	3.61741e-13 	-1.11779e-13 	-1.6688e-13 	1.16089e-13 	-1.66987e-14 	2.58944e-13 	1.2257e-09 	-2.66341e-11 	-5.06757e-09 	5.32159e-12 	1.31964e-10 	2.10657e-08
0.03    0.03    0.03    0.03    0.03    2.7 	-0.0060655 	-0.000550388 	0.0284605 	3.61741e-13 	-1.11779e-13 	-1.6688e-13 	1.16089e-13 	-1.66987e-14 	2.58944e-13 	1.2257e-09 	-2.66341e-11 	-5.06757e-09 	5.32159e-12 	1.31964e-10 	2.10657e-08
0.03    0.03    0.03    0.03    0.03    2.79 	-0.0309621 	0.00172991 	0.00527962 	2.66514e-13 	3.6064e-14 	-1.37186e-14 	5.25633e-14 	-3.33714e-14 	1.88688e-13 	1.77833e-08 	1.6335e-09 	2.30871e-08 	3.73059e-10 	2.09601e-09 	2.9976e-08
0.03    0.03    0.03    0.03    0.03    2.88 	-0.0309621 	0.00172991 	0.00527962 	2.66514e-13 	3.6064e-14 	-1.37186e-14 	5.25633e-14 	-3.33714e-14 	1.88688e-13 	1.77833e-08 	1.6335e-09 	2.30871e-08 	3.73059e-10 	2.09601e-09 	2.9976e-08
0.03    0.03    0.03    0.03    0.03    2.97 	-0.00957571 	0.000260519 	-0.000800515 	1.63696e-13 	3.41419e-14 	-6.97479e-15 	3.06514e-14 	1.20877e-14 	1.98765e-13 	1.39318e-09 	5.49774e-10 	-1.99321e-10 	4.60169e-10 	-1.13999e-10 	3.37756e-11
0.03    0.03    0.03    0.03    0.03    3.06 	-0.00957571 	0.000260519 	-0.000800515 	1.63696e-13 	3.41419e-14 	-6.97479e-15 	3.06514e-14 	1.20877e-14 	1.98765e-13 	1.39318e-09 	5.49774e-10 	-1.99321e-10 	4.60169e-10 	-1.13999e-10 	3.37756e-11
0.03    0.03    0.03    0.03    0.03    3.15 	-0.0247703 	0.00481914 	-0.0184162 	6.38632e-13 	1.39137e-13 	-4.27813e-14 	1.97175e-13 	-9.52199e-14 	5.29137e-13 	1.78963e-09 	-4.70239e-10 	3.7159e-09 	1.83083e-10 	-8.95991e-10 	7.83148e-09
0.03    0.03    0.03    0.03    0.03    3.24 	-0.0247703 	0.00481914 	-0.0184162 	6.38632e-13 	1.39137e-13 	-4.27813e-14 	1.97175e-13 	-9.52199e-14 	5.29137e-13 	1.78963e-09 	-4.70239e-10 	3.7159e-09 	1.83083e-10 	-8.95991e-10 	7.83148e-09
0.03    0.03    0.03    0.03    0.03    3.33 	-0.0345313 	0.000950815 	-0.0295411 	2.33438e-12 	5.64436e-13 	-7.85204e-13 	3.12637e-13 	-2.00623e-13 	4.85331e-13 	1.25708e-08 	-2.37164e-10 	-9.74678e-10 	3.52139e-11 	2.99293e-11 	8.11525e-11
0.03    0.03    0.03    0.03    0.03    3.42 	-0.0345313 	0.000950815 	-0.0295411 	2.33438e-12 	5.64436e-13 	-7.85204e-13 	3.12637e-13 	-2.00623e-13 	4.85331e-13 	1.25708e-08 	-2.37164e-10 	-9.74678e-10 	3.52139e-11 	2.99293e-11 	8.11525e-11
0.03    0.03    0.03    0.03    0.03    3.51 	-0.0345313 	0.000950815 	-0.0295411 	2.33438e-12 	5.64436e-13 	-7.85204e-13 	3.12637e-13 	-2.00623e-13 	4.85331e-13 	1.25708e-08 	-2.37164e-10 	-9.74678e-10 	3.52139e-11 	2.99293e-11 	8.11525e-11
0.03    0.03    0.03    0.03    0.03    3.6 	-0.00676927 	-0.000657043 	0.0154409 	7.35676e-13 	3.93518e-13 	2.95372e-13 	3.79517e-13 	2.92755e-13 	2.8691e-13 	5.3335e-10 	2.25306e-10 	-6.29399e-10 	1.34194e-10 	-2.544e-10 	7.48123e-10
0.03    0.03    0.03    0.03    0.03    3.69 	-0.00676927 	-0.000657043 	0.0154409 	7.35676e-13 	3.93518e-13 	2.95372e-13 	3.79517e-13 	2.92755e-13 	2.8691e-13 	5.3335e-10 	2.25306e-10 	-6.29399e-10 	1.34194e-10 	-2.544e-10 	7.48123e-10
0.03    0.03    0.03    0.03    0.03    3.78 	0.0613741 	-0.00183707 	-0.0278101 	1.58447e-12 	-4.79483e-13 	6.24073e-15 	3.44318e-13 	5.91242e-14 	4.34002e-13 	4.34396e-09 	-4.40185e-10 	-4.46653e-09 	4.91443e-11 	4.55482e-10 	4.59485e-09
0.03    0.03    0.03    0.03    0.03    3.87 	0.0613741 	-0.00183707 	-0.0278101 	1.58447e-12 	-4.79483e-13 	6.24073e-15 	3.44318e-13 	5.91242e-14 	4.34002e-13 	4.34396e-09 	-4.40185e-10 	-4.46653e-09 	4.91443e-11 	4.55482e-10 	4.59485e-09
0.03    0.03    0.03    0.03    0.03    3.96 	0.0131394 	-0.00212043 	0.0474838 	1.30466e-12 	-4.64548e-13 	-5.2952e-13 	4.20999e-13 	6.76544e-13 	6.6768e-13 	5.80123e-09 	-6.26102e-10 	6.10479e-09 	7.33602e-11 	-6.77464e-10 	6.48568e-09
0.03    0.03    0.03    0.03    0.03    4.05 	0.0131394 	-0.00212043 	0.0474838 	1.30466e-12 	-4.64548e-13 	-5.2952e-13 	4.20999e-13 	6.76544e-13 	6.6768e-13 	5.80123e-09 	-6.26102e-10 	6.10479e-09 	7.33602e-11 	-6.77464e-10 	6.48568e-09
0.03    0.03    0.03    0.03    0.03    4.14 	0.000167456 	0.00322728 	0.0360307 	3.1338e-13 	-3.76763e-14 	1.40092e-14 	1.46709e-13 	4.07712e-14 	5.10719e-13 	9.19378e-09 	-6.17045e-10 	-9.98549e-09 	9.27834e-11 	6.90774e-10 	1.08549e-08
0.03    0.03    0.03    0.03    0.03    4.23 	0.000167456 	0.00322728 	0.0360307 	3.1338e-13 	-3.76763e-14 	1.40092e-14 	1.46709e-13 	4.07712e-14 	5.10719e-13 	9.19378e-09 	-6.17045e-10 	-9.98549e-09 	9.27834e-11 	6.90774e-10 	1.08549e-08
0.03    0.03    0.03    0.03    0.03    4.32 	-0.0249511 	-0.000892776 	0.0159485 	1.07714e-12 	2.75641e-13 	2.06702e-13 	1.30097e-13 	-8.94475e-15 	3.86654e-13 	2.74963e-09 	5.2418e-10 	-2.30558e-10 	1.34104e-10 	-7.34881e-11 	5.18571e-11
0.03    0.03    0.03    0.03    0.03    4.41 	-0.0249511 	-0.000892776 	0.0159485 	1.07714e-12 	2.75641e-13 	2.06702e-13 	1.30097e-13 	-8.94475e-15 	3.86654e-13 	2.74963e-09 	5.2418e-10 	-2.30558e-10 	1.34104e-10 	-7.34881e-11 	5.18571e-11
0.03    0.03    0.03    0.03    0.03    4.5 	-0.0249511 	-0.000892776 	0.0159485 	1.07714e-12 	2.75641e-13 	2.06702e-13 	1.30097e-13 	-8.94475e-15 	3.86654e-13 	2.74963e-09 	5.2418e-10 	-2.30558e-10 	1.34104e-10 	-7.34881e-11 	5.18571e-11
