0.01      0.01    0.01    0.01    0.01    0 	0.162116 	0.0121793 	-0.00490411 	5.31754e-13 	-1.75147e-13 	3.53496e-14 	1.80388e-13 	-2.63003e-14 	1.68363e-13 	2.71758e-10 	2.03833e-10 	-4.77996e-10 	1.52886e-10 	-3.58523e-10 	8.4075e-10
0.01      0.01    0.01    0.01    0.01    0.09 	0.162116 	0.0121793 	-0.00490411 	5.31754e-13 	-1.75147e-13 	3.53496e-14 	1.80388e-13 	-2.63003e-14 	1.68363e-13 	2.71758e-10 	2.03833e-10 	-4.77996e-10 	1.52886e-10 	-3.58523e-10 	8.4075e-10
0.01      0.01    0.01    0.01    0.01    0.18 	0.162116 	0.0121793 	-0.00490411 	5.31754e-13 	-1.75147e-13 	3.53496e-14 	1.80388e-13 	-2.63003e-14 	1.68363e-13 	2.71758e-10 	2.03833e-10 	-4.77996e-10 	1.52886e-10 	-3.58523e-10 	8.4075e-10
0.01      0.01    0.01    0.01    0.01    0.27 	0.151826 	0.0274849 	0.0241908 	4.56189e-13 	-1.32691e-13 	9.71435e-14 	1.50993e-13 	-2.28308e-14 	1.70585e-13 	4.85602e-11 	-1.72195e-10 	-5.83803e-10 	6.10602e-10 	2.07017e-09 	7.01863e-09
0.01      0.01    0.01    0.01    0.01    0.36 	0.151826 	0.0274849 	0.0241908 	4.56189e-13 	-1.32691e-13 	9.71435e-14 	1.50993e-13 	-2.28308e-14 	1.70585e-13 	4.85602e-11 	-1.72195e-10 	-5.83803e-10 	6.10602e-10 	2.07017e-09 	7.01863e-09
0.01      0.01    0.01    0.01    0.01    0.45 	0.128345 	0.00219575 	-0.0306586 	3.36544e-13 	-9.8581e-14 	2.11162e-14 	1.34276e-13 	1.56092e-14 	1.61781e-13 	2.23456e-09 	-1.00493e-09 	2.08139e-10 	4.51942e-10 	-9.36051e-11 	1.93872e-11
0.01      0.01    0.01    0.01    0.01    0.54 	0.128345 	0.00219575 	-0.0306586 	3.36544e-13 	-9.8581e-14 	2.11162e-14 	1.34276e-13 	1.56092e-14 	1.61781e-13 	2.23456e-09 	-1.00493e-09 	2.08139e-10 	4.51942e-10 	-9.36051e-11 	1.93872e-11
0.01      0.01    0.01    0.01    0.01    0.63 	0.140952 	0.0162226 	-0.0131289 	3.97602e-13 	-1.01162e-13 	7.70387e-14 	1.38472e-13 	-2.4451e-14 	2.17178e-13 	9.81521e-12 	8.70334e-11 	3.04827e-11 	7.71743e-10 	2.70296e-10 	9.46687e-11
0.01      0.01    0.01    0.01    0.01    0.72 	0.140952 	0.0162226 	-0.0131289 	3.97602e-13 	-1.01162e-13 	7.70387e-14 	1.38472e-13 	-2.4451e-14 	2.17178e-13 	9.81521e-12 	8.70334e-11 	3.04827e-11 	7.71743e-10 	2.70296e-10 	9.46687e-11
0.01      0.01    0.01    0.01    0.01    0.81 	0.116495 	0.0132958 	-0.0549927 	4.29116e-13 	-1.42991e-13 	-6.31081e-15 	1.72978e-13 	1.06905e-14 	1.90437e-13 	4.93451e-09 	-2.17635e-09 	2.05335e-09 	9.59871e-10 	-9.05622e-10 	8.54438e-10
0.01      0.01    0.01    0.01    0.01    0.9 	0.116495 	0.0132958 	-0.0549927 	4.29116e-13 	-1.42991e-13 	-6.31081e-15 	1.72978e-13 	1.06905e-14 	1.90437e-13 	4.93451e-09 	-2.17635e-09 	2.05335e-09 	9.59871e-10 	-9.05622e-10 	8.54438e-10
0.01      0.01    0.01    0.01    0.01    0.99 	0.0957653 	0.0809417 	0.0173239 	4.83859e-13 	-1.30528e-13 	3.9101e-14 	2.27871e-13 	1.15093e-14 	1.70249e-13 	1.85134e-09 	-8.54239e-10 	1.90398e-09 	3.9416e-10 	-8.78527e-10 	1.95811e-09
0.01      0.01    0.01    0.01    0.01    1.08 	0.0957653 	0.0809417 	0.0173239 	4.83859e-13 	-1.30528e-13 	3.9101e-14 	2.27871e-13 	1.15093e-14 	1.70249e-13 	1.85134e-09 	-8.54239e-10 	1.90398e-09 	3.9416e-10 	-8.78527e-10 	1.95811e-09
0.01      0.01    0.01    0.01    0.01    1.17 	0.0957653 	0.0809417 	0.0173239 	4.83859e-13 	-1.30528e-13 	3.9101e-14 	2.27871e-13 	1.15093e-14 	1.70249e-13 	1.85134e-09 	-8.54239e-10 	1.90398e-09 	3.9416e-10 	-8.78527e-10 	1.95811e-09
0.01      0.01    0.01    0.01    0.01    1.26 	0.0551722 	0.0247717 	-0.000347757 	6.87699e-13 	-2.35489e-13 	-3.11807e-14 	2.741e-13 	1.60773e-14 	2.31006e-13 	2.07722e-09 	5.60595e-10 	-2.27172e-09 	1.51292e-10 	-6.13085e-10 	2.48443e-09
0.01      0.01    0.01    0.01    0.01    1.35 	0.0551722 	0.0247717 	-0.000347757 	6.87699e-13 	-2.35489e-13 	-3.11807e-14 	2.741e-13 	1.60773e-14 	2.31006e-13 	2.07722e-09 	5.60595e-10 	-2.27172e-09 	1.51292e-10 	-6.13085e-10 	2.48443e-09
0.01      0.01    0.01    0.01    0.01    1.44 	0.120575 	0.0376163 	-0.0101028 	4.58352e-13 	-1.67016e-13 	-4.6534e-14 	1.93152e-13 	-1.12166e-14 	2.09165e-13 	1.07647e-10 	4.17523e-10 	-4.97746e-10 	1.61942e-09 	-1.93058e-09 	2.30152e-09
0.01      0.01    0.01    0.01    0.01    1.53 	0.120575 	0.0376163 	-0.0101028 	4.58352e-13 	-1.67016e-13 	-4.6534e-14 	1.93152e-13 	-1.12166e-14 	2.09165e-13 	1.07647e-10 	4.17523e-10 	-4.97746e-10 	1.61942e-09 	-1.93058e-09 	2.30152e-09
0.01      0.01    0.01    0.01    0.01    1.62 	0.0953611 	0.00579685 	0.00739474 	6.28554e-13 	-2.88856e-13 	3.58279e-14 	2.77502e-13 	-6.85452e-14 	2.64163e-13 	3.35746e-09 	-2.87059e-09 	2.58281e-09 	2.45432e-09 	-2.20827e-09 	1.98688e-09
0.01      0.01    0.01    0.01    0.01    1.71 	0.0953611 	0.00579685 	0.00739474 	6.28554e-13 	-2.88856e-13 	3.58279e-14 	2.77502e-13 	-6.85452e-14 	2.64163e-13 	3.35746e-09 	-2.87059e-09 	2.58281e-09 	2.45432e-09 	-2.20827e-09 	1.98688e-09
0.01      0.01    0.01    0.01    0.01    1.8 	0.138017 	0.0165295 	0.0115561 	6.90767e-13 	-3.2066e-13 	8.94055e-14 	3.29457e-13 	-8.68288e-14 	2.30382e-13 	7.63021e-11 	2.30465e-10 	-2.10569e-10 	6.96105e-10 	-6.36009e-10 	5.81102e-10
0.01      0.01    0.01    0.01    0.01    1.89 	0.138017 	0.0165295 	0.0115561 	6.90767e-13 	-3.2066e-13 	8.94055e-14 	3.29457e-13 	-8.68288e-14 	2.30382e-13 	7.63021e-11 	2.30465e-10 	-2.10569e-10 	6.96105e-10 	-6.36009e-10 	5.81102e-10
0.01      0.01    0.01    0.01    0.01    1.98 	0.109735 	0.0154635 	-0.00732549 	6.43305e-13 	-3.12311e-13 	-6.51254e-14 	2.98251e-13 	2.14471e-14 	2.01795e-13 	1.16829e-10 	-5.99917e-11 	-2.95736e-10 	3.08057e-11 	1.51861e-10 	7.48615e-10
0.01      0.01    0.01    0.01    0.01    2.07 	0.109735 	0.0154635 	-0.00732549 	6.43305e-13 	-3.12311e-13 	-6.51254e-14 	2.98251e-13 	2.14471e-14 	2.01795e-13 	1.16829e-10 	-5.99917e-11 	-2.95736e-10 	3.08057e-11 	1.51861e-10 	7.48615e-10
0.01      0.01    0.01    0.01    0.01    2.16 	0.137713 	0.00802821 	0.0254243 	5.25621e-13 	-1.631e-13 	-9.715e-14 	1.76525e-13 	3.36158e-14 	1.99799e-13 	3.54579e-11 	3.59094e-11 	-1.4098e-10 	3.63666e-11 	-1.42775e-10 	5.60536e-10
0.01      0.01    0.01    0.01    0.01    2.25 	0.137713 	0.00802821 	0.0254243 	5.25621e-13 	-1.631e-13 	-9.715e-14 	1.76525e-13 	3.36158e-14 	1.99799e-13 	3.54579e-11 	3.59094e-11 	-1.4098e-10 	3.63666e-11 	-1.42775e-10 	5.60536e-10
0.01      0.01    0.01    0.01    0.01    2.34 	0.137713 	0.00802821 	0.0254243 	5.25621e-13 	-1.631e-13 	-9.715e-14 	1.76525e-13 	3.36158e-14 	1.99799e-13 	3.54579e-11 	3.59094e-11 	-1.4098e-10 	3.63666e-11 	-1.42775e-10 	5.60536e-10
0.01      0.01    0.01    0.01    0.01    2.43 	0.142217 	0.0191603 	0.0014108 	4.864e-13 	-1.71692e-13 	-3.48659e-16 	1.84748e-13 	-9.18601e-15 	1.86931e-13 	6.91168e-11 	8.25045e-11 	-3.29038e-10 	9.84853e-11 	-3.92772e-10 	1.56643e-09
0.01      0.01    0.01    0.01    0.01    2.52 	0.142217 	0.0191603 	0.0014108 	4.864e-13 	-1.71692e-13 	-3.48659e-16 	1.84748e-13 	-9.18601e-15 	1.86931e-13 	6.91168e-11 	8.25045e-11 	-3.29038e-10 	9.84853e-11 	-3.92772e-10 	1.56643e-09
0.01      0.01    0.01    0.01    0.01    2.61 	0.130952 	0.0194646 	0.00240319 	3.79809e-13 	-9.34284e-14 	-1.35671e-14 	1.45313e-13 	-2.61107e-14 	1.71967e-13 	1.2743e-09 	-2.59951e-09 	1.15441e-09 	5.30288e-09 	-2.35495e-09 	1.0458e-09
0.01      0.01    0.01    0.01    0.01    2.7 	0.130952 	0.0194646 	0.00240319 	3.79809e-13 	-9.34284e-14 	-1.35671e-14 	1.45313e-13 	-2.61107e-14 	1.71967e-13 	1.2743e-09 	-2.59951e-09 	1.15441e-09 	5.30288e-09 	-2.35495e-09 	1.0458e-09
0.01      0.01    0.01    0.01    0.01    2.79 	0.149499 	0.0198896 	-0.00781363 	3.51858e-13 	-1.02576e-13 	-6.40813e-14 	1.44546e-13 	8.62857e-15 	1.94887e-13 	2.41176e-11 	-4.53065e-12 	-1.8414e-10 	8.51112e-13 	3.45919e-11 	1.40592e-09
0.01      0.01    0.01    0.01    0.01    2.88 	0.149499 	0.0198896 	-0.00781363 	3.51858e-13 	-1.02576e-13 	-6.40813e-14 	1.44546e-13 	8.62857e-15 	1.94887e-13 	2.41176e-11 	-4.53065e-12 	-1.8414e-10 	8.51112e-13 	3.45919e-11 	1.40592e-09
0.01      0.01    0.01    0.01    0.01    2.97 	0.153618 	0.00249175 	-0.0429711 	3.8154e-13 	-1.34613e-13 	-4.00992e-14 	1.64565e-13 	2.54589e-14 	1.66613e-13 	2.21348e-10 	-2.58253e-11 	2.53586e-10 	3.01312e-12 	-2.95867e-11 	2.9052e-10
0.01      0.01    0.01    0.01    0.01    3.06 	0.153618 	0.00249175 	-0.0429711 	3.8154e-13 	-1.34613e-13 	-4.00992e-14 	1.64565e-13 	2.54589e-14 	1.66613e-13 	2.21348e-10 	-2.58253e-11 	2.53586e-10 	3.01312e-12 	-2.95867e-11 	2.9052e-10
0.01      0.01    0.01    0.01    0.01    3.15 	0.143959 	-0.00967466 	-0.00483033 	3.74361e-13 	-1.01847e-13 	1.91749e-14 	1.41586e-13 	-7.61922e-15 	1.50455e-13 	1.25455e-13 	2.64878e-11 	1.72595e-11 	5.59231e-09 	3.64395e-09 	2.3744e-09
0.01      0.01    0.01    0.01    0.01    3.24 	0.143959 	-0.00967466 	-0.00483033 	3.74361e-13 	-1.01847e-13 	1.91749e-14 	1.41586e-13 	-7.61922e-15 	1.50455e-13 	1.25455e-13 	2.64878e-11 	1.72595e-11 	5.59231e-09 	3.64395e-09 	2.3744e-09
0.01      0.01    0.01    0.01    0.01    3.33 	0.185436 	-0.000580285 	-0.0168567 	4.42164e-13 	-1.32571e-13 	-8.36988e-17 	1.51604e-13 	-1.01888e-16 	1.62449e-13 	6.44114e-11 	-6.23672e-11 	-3.62968e-11 	6.03878e-11 	3.51449e-11 	2.04539e-11
0.01      0.01    0.01    0.01    0.01    3.42 	0.185436 	-0.000580285 	-0.0168567 	4.42164e-13 	-1.32571e-13 	-8.36988e-17 	1.51604e-13 	-1.01888e-16 	1.62449e-13 	6.44114e-11 	-6.23672e-11 	-3.62968e-11 	6.03878e-11 	3.51449e-11 	2.04539e-11
0.01      0.01    0.01    0.01    0.01    3.51 	0.185436 	-0.000580285 	-0.0168567 	4.42164e-13 	-1.32571e-13 	-8.36988e-17 	1.51604e-13 	-1.01888e-16 	1.62449e-13 	6.44114e-11 	-6.23672e-11 	-3.62968e-11 	6.03878e-11 	3.51449e-11 	2.04539e-11
0.01      0.01    0.01    0.01    0.01    3.6 	0.165003 	-0.0261518 	0.00665177 	4.06491e-13 	-1.1768e-13 	1.68784e-14 	1.18185e-13 	-6.04758e-15 	1.77093e-13 	7.69516e-09 	1.27298e-11 	1.24397e-10 	2.10584e-14 	2.05785e-13 	2.01095e-12
0.01      0.01    0.01    0.01    0.01    3.69 	0.165003 	-0.0261518 	0.00665177 	4.06491e-13 	-1.1768e-13 	1.68784e-14 	1.18185e-13 	-6.04758e-15 	1.77093e-13 	7.69516e-09 	1.27298e-11 	1.24397e-10 	2.10584e-14 	2.05785e-13 	2.01095e-12
0.01      0.01    0.01    0.01    0.01    3.78 	0.162504 	0.0172342 	0.0145654 	3.77603e-13 	-1.29364e-13 	4.09243e-14 	1.37196e-13 	-2.83302e-14 	1.76148e-13 	5.37584e-10 	6.6315e-10 	5.71539e-10 	8.18045e-10 	7.05036e-10 	6.07638e-10
0.01      0.01    0.01    0.01    0.01    3.87 	0.162504 	0.0172342 	0.0145654 	3.77603e-13 	-1.29364e-13 	4.09243e-14 	1.37196e-13 	-2.83302e-14 	1.76148e-13 	5.37584e-10 	6.6315e-10 	5.71539e-10 	8.18045e-10 	7.05036e-10 	6.07638e-10
0.01      0.01    0.01    0.01    0.01    3.96 	0.120944 	0.025782 	-0.0117627 	2.837e-13 	-1.07984e-13 	5.12819e-14 	1.28491e-13 	-7.20663e-15 	1.79982e-13 	3.81782e-09 	4.22232e-09 	-6.04144e-10 	4.66968e-09 	-6.68153e-10 	9.56016e-11
0.01      0.01    0.01    0.01    0.01    4.05 	0.120944 	0.025782 	-0.0117627 	2.837e-13 	-1.07984e-13 	5.12819e-14 	1.28491e-13 	-7.20663e-15 	1.79982e-13 	3.81782e-09 	4.22232e-09 	-6.04144e-10 	4.66968e-09 	-6.68153e-10 	9.56016e-11
0.01      0.01    0.01    0.01    0.01    4.14 	0.118392 	0.0282198 	-0.0336082 	3.76825e-13 	-1.04823e-13 	6.34432e-14 	1.27963e-13 	-3.12413e-15 	1.59854e-13 	3.10325e-09 	1.66541e-09 	2.63443e-09 	8.93773e-10 	1.41382e-09 	2.23645e-09
0.01      0.01    0.01    0.01    0.01    4.23 	0.118392 	0.0282198 	-0.0336082 	3.76825e-13 	-1.04823e-13 	6.34432e-14 	1.27963e-13 	-3.12413e-15 	1.59854e-13 	3.10325e-09 	1.66541e-09 	2.63443e-09 	8.93773e-10 	1.41382e-09 	2.23645e-09
0.01      0.01    0.01    0.01    0.01    4.32 	0.185712 	-0.0438237 	0.00407492 	5.14316e-13 	-1.39023e-13 	5.52615e-14 	1.28807e-13 	-1.58902e-14 	1.60214e-13 	1.75335e-10 	2.70847e-10 	2.10628e-11 	4.18386e-10 	3.25364e-11 	2.53023e-12
0.01      0.01    0.01    0.01    0.01    4.41 	0.185712 	-0.0438237 	0.00407492 	5.14316e-13 	-1.39023e-13 	5.52615e-14 	1.28807e-13 	-1.58902e-14 	1.60214e-13 	1.75335e-10 	2.70847e-10 	2.10628e-11 	4.18386e-10 	3.25364e-11 	2.53023e-12
0.01      0.01    0.01    0.01    0.01    4.5 	0.185712 	-0.0438237 	0.00407492 	5.14316e-13 	-1.39023e-13 	5.52615e-14 	1.28807e-13 	-1.58902e-14 	1.60214e-13 	1.75335e-10 	2.70847e-10 	2.10628e-11 	4.18386e-10 	3.25364e-11 	2.53023e-12
0.02      0.02    0.02    0.02    0.02    0 	0.162183 	0.0122359 	-0.00501265 	5.31875e-13 	-1.75242e-13 	3.5264e-14 	1.80475e-13 	-2.62339e-14 	1.68295e-13 	1.39257e-09 	1.13668e-09 	-2.31501e-09 	9.28483e-10 	-1.88853e-09 	3.85091e-09
0.02      0.02    0.02    0.02    0.02    0.09 	0.162183 	0.0122359 	-0.00501265 	5.31875e-13 	-1.75242e-13 	3.5264e-14 	1.80475e-13 	-2.62339e-14 	1.68295e-13 	1.39257e-09 	1.13668e-09 	-2.31501e-09 	9.28483e-10 	-1.88853e-09 	3.85091e-09
0.02      0.02    0.02    0.02    0.02    0.18 	0.162183 	0.0122359 	-0.00501265 	5.31875e-13 	-1.75242e-13 	3.5264e-14 	1.80475e-13 	-2.62339e-14 	1.68295e-13 	1.39257e-09 	1.13668e-09 	-2.31501e-09 	9.28483e-10 	-1.88853e-09 	3.85091e-09
0.02      0.02    0.02    0.02    0.02    0.27 	0.151803 	0.0275827 	0.0245185 	4.56117e-13 	-1.32687e-13 	9.72858e-14 	1.50957e-13 	-2.28824e-14 	1.70645e-13 	1.86157e-10 	-7.48869e-10 	-2.51345e-09 	3.02547e-09 	1.01548e-08 	3.40851e-08
0.02      0.02    0.02    0.02    0.02    0.36 	0.151803 	0.0275827 	0.0245185 	4.56117e-13 	-1.32687e-13 	9.72858e-14 	1.50957e-13 	-2.28824e-14 	1.70645e-13 	1.86157e-10 	-7.48869e-10 	-2.51345e-09 	3.02547e-09 	1.01548e-08 	3.40851e-08
0.02      0.02    0.02    0.02    0.02    0.45 	0.128163 	0.00227243 	-0.0306816 	3.36146e-13 	-9.84993e-14 	2.11442e-14 	1.34255e-13 	1.56428e-14 	1.6186e-13 	1.0608e-08 	-4.56714e-09 	1.21928e-09 	1.9669e-09 	-5.24234e-10 	1.41073e-10
0.02      0.02    0.02    0.02    0.02    0.54 	0.128163 	0.00227243 	-0.0306816 	3.36146e-13 	-9.84993e-14 	2.11442e-14 	1.34255e-13 	1.56428e-14 	1.6186e-13 	1.0608e-08 	-4.56714e-09 	1.21928e-09 	1.9669e-09 	-5.24234e-10 	1.41073e-10
0.02      0.02    0.02    0.02    0.02    0.63 	0.140973 	0.0163363 	-0.0130896 	3.97496e-13 	-1.01136e-13 	7.71987e-14 	1.38503e-13 	-2.44743e-14 	2.17217e-13 	1.11121e-10 	6.6174e-10 	2.29416e-10 	3.98635e-09 	1.38248e-09 	4.79454e-10
0.02      0.02    0.02    0.02    0.02    0.72 	0.140973 	0.0163363 	-0.0130896 	3.97496e-13 	-1.01136e-13 	7.71987e-14 	1.38503e-13 	-2.44743e-14 	2.17217e-13 	1.11121e-10 	6.6174e-10 	2.29416e-10 	3.98635e-09 	1.38248e-09 	4.79454e-10
0.02      0.02    0.02    0.02    0.02    0.81 	0.116777 	0.013173 	-0.0548749 	4.29335e-13 	-1.43029e-13 	-6.11238e-15 	1.72999e-13 	1.0623e-14 	1.90401e-13 	2.48192e-08 	-1.0857e-08 	1.03661e-08 	4.74934e-09 	-4.53455e-09 	4.32957e-09
0.02      0.02    0.02    0.02    0.02    0.9 	0.116777 	0.013173 	-0.0548749 	4.29335e-13 	-1.43029e-13 	-6.11238e-15 	1.72999e-13 	1.0623e-14 	1.90401e-13 	2.48192e-08 	-1.0857e-08 	1.03661e-08 	4.74934e-09 	-4.53455e-09 	4.32957e-09
0.02      0.02    0.02    0.02    0.02    0.99 	0.0959383 	0.0808575 	0.0174971 	4.83849e-13 	-1.30645e-13 	3.91068e-14 	2.27845e-13 	1.15085e-14 	1.70366e-13 	9.33227e-09 	-4.47552e-09 	9.43198e-09 	2.14668e-09 	-4.523e-09 	9.53343e-09
0.02      0.02    0.02    0.02    0.02    1.08 	0.0959383 	0.0808575 	0.0174971 	4.83849e-13 	-1.30645e-13 	3.91068e-14 	2.27845e-13 	1.15085e-14 	1.70366e-13 	9.33227e-09 	-4.47552e-09 	9.43198e-09 	2.14668e-09 	-4.523e-09 	9.53343e-09
0.02      0.02    0.02    0.02    0.02    1.17 	0.0959383 	0.0808575 	0.0174971 	4.83849e-13 	-1.30645e-13 	3.91068e-14 	2.27845e-13 	1.15085e-14 	1.70366e-13 	9.33227e-09 	-4.47552e-09 	9.43198e-09 	2.14668e-09 	-4.523e-09 	9.53343e-09
0.02      0.02    0.02    0.02    0.02    1.26 	0.0553585 	0.0248315 	-0.00054401 	6.88139e-13 	-2.3514e-13 	-3.1107e-14 	2.73763e-13 	1.61004e-14 	2.3115e-13 	1.07139e-08 	3.25296e-09 	-1.14317e-08 	9.90475e-10 	-3.46867e-09 	1.21995e-08
0.02      0.02    0.02    0.02    0.02    1.35 	0.0553585 	0.0248315 	-0.00054401 	6.88139e-13 	-2.3514e-13 	-3.1107e-14 	2.73763e-13 	1.61004e-14 	2.3115e-13 	1.07139e-08 	3.25296e-09 	-1.14317e-08 	9.90475e-10 	-3.46867e-09 	1.21995e-08
0.02      0.02    0.02    0.02    0.02    1.44 	0.120621 	0.0377833 	-0.0102907 	4.58512e-13 	-1.67203e-13 	-4.67495e-14 	1.93231e-13 	-1.1126e-14 	2.09101e-13 	6.27011e-10 	2.31549e-09 	-2.64912e-09 	8.55662e-09 	-9.7924e-09 	1.12089e-08
0.02      0.02    0.02    0.02    0.02    1.53 	0.120621 	0.0377833 	-0.0102907 	4.58512e-13 	-1.67203e-13 	-4.67495e-14 	1.93231e-13 	-1.1126e-14 	2.09101e-13 	6.27011e-10 	2.31549e-09 	-2.64912e-09 	8.55662e-09 	-9.7924e-09 	1.12089e-08
0.02      0.02    0.02    0.02    0.02    1.62 	0.095595 	0.00560735 	0.00756992 	6.29322e-13 	-2.89398e-13 	3.60174e-14 	2.77769e-13 	-6.8634e-14 	2.64174e-13 	1.70363e-08 	-1.40267e-08 	1.28709e-08 	1.15507e-08 	-1.05981e-08 	9.72455e-09
0.02      0.02    0.02    0.02    0.02    1.71 	0.095595 	0.00560735 	0.00756992 	6.29322e-13 	-2.89398e-13 	3.60174e-14 	2.77769e-13 	-6.8634e-14 	2.64174e-13 	1.70363e-08 	-1.40267e-08 	1.28709e-08 	1.15507e-08 	-1.05981e-08 	9.72455e-09
0.02      0.02    0.02    0.02    0.02    1.8 	0.137985 	0.0164252 	0.0116609 	6.89981e-13 	-3.20729e-13 	8.95122e-14 	3.29669e-13 	-8.70138e-14 	2.30343e-13 	3.49522e-10 	1.09189e-09 	-1.06575e-09 	3.41306e-09 	-3.33291e-09 	3.25648e-09
0.02      0.02    0.02    0.02    0.02    1.89 	0.137985 	0.0164252 	0.0116609 	6.89981e-13 	-3.20729e-13 	8.95122e-14 	3.29669e-13 	-8.70138e-14 	2.30343e-13 	3.49522e-10 	1.09189e-09 	-1.06575e-09 	3.41306e-09 	-3.33291e-09 	3.25648e-09
0.02      0.02    0.02    0.02    0.02    1.98 	0.109787 	0.0154407 	-0.00742473 	6.43486e-13 	-3.12617e-13 	-6.51736e-14 	2.9842e-13 	2.1469e-14 	2.01719e-13 	7.64138e-10 	-3.48087e-10 	-1.58123e-09 	1.58776e-10 	7.21999e-10 	3.28853e-09
0.02      0.02    0.02    0.02    0.02    2.07 	0.109787 	0.0154407 	-0.00742473 	6.43486e-13 	-3.12617e-13 	-6.51736e-14 	2.9842e-13 	2.1469e-14 	2.01719e-13 	7.64138e-10 	-3.48087e-10 	-1.58123e-09 	1.58776e-10 	7.21999e-10 	3.28853e-09
0.02      0.02    0.02    0.02    0.02    2.16 	0.137682 	0.0080081 	0.025513 	5.2597e-13 	-1.63194e-13 	-9.73664e-14 	1.7663e-13 	3.3648e-14 	1.99778e-13 	2.621e-10 	1.92561e-10 	-8.18087e-10 	1.43603e-10 	-6.07745e-10 	2.57462e-09
0.02      0.02    0.02    0.02    0.02    2.25 	0.137682 	0.0080081 	0.025513 	5.2597e-13 	-1.63194e-13 	-9.73664e-14 	1.7663e-13 	3.3648e-14 	1.99778e-13 	2.621e-10 	1.92561e-10 	-8.18087e-10 	1.43603e-10 	-6.07745e-10 	2.57462e-09
0.02      0.02    0.02    0.02    0.02    2.34 	0.137682 	0.0080081 	0.025513 	5.2597e-13 	-1.63194e-13 	-9.73664e-14 	1.7663e-13 	3.3648e-14 	1.99778e-13 	2.621e-10 	1.92561e-10 	-8.18087e-10 	1.43603e-10 	-6.07745e-10 	2.57462e-09
0.02      0.02    0.02    0.02    0.02    2.43 	0.142182 	0.0191365 	0.00155804 	4.86217e-13 	-1.71682e-13 	-4.77753e-16 	1.84693e-13 	-9.12376e-15 	1.86991e-13 	3.65811e-10 	3.06491e-10 	-1.61092e-09 	2.62457e-10 	-1.35526e-09 	7.09945e-09
0.02      0.02    0.02    0.02    0.02    2.52 	0.142182 	0.0191365 	0.00155804 	4.86217e-13 	-1.71682e-13 	-4.77753e-16 	1.84693e-13 	-9.12376e-15 	1.86991e-13 	3.65811e-10 	3.06491e-10 	-1.61092e-09 	2.62457e-10 	-1.35526e-09 	7.09945e-09
0.02      0.02    0.02    0.02    0.02    2.61 	0.130821 	0.019741 	0.00226937 	3.79513e-13 	-9.32676e-14 	-1.36674e-14 	1.45222e-13 	-2.60265e-14 	1.71971e-13 	5.68519e-09 	-1.18547e-08 	5.58419e-09 	2.47213e-08 	-1.16473e-08 	5.49029e-09
0.02      0.02    0.02    0.02    0.02    2.7 	0.130821 	0.019741 	0.00226937 	3.79513e-13 	-9.32676e-14 	-1.36674e-14 	1.45222e-13 	-2.60265e-14 	1.71971e-13 	5.68519e-09 	-1.18547e-08 	5.58419e-09 	2.47213e-08 	-1.16473e-08 	5.49029e-09
0.02      0.02    0.02    0.02    0.02    2.79 	0.149481 	0.0198882 	-0.00765673 	3.51695e-13 	-1.02671e-13 	-6.39533e-14 	1.44587e-13 	8.5968e-15 	1.9486e-13 	1.06943e-10 	-1.77886e-12 	-8.94726e-10 	7.18822e-13 	1.33057e-11 	7.49297e-09
0.02      0.02    0.02    0.02    0.02    2.88 	0.149481 	0.0198882 	-0.00765673 	3.51695e-13 	-1.02671e-13 	-6.39533e-14 	1.44587e-13 	8.5968e-15 	1.9486e-13 	1.06943e-10 	-1.77886e-12 	-8.94726e-10 	7.18822e-13 	1.33057e-11 	7.49297e-09
0.02      0.02    0.02    0.02    0.02    2.97 	0.153678 	0.00248711 	-0.0428966 	3.81827e-13 	-1.34776e-13 	-4.01264e-14 	1.64706e-13 	2.54369e-14 	1.66542e-13 	1.12074e-09 	-9.7136e-11 	1.35919e-09 	8.56516e-12 	-1.17592e-10 	1.64895e-09
0.02      0.02    0.02    0.02    0.02    3.06 	0.153678 	0.00248711 	-0.0428966 	3.81827e-13 	-1.34776e-13 	-4.01264e-14 	1.64706e-13 	2.54369e-14 	1.66542e-13 	1.12074e-09 	-9.7136e-11 	1.35919e-09 	8.56516e-12 	-1.17592e-10 	1.64895e-09
0.02      0.02    0.02    0.02    0.02    3.15 	0.143959 	-0.00937475 	-0.00464135 	3.744e-13 	-1.01753e-13 	1.9214e-14 	1.41607e-13 	-7.62737e-15 	1.50471e-13 	6.54685e-14 	1.35999e-11 	8.84541e-12 	2.81009e-08 	1.78669e-08 	1.13609e-08
0.02      0.02    0.02    0.02    0.02    3.24 	0.143959 	-0.00937475 	-0.00464135 	3.744e-13 	-1.01753e-13 	1.9214e-14 	1.41607e-13 	-7.62737e-15 	1.50471e-13 	6.54685e-14 	1.35999e-11 	8.84541e-12 	2.81009e-08 	1.78669e-08 	1.13609e-08
0.02      0.02    0.02    0.02    0.02    3.33 	0.185402 	-0.000544696 	-0.0168372 	4.41804e-13 	-1.32368e-13 	6.83543e-17 	1.51462e-13 	-9.27888e-17 	1.62499e-13 	3.46556e-10 	-3.56479e-10 	-1.97586e-10 	3.66868e-10 	2.03333e-10 	1.12763e-10
0.02      0.02    0.02    0.02    0.02    3.42 	0.185402 	-0.000544696 	-0.0168372 	4.41804e-13 	-1.32368e-13 	6.83543e-17 	1.51462e-13 	-9.27888e-17 	1.62499e-13 	3.46556e-10 	-3.56479e-10 	-1.97586e-10 	3.66868e-10 	2.03333e-10 	1.12763e-10
0.02      0.02    0.02    0.02    0.02    3.51 	0.185402 	-0.000544696 	-0.0168372 	4.41804e-13 	-1.32368e-13 	6.83543e-17 	1.51462e-13 	-9.27888e-17 	1.62499e-13 	3.46556e-10 	-3.56479e-10 	-1.97586e-10 	3.66868e-10 	2.03333e-10 	1.12763e-10
0.02      0.02    0.02    0.02    0.02    3.6 	0.16536 	-0.0261442 	0.00665382 	4.06831e-13 	-1.17531e-13 	1.69764e-14 	1.18139e-13 	-6.04956e-15 	1.77169e-13 	3.94795e-08 	6.16744e-10 	3.55596e-10 	1.04988e-11 	5.0746e-12 	3.51223e-12
0.02      0.02    0.02    0.02    0.02    3.69 	0.16536 	-0.0261442 	0.00665382 	4.06831e-13 	-1.17531e-13 	1.69764e-14 	1.18139e-13 	-6.04956e-15 	1.77169e-13 	3.94795e-08 	6.16744e-10 	3.55596e-10 	1.04988e-11 	5.0746e-12 	3.51223e-12
0.02      0.02    0.02    0.02    0.02    3.78 	0.162415 	0.0171157 	0.014464 	3.7749e-13 	-1.29509e-13 	4.09411e-14 	1.37265e-13 	-2.82683e-14 	1.76155e-13 	2.5493e-09 	3.30454e-09 	2.83726e-09 	4.28622e-09 	3.67955e-09 	3.15892e-09
0.02      0.02    0.02    0.02    0.02    3.87 	0.162415 	0.0171157 	0.014464 	3.7749e-13 	-1.29509e-13 	4.09411e-14 	1.37265e-13 	-2.82683e-14 	1.76155e-13 	2.5493e-09 	3.30454e-09 	2.83726e-09 	4.28622e-09 	3.67955e-09 	3.15892e-09
0.02      0.02    0.02    0.02    0.02    3.96 	0.120702 	0.0255059 	-0.0117244 	2.83584e-13 	-1.08167e-13 	5.1323e-14 	1.28567e-13 	-7.26607e-15 	1.79978e-13 	1.84955e-08 	2.09297e-08 	-2.95169e-09 	2.36858e-08 	-3.34004e-09 	4.71446e-10
0.02      0.02    0.02    0.02    0.02    4.05 	0.120702 	0.0255059 	-0.0117244 	2.83584e-13 	-1.08167e-13 	5.1323e-14 	1.28567e-13 	-7.26607e-15 	1.79978e-13 	1.84955e-08 	2.09297e-08 	-2.95169e-09 	2.36858e-08 	-3.34004e-09 	4.71446e-10
0.02      0.02    0.02    0.02    0.02    4.14 	0.11862 	0.0283463 	-0.0334222 	3.7707e-13 	-1.0484e-13 	6.35562e-14 	1.27885e-13 	-3.13189e-15 	1.5992e-13 	1.6005e-08 	8.81636e-09 	1.32318e-08 	4.85687e-09 	7.28829e-09 	1.09403e-08
0.02      0.02    0.02    0.02    0.02    4.23 	0.11862 	0.0283463 	-0.0334222 	3.7707e-13 	-1.0484e-13 	6.35562e-14 	1.27885e-13 	-3.13189e-15 	1.5992e-13 	1.6005e-08 	8.81636e-09 	1.32318e-08 	4.85687e-09 	7.28829e-09 	1.09403e-08
0.02      0.02    0.02    0.02    0.02    4.32 	0.185757 	-0.0437429 	0.00408018 	5.13653e-13 	-1.38661e-13 	5.52938e-14 	1.28687e-13 	-1.58909e-14 	1.60153e-13 	6.87191e-10 	1.18892e-09 	7.59678e-11 	2.06057e-09 	1.3157e-10 	9.07804e-12
0.02      0.02    0.02    0.02    0.02    4.41 	0.185757 	-0.0437429 	0.00408018 	5.13653e-13 	-1.38661e-13 	5.52938e-14 	1.28687e-13 	-1.58909e-14 	1.60153e-13 	6.87191e-10 	1.18892e-09 	7.59678e-11 	2.06057e-09 	1.3157e-10 	9.07804e-12
0.02      0.02    0.02    0.02    0.02    4.5 	0.185757 	-0.0437429 	0.00408018 	5.13653e-13 	-1.38661e-13 	5.52938e-14 	1.28687e-13 	-1.58909e-14 	1.60153e-13 	6.87191e-10 	1.18892e-09 	7.59678e-11 	2.06057e-09 	1.3157e-10 	9.07804e-12
0.03      0.03    0.03    0.03    0.03    0 	0.162251 	0.0122883 	-0.00511524 	5.31996e-13 	-1.75336e-13 	3.51779e-14 	1.80562e-13 	-2.61672e-14 	1.68228e-13 	3.30166e-09 	2.65593e-09 	-5.26956e-09 	2.13741e-09 	-4.23968e-09 	8.41836e-09
0.03      0.03    0.03    0.03    0.03    0.09 	0.162251 	0.0122883 	-0.00511524 	5.31996e-13 	-1.75336e-13 	3.51779e-14 	1.80562e-13 	-2.61672e-14 	1.68228e-13 	3.30166e-09 	2.65593e-09 	-5.26956e-09 	2.13741e-09 	-4.23968e-09 	8.41836e-09
0.03      0.03    0.03    0.03    0.03    0.18 	0.162251 	0.0122883 	-0.00511524 	5.31996e-13 	-1.75336e-13 	3.51779e-14 	1.80562e-13 	-2.61672e-14 	1.68228e-13 	3.30166e-09 	2.65593e-09 	-5.26956e-09 	2.13741e-09 	-4.23968e-09 	8.41836e-09
0.03      0.03    0.03    0.03    0.03    0.27 	0.151789 	0.0276694 	0.0248342 	4.56046e-13 	-1.32683e-13 	9.74231e-14 	1.50924e-13 	-2.29319e-14 	1.70706e-13 	3.0254e-10 	-1.38752e-09 	-4.774e-09 	6.45108e-09 	2.2247e-08 	7.67551e-08
0.03      0.03    0.03    0.03    0.03    0.36 	0.151789 	0.0276694 	0.0248342 	4.56046e-13 	-1.32683e-13 	9.74231e-14 	1.50924e-13 	-2.29319e-14 	1.70706e-13 	3.0254e-10 	-1.38752e-09 	-4.774e-09 	6.45108e-09 	2.2247e-08 	7.67551e-08
0.03      0.03    0.03    0.03    0.03    0.45 	0.127984 	0.00234826 	-0.0307079 	3.35752e-13 	-9.84182e-14 	2.11714e-14 	1.34238e-13 	1.56762e-14 	1.61943e-13 	2.41006e-08 	-1.02723e-08 	3.10437e-09 	4.37887e-09 	-1.32212e-09 	4.02575e-10
0.03      0.03    0.03    0.03    0.03    0.54 	0.127984 	0.00234826 	-0.0307079 	3.35752e-13 	-9.84182e-14 	2.11714e-14 	1.34238e-13 	1.56762e-14 	1.61943e-13 	2.41006e-08 	-1.02723e-08 	3.10437e-09 	4.37887e-09 	-1.32212e-09 	4.02575e-10
0.03      0.03    0.03    0.03    0.03    0.63 	0.140987 	0.0164499 	-0.0130496 	3.9739e-13 	-1.0111e-13 	7.73565e-14 	1.38535e-13 	-2.4497e-14 	2.17256e-13 	2.23886e-10 	1.44099e-09 	5.02009e-10 	9.36421e-09 	3.26357e-09 	1.13742e-09
0.03      0.03    0.03    0.03    0.03    0.72 	0.140987 	0.0164499 	-0.0130496 	3.9739e-13 	-1.0111e-13 	7.73565e-14 	1.38535e-13 	-2.4497e-14 	2.17256e-13 	2.23886e-10 	1.44099e-09 	5.02009e-10 	9.36421e-09 	3.26357e-09 	1.13742e-09
0.03      0.03    0.03    0.03    0.03    0.81 	0.117039 	0.0130588 	-0.0547636 	4.29553e-13 	-1.43066e-13 	-5.9139e-15 	1.7302e-13 	1.05554e-14 	1.90368e-13 	5.50772e-08 	-2.40337e-08 	2.31281e-08 	1.04875e-08 	-1.00922e-08 	9.71212e-09
0.03      0.03    0.03    0.03    0.03    0.9 	0.117039 	0.0130588 	-0.0547636 	4.29553e-13 	-1.43066e-13 	-5.9139e-15 	1.7302e-13 	1.05554e-14 	1.90368e-13 	5.50772e-08 	-2.40337e-08 	2.31281e-08 	1.04875e-08 	-1.00922e-08 	9.71212e-09
0.03      0.03    0.03    0.03    0.03    0.99 	0.0961053 	0.080782 	0.0176591 	4.83839e-13 	-1.30763e-13 	3.91123e-14 	2.2782e-13 	1.15076e-14 	1.70483e-13 	2.12605e-08 	-1.00212e-08 	2.11356e-08 	4.72472e-09 	-9.96362e-09 	2.10146e-08
0.03      0.03    0.03    0.03    0.03    1.08 	0.0961053 	0.080782 	0.0176591 	4.83839e-13 	-1.30763e-13 	3.91123e-14 	2.2782e-13 	1.15076e-14 	1.70483e-13 	2.12605e-08 	-1.00212e-08 	2.11356e-08 	4.72472e-09 	-9.96362e-09 	2.10146e-08
0.03      0.03    0.03    0.03    0.03    1.17 	0.0961053 	0.080782 	0.0176591 	4.83839e-13 	-1.30763e-13 	3.91123e-14 	2.2782e-13 	1.15076e-14 	1.70483e-13 	2.12605e-08 	-1.00212e-08 	2.11356e-08 	4.72472e-09 	-9.96362e-09 	2.10146e-08
0.03      0.03    0.03    0.03    0.03    1.26 	0.0555387 	0.0249034 	-0.000721889 	6.88579e-13 	-2.34794e-13 	-3.10322e-14 	2.7343e-13 	1.61222e-14 	2.31294e-13 	2.45874e-08 	8.38922e-09 	-2.54674e-08 	2.88111e-09 	-8.67402e-09 	2.63917e-08
0.03      0.03    0.03    0.03    0.03    1.35 	0.0555387 	0.0249034 	-0.000721889 	6.88579e-13 	-2.34794e-13 	-3.10322e-14 	2.7343e-13 	1.61222e-14 	2.31294e-13 	2.45874e-08 	8.38922e-09 	-2.54674e-08 	2.88111e-09 	-8.67402e-09 	2.63917e-08
0.03      0.03    0.03    0.03    0.03    1.44 	0.120669 	0.0379314 	-0.0104651 	4.58671e-13 	-1.6739e-13 	-4.69633e-14 	1.93311e-13 	-1.10355e-14 	2.09037e-13 	1.5745e-09 	5.39928e-09 	-6.21666e-09 	1.85666e-08 	-2.13725e-08 	2.46053e-08
0.03      0.03    0.03    0.03    0.03    1.53 	0.120669 	0.0379314 	-0.0104651 	4.58671e-13 	-1.6739e-13 	-4.69633e-14 	1.93311e-13 	-1.10355e-14 	2.09037e-13 	1.5745e-09 	5.39928e-09 	-6.21666e-09 	1.85666e-08 	-2.13725e-08 	2.46053e-08
0.03      0.03    0.03    0.03    0.03    1.62 	0.0958147 	0.00542203 	0.00773295 	6.3009e-13 	-2.89939e-13 	3.62061e-14 	2.78034e-13 	-6.87215e-14 	2.64184e-13 	3.811e-08 	-3.15427e-08 	2.85558e-08 	2.61095e-08 	-2.3635e-08 	2.13978e-08
0.03      0.03    0.03    0.03    0.03    1.71 	0.0958147 	0.00542203 	0.00773295 	6.3009e-13 	-2.89939e-13 	3.62061e-14 	2.78034e-13 	-6.87215e-14 	2.64184e-13 	3.811e-08 	-3.15427e-08 	2.85558e-08 	2.61095e-08 	-2.3635e-08 	2.13978e-08
0.03      0.03    0.03    0.03    0.03    1.8 	0.137953 	0.016312 	0.0117725 	6.89198e-13 	-3.20796e-13 	8.96149e-14 	3.29881e-13 	-8.71963e-14 	2.30306e-13 	7.68707e-10 	2.54641e-09 	-2.50983e-09 	8.45009e-09 	-8.33129e-09 	8.21573e-09
0.03      0.03    0.03    0.03    0.03    1.89 	0.137953 	0.016312 	0.0117725 	6.89198e-13 	-3.20796e-13 	8.96149e-14 	3.29881e-13 	-8.71963e-14 	2.30306e-13 	7.68707e-10 	2.54641e-09 	-2.50983e-09 	8.45009e-09 	-8.33129e-09 	8.21573e-09
0.03      0.03    0.03    0.03    0.03    1.98 	0.109833 	0.0154155 	-0.00751849 	6.43664e-13 	-3.1292e-13 	-6.52215e-14 	2.98587e-13 	2.14906e-14 	2.01644e-13 	1.73906e-09 	-8.39712e-10 	-3.51131e-09 	4.06495e-10 	1.69608e-09 	7.1031e-09
0.03      0.03    0.03    0.03    0.03    2.07 	0.109833 	0.0154155 	-0.00751849 	6.43664e-13 	-3.1292e-13 	-6.52215e-14 	2.98587e-13 	2.14906e-14 	2.01644e-13 	1.73906e-09 	-8.39712e-10 	-3.51131e-09 	4.06495e-10 	1.69608e-09 	7.1031e-09
0.03      0.03    0.03    0.03    0.03    2.16 	0.137645 	0.00799043 	0.025593 	5.26317e-13 	-1.63285e-13 	-9.75821e-14 	1.76735e-13 	3.368e-14 	1.99758e-13 	7.55643e-10 	4.6136e-10 	-2.01726e-09 	2.87043e-10 	-1.25051e-09 	5.45201e-09
0.03      0.03    0.03    0.03    0.03    2.25 	0.137645 	0.00799043 	0.025593 	5.26317e-13 	-1.63285e-13 	-9.75821e-14 	1.76735e-13 	3.368e-14 	1.99758e-13 	7.55643e-10 	4.6136e-10 	-2.01726e-09 	2.87043e-10 	-1.25051e-09 	5.45201e-09
0.03      0.03    0.03    0.03    0.03    2.34 	0.137645 	0.00799043 	0.025593 	5.26317e-13 	-1.63285e-13 	-9.75821e-14 	1.76735e-13 	3.368e-14 	1.99758e-13 	7.55643e-10 	4.6136e-10 	-2.01726e-09 	2.87043e-10 	-1.25051e-09 	5.45201e-09
0.03      0.03    0.03    0.03    0.03    2.43 	0.142149 	0.0191095 	0.00170465 	4.86037e-13 	-1.71673e-13 	-6.06837e-16 	1.8464e-13 	-9.06196e-15 	1.87053e-13 	8.50019e-10 	6.75894e-10 	-3.69727e-09 	5.41899e-10 	-2.94438e-09 	1.60864e-08
0.03      0.03    0.03    0.03    0.03    2.52 	0.142149 	0.0191095 	0.00170465 	4.86037e-13 	-1.71673e-13 	-6.06837e-16 	1.8464e-13 	-9.06196e-15 	1.87053e-13 	8.50019e-10 	6.75894e-10 	-3.69727e-09 	5.41899e-10 	-2.94438e-09 	1.60864e-08
0.03      0.03    0.03    0.03    0.03    2.61 	0.130694 	0.0200053 	0.00214123 	3.79219e-13 	-9.31078e-14 	-1.37669e-14 	1.45134e-13 	-2.59425e-14 	1.71976e-13 	1.25107e-08 	-2.61848e-08 	1.25277e-08 	5.4806e-08 	-2.62232e-08 	1.25502e-08
0.03      0.03    0.03    0.03    0.03    2.7 	0.130694 	0.0200053 	0.00214123 	3.79219e-13 	-9.31078e-14 	-1.37669e-14 	1.45134e-13 	-2.59425e-14 	1.71976e-13 	1.25107e-08 	-2.61848e-08 	1.25277e-08 	5.4806e-08 	-2.62232e-08 	1.25502e-08
0.03      0.03    0.03    0.03    0.03    2.79 	0.149458 	0.0198822 	-0.00750485 	3.51533e-13 	-1.02765e-13 	-6.38245e-14 	1.44629e-13 	8.56454e-15 	1.94834e-13 	2.93246e-10 	3.6089e-11 	-2.25024e-09 	6.91456e-12 	-2.66909e-10 	1.73393e-08
0.03      0.03    0.03    0.03    0.03    2.88 	0.149458 	0.0198822 	-0.00750485 	3.51533e-13 	-1.02765e-13 	-6.38245e-14 	1.44629e-13 	8.56454e-15 	1.94834e-13 	2.93246e-10 	3.6089e-11 	-2.25024e-09 	6.91456e-12 	-2.66909e-10 	1.73393e-08
0.03      0.03    0.03    0.03    0.03    2.97 	0.153736 	0.00247477 	-0.0428292 	3.82117e-13 	-1.34938e-13 	-4.01526e-14 	1.64848e-13 	2.54141e-14 	1.66474e-13 	2.53173e-09 	-3.29249e-10 	3.05599e-09 	4.57027e-11 	-3.9667e-10 	3.68939e-09
0.03      0.03    0.03    0.03    0.03    3.06 	0.153736 	0.00247477 	-0.0428292 	3.82117e-13 	-1.34938e-13 	-4.01526e-14 	1.64848e-13 	2.54141e-14 	1.66474e-13 	2.53173e-09 	-3.29249e-10 	3.05599e-09 	4.57027e-11 	-3.9667e-10 	3.68939e-09
0.03      0.03    0.03    0.03    0.03    3.15 	0.143959 	-0.00908482 	-0.00444486 	3.74441e-13 	-1.0166e-13 	1.92515e-14 	1.41631e-13 	-7.63525e-15 	1.5049e-13 	5.43766e-14 	2.25421e-11 	1.48529e-11 	6.40037e-08 	4.15702e-08 	2.70076e-08
0.03      0.03    0.03    0.03    0.03    3.24 	0.143959 	-0.00908482 	-0.00444486 	3.74441e-13 	-1.0166e-13 	1.92515e-14 	1.41631e-13 	-7.63525e-15 	1.5049e-13 	5.43766e-14 	2.25421e-11 	1.48529e-11 	6.40037e-08 	4.15702e-08 	2.70076e-08
0.03      0.03    0.03    0.03    0.03    3.33 	0.185371 	-0.000511174 	-0.0168125 	4.41446e-13 	-1.32166e-13 	2.20188e-16 	1.51323e-13 	-8.42557e-17 	1.6255e-13 	7.7365e-10 	-8.13129e-10 	-5.02282e-10 	8.54917e-10 	5.28628e-10 	3.28837e-10
0.03      0.03    0.03    0.03    0.03    3.42 	0.185371 	-0.000511174 	-0.0168125 	4.41446e-13 	-1.32166e-13 	2.20188e-16 	1.51323e-13 	-8.42557e-17 	1.6255e-13 	7.7365e-10 	-8.13129e-10 	-5.02282e-10 	8.54917e-10 	5.28628e-10 	3.28837e-10
0.03      0.03    0.03    0.03    0.03    3.51 	0.185371 	-0.000511174 	-0.0168125 	4.41446e-13 	-1.32166e-13 	2.20188e-16 	1.51323e-13 	-8.42557e-17 	1.6255e-13 	7.7365e-10 	-8.13129e-10 	-5.02282e-10 	8.54917e-10 	5.28628e-10 	3.28837e-10
0.03      0.03    0.03    0.03    0.03    3.6 	0.165716 	-0.0261422 	0.0066538 	4.0717e-13 	-1.17382e-13 	1.70742e-14 	1.18096e-13 	-6.0512e-15 	1.77248e-13 	9.23571e-08 	1.21267e-09 	4.70857e-10 	1.70863e-11 	6.37297e-12 	3.2338e-12
0.03      0.03    0.03    0.03    0.03    3.69 	0.165716 	-0.0261422 	0.0066538 	4.0717e-13 	-1.17382e-13 	1.70742e-14 	1.18096e-13 	-6.0512e-15 	1.77248e-13 	9.23571e-08 	1.21267e-09 	4.70857e-10 	1.70863e-11 	6.37297e-12 	3.2338e-12
0.03      0.03    0.03    0.03    0.03    3.78 	0.162331 	0.0169903 	0.014364 	3.77379e-13 	-1.29653e-13 	4.09579e-14 	1.37334e-13 	-2.82055e-14 	1.76164e-13 	5.61833e-09 	7.70368e-09 	6.43145e-09 	1.05806e-08 	8.82616e-09 	7.36566e-09
0.03      0.03    0.03    0.03    0.03    3.87 	0.162331 	0.0169903 	0.014364 	3.77379e-13 	-1.29653e-13 	4.09579e-14 	1.37334e-13 	-2.82055e-14 	1.76164e-13 	5.61833e-09 	7.70368e-09 	6.43145e-09 	1.05806e-08 	8.82616e-09 	7.36566e-09
0.03      0.03    0.03    0.03    0.03    3.96 	0.120457 	0.0252352 	-0.0117006 	2.83473e-13 	-1.08348e-13 	5.13623e-14 	1.28646e-13 	-7.32533e-15 	1.79975e-13 	4.3231e-08 	4.86239e-08 	-5.89933e-09 	5.46927e-08 	-6.63977e-09 	8.17192e-10
0.03      0.03    0.03    0.03    0.03    4.05 	0.120457 	0.0252352 	-0.0117006 	2.83473e-13 	-1.08348e-13 	5.13623e-14 	1.28646e-13 	-7.32533e-15 	1.79975e-13 	4.3231e-08 	4.86239e-08 	-5.89933e-09 	5.46927e-08 	-6.63977e-09 	8.17192e-10
0.03      0.03    0.03    0.03    0.03    4.14 	0.118841 	0.0284588 	-0.033242 	3.77319e-13 	-1.0486e-13 	6.36683e-14 	1.27813e-13 	-3.13995e-15 	1.5999e-13 	3.68701e-08 	1.97775e-08 	3.023e-08 	1.06135e-08 	1.62169e-08 	2.47872e-08
0.03      0.03    0.03    0.03    0.03    4.23 	0.118841 	0.0284588 	-0.033242 	3.77319e-13 	-1.0486e-13 	6.36683e-14 	1.27813e-13 	-3.13995e-15 	1.5999e-13 	3.68701e-08 	1.97775e-08 	3.023e-08 	1.06135e-08 	1.62169e-08 	2.47872e-08
0.03      0.03    0.03    0.03    0.03    4.32 	0.185804 	-0.0436658 	0.00410505 	5.12993e-13 	-1.38301e-13 	5.53237e-14 	1.28569e-13 	-1.58904e-14 	1.60094e-13 	1.57898e-09 	2.70119e-09 	4.20577e-10 	4.62474e-09 	7.1552e-10 	1.32177e-10
0.03      0.03    0.03    0.03    0.03    4.41 	0.185804 	-0.0436658 	0.00410505 	5.12993e-13 	-1.38301e-13 	5.53237e-14 	1.28569e-13 	-1.58904e-14 	1.60094e-13 	1.57898e-09 	2.70119e-09 	4.20577e-10 	4.62474e-09 	7.1552e-10 	1.32177e-10
0.03      0.03    0.03    0.03    0.03    4.5 	0.185804 	-0.0436658 	0.00410505 	5.12993e-13 	-1.38301e-13 	5.53237e-14 	1.28569e-13 	-1.58904e-14 	1.60094e-13 	1.57898e-09 	2.70119e-09 	4.20577e-10 	4.62474e-09 	7.1552e-10 	1.32177e-10
