0.01    0.01    0.01    0.01    0.01    0 	0.0162968 	0.0216525 	-0.00981103 	3.87478e-13 	-7.10151e-14 	2.27078e-14 	2.03681e-13 	5.00673e-14 	3.49133e-13 	7.76798e-11 	8.56607e-11 	5.33473e-10 	9.44615e-11 	5.88282e-10 	3.66367e-09
0.01    0.01    0.01    0.01    0.01    0.09 	0.0162968 	0.0216525 	-0.00981103 	3.87478e-13 	-7.10151e-14 	2.27078e-14 	2.03681e-13 	5.00673e-14 	3.49133e-13 	7.76798e-11 	8.56607e-11 	5.33473e-10 	9.44615e-11 	5.88282e-10 	3.66367e-09
0.01    0.01    0.01    0.01    0.01    0.18 	0.0162968 	0.0216525 	-0.00981103 	3.87478e-13 	-7.10151e-14 	2.27078e-14 	2.03681e-13 	5.00673e-14 	3.49133e-13 	7.76798e-11 	8.56607e-11 	5.33473e-10 	9.44615e-11 	5.88282e-10 	3.66367e-09
0.01    0.01    0.01    0.01    0.01    0.27 	-0.0214042 	0.0228033 	0.0693285 	4.77782e-13 	-3.85623e-14 	-1.07829e-13 	1.97364e-13 	-7.11079e-14 	4.56543e-13 	8.94903e-10 	-4.29355e-10 	-4.26267e-10 	2.05995e-10 	2.04514e-10 	2.03043e-10
0.01    0.01    0.01    0.01    0.01    0.36 	-0.0214042 	0.0228033 	0.0693285 	4.77782e-13 	-3.85623e-14 	-1.07829e-13 	1.97364e-13 	-7.11079e-14 	4.56543e-13 	8.94903e-10 	-4.29355e-10 	-4.26267e-10 	2.05995e-10 	2.04514e-10 	2.03043e-10
0.01    0.01    0.01    0.01    0.01    0.45 	0.0219114 	-0.00430273 	0.00175991 	8.92052e-13 	-1.39624e-13 	2.87969e-14 	2.33511e-13 	-6.10684e-14 	6.46639e-13 	1.79131e-10 	1.80831e-10 	4.77977e-10 	1.82546e-10 	4.82512e-10 	1.27539e-09
0.01    0.01    0.01    0.01    0.01    0.54 	0.0219114 	-0.00430273 	0.00175991 	8.92052e-13 	-1.39624e-13 	2.87969e-14 	2.33511e-13 	-6.10684e-14 	6.46639e-13 	1.79131e-10 	1.80831e-10 	4.77977e-10 	1.82546e-10 	4.82512e-10 	1.27539e-09
0.01    0.01    0.01    0.01    0.01    0.63 	-0.0117206 	-0.00804227 	-0.030592 	1.3919e-12 	-4.77711e-13 	4.1822e-13 	4.47246e-13 	-1.84638e-13 	6.88186e-13 	6.49393e-12 	5.03753e-11 	3.55167e-11 	3.90776e-10 	2.75514e-10 	1.94249e-10
0.01    0.01    0.01    0.01    0.01    0.72 	-0.0117206 	-0.00804227 	-0.030592 	1.3919e-12 	-4.77711e-13 	4.1822e-13 	4.47246e-13 	-1.84638e-13 	6.88186e-13 	6.49393e-12 	5.03753e-11 	3.55167e-11 	3.90776e-10 	2.75514e-10 	1.94249e-10
0.01    0.01    0.01    0.01    0.01    0.81 	-0.0136364 	-0.00303218 	-0.0231947 	6.41888e-13 	-1.25482e-13 	1.07128e-13 	2.78664e-13 	-4.99959e-14 	2.36855e-13 	9.03747e-12 	1.78299e-11 	-4.05201e-11 	3.51762e-11 	-7.99413e-11 	1.81675e-10
0.01    0.01    0.01    0.01    0.01    0.9 	-0.0136364 	-0.00303218 	-0.0231947 	6.41888e-13 	-1.25482e-13 	1.07128e-13 	2.78664e-13 	-4.99959e-14 	2.36855e-13 	9.03747e-12 	1.78299e-11 	-4.05201e-11 	3.51762e-11 	-7.99413e-11 	1.81675e-10
0.01    0.01    0.01    0.01    0.01    0.99 	0.0466846 	0.0109592 	0.0235715 	6.35465e-13 	-3.54234e-14 	-5.20749e-14 	2.27851e-13 	-7.82988e-14 	2.69684e-13 	6.65886e-12 	5.20568e-11 	3.17005e-11 	4.06963e-10 	2.47824e-10 	1.50915e-10
0.01    0.01    0.01    0.01    0.01    1.08 	0.0466846 	0.0109592 	0.0235715 	6.35465e-13 	-3.54234e-14 	-5.20749e-14 	2.27851e-13 	-7.82988e-14 	2.69684e-13 	6.65886e-12 	5.20568e-11 	3.17005e-11 	4.06963e-10 	2.47824e-10 	1.50915e-10
0.01    0.01    0.01    0.01    0.01    1.17 	0.0466846 	0.0109592 	0.0235715 	6.35465e-13 	-3.54234e-14 	-5.20749e-14 	2.27851e-13 	-7.82988e-14 	2.69684e-13 	6.65886e-12 	5.20568e-11 	3.17005e-11 	4.06963e-10 	2.47824e-10 	1.50915e-10
0.01    0.01    0.01    0.01    0.01    1.26 	0.0289499 	0.0140062 	0.00560941 	6.84332e-13 	-1.87805e-13 	2.66601e-13 	3.5467e-13 	-2.37763e-13 	7.40322e-13 	1.16736e-10 	2.12396e-10 	-4.05368e-10 	3.86444e-10 	-7.37547e-10 	1.40765e-09
0.01    0.01    0.01    0.01    0.01    1.35 	0.0289499 	0.0140062 	0.00560941 	6.84332e-13 	-1.87805e-13 	2.66601e-13 	3.5467e-13 	-2.37763e-13 	7.40322e-13 	1.16736e-10 	2.12396e-10 	-4.05368e-10 	3.86444e-10 	-7.37547e-10 	1.40765e-09
0.01    0.01    0.01    0.01    0.01    1.44 	0.0141366 	-0.0223371 	-0.0205393 	6.38331e-13 	-1.44621e-13 	-6.14023e-14 	2.80034e-13 	1.14129e-13 	5.42165e-13 	2.86248e-11 	6.4481e-12 	-4.29828e-11 	1.45252e-12 	-9.68244e-12 	6.45429e-11
0.01    0.01    0.01    0.01    0.01    1.53 	0.0141366 	-0.0223371 	-0.0205393 	6.38331e-13 	-1.44621e-13 	-6.14023e-14 	2.80034e-13 	1.14129e-13 	5.42165e-13 	2.86248e-11 	6.4481e-12 	-4.29828e-11 	1.45252e-12 	-9.68244e-12 	6.45429e-11
0.01    0.01    0.01    0.01    0.01    1.62 	0.00939573 	-0.00831306 	0.0223222 	4.50999e-13 	-5.32631e-14 	-1.89828e-13 	1.567e-13 	7.37327e-14 	5.57452e-13 	3.94319e-12 	8.46568e-11 	1.31637e-11 	1.81751e-09 	2.82614e-10 	4.39451e-11
0.01    0.01    0.01    0.01    0.01    1.71 	0.00939573 	-0.00831306 	0.0223222 	4.50999e-13 	-5.32631e-14 	-1.89828e-13 	1.567e-13 	7.37327e-14 	5.57452e-13 	3.94319e-12 	8.46568e-11 	1.31637e-11 	1.81751e-09 	2.82614e-10 	4.39451e-11
0.01    0.01    0.01    0.01    0.01    1.8 	-0.00410866 	0.0364191 	-0.00109817 	4.37568e-13 	-1.49153e-14 	-1.58873e-13 	1.7739e-13 	-1.36552e-14 	7.45985e-13 	1.16257e-11 	1.51459e-11 	-8.19148e-11 	1.9732e-11 	-1.06718e-10 	5.77172e-10
0.01    0.01    0.01    0.01    0.01    1.89 	-0.00410866 	0.0364191 	-0.00109817 	4.37568e-13 	-1.49153e-14 	-1.58873e-13 	1.7739e-13 	-1.36552e-14 	7.45985e-13 	1.16257e-11 	1.51459e-11 	-8.19148e-11 	1.9732e-11 	-1.06718e-10 	5.77172e-10
0.01    0.01    0.01    0.01    0.01    1.98 	0.00720776 	0.0206712 	-0.0151245 	4.26818e-13 	-5.77071e-14 	-1.25976e-13 	1.94232e-13 	5.33561e-14 	3.50333e-13 	2.57703e-10 	1.24871e-10 	-8.85613e-12 	6.05067e-11 	-4.29127e-12 	3.04347e-13
0.01    0.01    0.01    0.01    0.01    2.07 	0.00720776 	0.0206712 	-0.0151245 	4.26818e-13 	-5.77071e-14 	-1.25976e-13 	1.94232e-13 	5.33561e-14 	3.50333e-13 	2.57703e-10 	1.24871e-10 	-8.85613e-12 	6.05067e-11 	-4.29127e-12 	3.04347e-13
0.01    0.01    0.01    0.01    0.01    2.16 	-0.00582017 	-0.0149741 	-0.0295253 	3.19492e-13 	-3.90974e-14 	1.3077e-14 	2.86282e-13 	-1.43173e-13 	3.0324e-13 	4.32236e-12 	6.81564e-11 	-1.90633e-11 	1.07471e-09 	-3.00596e-10 	8.40763e-11
0.01    0.01    0.01    0.01    0.01    2.25 	-0.00582017 	-0.0149741 	-0.0295253 	3.19492e-13 	-3.90974e-14 	1.3077e-14 	2.86282e-13 	-1.43173e-13 	3.0324e-13 	4.32236e-12 	6.81564e-11 	-1.90633e-11 	1.07471e-09 	-3.00596e-10 	8.40763e-11
0.01    0.01    0.01    0.01    0.01    2.34 	-0.00582017 	-0.0149741 	-0.0295253 	3.19492e-13 	-3.90974e-14 	1.3077e-14 	2.86282e-13 	-1.43173e-13 	3.0324e-13 	4.32236e-12 	6.81564e-11 	-1.90633e-11 	1.07471e-09 	-3.00596e-10 	8.40763e-11
0.01    0.01    0.01    0.01    0.01    2.43 	-0.0346976 	-0.00991881 	0.0236986 	4.66213e-13 	-6.4301e-15 	5.25566e-15 	4.23968e-13 	-2.14311e-13 	5.1385e-13 	7.72893e-11 	-2.81686e-10 	-2.52636e-10 	1.02662e-09 	9.20746e-10 	8.2579e-10
0.01    0.01    0.01    0.01    0.01    2.52 	-0.0346976 	-0.00991881 	0.0236986 	4.66213e-13 	-6.4301e-15 	5.25566e-15 	4.23968e-13 	-2.14311e-13 	5.1385e-13 	7.72893e-11 	-2.81686e-10 	-2.52636e-10 	1.02662e-09 	9.20746e-10 	8.2579e-10
0.01    0.01    0.01    0.01    0.01    2.61 	0.0363394 	-0.0287569 	-0.054462 	1.32066e-12 	-4.32668e-13 	7.55243e-14 	5.77329e-13 	-1.62826e-14 	6.0331e-13 	4.35348e-09 	2.18378e-09 	5.74218e-09 	1.09542e-09 	2.88037e-09 	7.57385e-09
0.01    0.01    0.01    0.01    0.01    2.7 	0.0363394 	-0.0287569 	-0.054462 	1.32066e-12 	-4.32668e-13 	7.55243e-14 	5.77329e-13 	-1.62826e-14 	6.0331e-13 	4.35348e-09 	2.18378e-09 	5.74218e-09 	1.09542e-09 	2.88037e-09 	7.57385e-09
0.01    0.01    0.01    0.01    0.01    2.79 	0.036918 	-0.00380472 	0.0311745 	4.09264e-12 	-1.0255e-12 	1.22707e-12 	5.53376e-13 	-3.40623e-13 	5.94493e-13 	2.19105e-09 	4.30404e-10 	3.04696e-09 	8.45474e-11 	5.98536e-10 	4.23722e-09
0.01    0.01    0.01    0.01    0.01    2.88 	0.036918 	-0.00380472 	0.0311745 	4.09264e-12 	-1.0255e-12 	1.22707e-12 	5.53376e-13 	-3.40623e-13 	5.94493e-13 	2.19105e-09 	4.30404e-10 	3.04696e-09 	8.45474e-11 	5.98536e-10 	4.23722e-09
0.01    0.01    0.01    0.01    0.01    2.97 	-0.0131069 	0.0107403 	0.00458475 	1.07637e-12 	-2.97436e-13 	3.62698e-13 	2.75267e-13 	-9.87236e-14 	5.74024e-13 	3.97967e-10 	8.39524e-11 	-1.44396e-10 	1.771e-11 	-3.04608e-11 	5.23917e-11
0.01    0.01    0.01    0.01    0.01    3.06 	-0.0131069 	0.0107403 	0.00458475 	1.07637e-12 	-2.97436e-13 	3.62698e-13 	2.75267e-13 	-9.87236e-14 	5.74024e-13 	3.97967e-10 	8.39524e-11 	-1.44396e-10 	1.771e-11 	-3.04608e-11 	5.23917e-11
0.01    0.01    0.01    0.01    0.01    3.15 	-0.0155982 	0.00562265 	-0.0293171 	5.05349e-13 	-8.58253e-14 	-1.38145e-13 	3.3564e-13 	-1.23574e-13 	6.27759e-13 	1.67531e-09 	6.70081e-10 	7.38185e-10 	2.68015e-10 	2.95255e-10 	3.25263e-10
0.01    0.01    0.01    0.01    0.01    3.24 	-0.0155982 	0.00562265 	-0.0293171 	5.05349e-13 	-8.58253e-14 	-1.38145e-13 	3.3564e-13 	-1.23574e-13 	6.27759e-13 	1.67531e-09 	6.70081e-10 	7.38185e-10 	2.68015e-10 	2.95255e-10 	3.25263e-10
0.01    0.01    0.01    0.01    0.01    3.33 	0.0501303 	-0.0010176 	-0.0446799 	1.03373e-12 	-2.24478e-13 	-2.92262e-13 	2.95031e-13 	1.28174e-13 	5.35331e-13 	2.42165e-10 	3.27374e-10 	2.07064e-10 	4.42566e-10 	2.79923e-10 	1.77051e-10
0.01    0.01    0.01    0.01    0.01    3.42 	0.0501303 	-0.0010176 	-0.0446799 	1.03373e-12 	-2.24478e-13 	-2.92262e-13 	2.95031e-13 	1.28174e-13 	5.35331e-13 	2.42165e-10 	3.27374e-10 	2.07064e-10 	4.42566e-10 	2.79923e-10 	1.77051e-10
0.01    0.01    0.01    0.01    0.01    3.51 	0.0501303 	-0.0010176 	-0.0446799 	1.03373e-12 	-2.24478e-13 	-2.92262e-13 	2.95031e-13 	1.28174e-13 	5.35331e-13 	2.42165e-10 	3.27374e-10 	2.07064e-10 	4.42566e-10 	2.79923e-10 	1.77051e-10
0.01    0.01    0.01    0.01    0.01    3.6 	-0.0420043 	0.0097383 	-0.0197266 	8.09901e-13 	-1.1306e-13 	-1.20535e-13 	2.02472e-13 	7.64953e-14 	3.24224e-13 	2.44767e-10 	-6.56547e-10 	3.73073e-10 	1.76108e-09 	-1.0007e-09 	5.68635e-10
0.01    0.01    0.01    0.01    0.01    3.69 	-0.0420043 	0.0097383 	-0.0197266 	8.09901e-13 	-1.1306e-13 	-1.20535e-13 	2.02472e-13 	7.64953e-14 	3.24224e-13 	2.44767e-10 	-6.56547e-10 	3.73073e-10 	1.76108e-09 	-1.0007e-09 	5.68635e-10
0.01    0.01    0.01    0.01    0.01    3.78 	0.115727 	-0.00961894 	-0.0437851 	7.88361e-13 	-8.54254e-14 	8.09946e-14 	2.13369e-13 	7.45034e-14 	2.06038e-13 	2.68346e-09 	-1.98691e-11 	2.32476e-10 	1.47117e-13 	-1.72132e-12 	2.01401e-11
0.01    0.01    0.01    0.01    0.01    3.87 	0.115727 	-0.00961894 	-0.0437851 	7.88361e-13 	-8.54254e-14 	8.09946e-14 	2.13369e-13 	7.45034e-14 	2.06038e-13 	2.68346e-09 	-1.98691e-11 	2.32476e-10 	1.47117e-13 	-1.72132e-12 	2.01401e-11
0.01    0.01    0.01    0.01    0.01    3.96 	0.0807867 	-0.0127079 	0.040765 	9.84189e-13 	-8.21113e-14 	1.23311e-13 	2.03222e-13 	2.55237e-15 	2.34685e-13 	2.71644e-09 	2.57827e-09 	-5.36365e-11 	2.44712e-09 	-5.09083e-11 	1.05906e-12
0.01    0.01    0.01    0.01    0.01    4.05 	0.0807867 	-0.0127079 	0.040765 	9.84189e-13 	-8.21113e-14 	1.23311e-13 	2.03222e-13 	2.55237e-15 	2.34685e-13 	2.71644e-09 	2.57827e-09 	-5.36365e-11 	2.44712e-09 	-5.09083e-11 	1.05906e-12
0.01    0.01    0.01    0.01    0.01    4.14 	-0.00554902 	0.0150536 	0.0436569 	5.42351e-13 	-2.55008e-14 	2.61008e-14 	1.25643e-13 	5.15632e-15 	2.76493e-13 	3.39962e-09 	-2.20946e-10 	-1.4437e-09 	1.43596e-11 	9.38277e-11 	6.13086e-10
0.01    0.01    0.01    0.01    0.01    4.23 	-0.00554902 	0.0150536 	0.0436569 	5.42351e-13 	-2.55008e-14 	2.61008e-14 	1.25643e-13 	5.15632e-15 	2.76493e-13 	3.39962e-09 	-2.20946e-10 	-1.4437e-09 	1.43596e-11 	9.38277e-11 	6.13086e-10
0.01    0.01    0.01    0.01    0.01    4.32 	0.0451066 	-0.00246686 	0.00574853 	8.7301e-13 	-9.80367e-14 	-4.08776e-14 	2.51778e-13 	-6.17624e-14 	5.89339e-13 	4.52499e-10 	6.2229e-10 	-5.3862e-12 	8.5579e-10 	-7.40725e-12 	6.41131e-14
0.01    0.01    0.01    0.01    0.01    4.41 	0.0451066 	-0.00246686 	0.00574853 	8.7301e-13 	-9.80367e-14 	-4.08776e-14 	2.51778e-13 	-6.17624e-14 	5.89339e-13 	4.52499e-10 	6.2229e-10 	-5.3862e-12 	8.5579e-10 	-7.40725e-12 	6.41131e-14
0.01    0.01    0.01    0.01    0.01    4.5 	0.0451066 	-0.00246686 	0.00574853 	8.7301e-13 	-9.80367e-14 	-4.08776e-14 	2.51778e-13 	-6.17624e-14 	5.89339e-13 	4.52499e-10 	6.2229e-10 	-5.3862e-12 	8.5579e-10 	-7.40725e-12 	6.41131e-14
0.02    0.02    0.02    0.02    0.02    0 	0.0163342 	0.0217041 	-0.00956102 	3.877e-13 	-7.10954e-14 	2.2703e-14 	2.03687e-13 	5.02378e-14 	3.49268e-13 	4.2263e-10 	5.4605e-10 	2.84627e-09 	7.08207e-10 	3.67613e-09 	1.91694e-08
0.02    0.02    0.02    0.02    0.02    0.09 	0.0163342 	0.0217041 	-0.00956102 	3.877e-13 	-7.10954e-14 	2.2703e-14 	2.03687e-13 	5.02378e-14 	3.49268e-13 	4.2263e-10 	5.4605e-10 	2.84627e-09 	7.08207e-10 	3.67613e-09 	1.91694e-08
0.02    0.02    0.02    0.02    0.02    0.18 	0.0163342 	0.0217041 	-0.00956102 	3.877e-13 	-7.10954e-14 	2.2703e-14 	2.03687e-13 	5.02378e-14 	3.49268e-13 	4.2263e-10 	5.4605e-10 	2.84627e-09 	7.08207e-10 	3.67613e-09 	1.91694e-08
0.02    0.02    0.02    0.02    0.02    0.27 	-0.0212885 	0.0227466 	0.0692746 	4.77555e-13 	-3.8313e-14 	-1.07905e-13 	1.97209e-13 	-7.14049e-14 	4.5702e-13 	4.29096e-09 	-2.08554e-09 	-2.01296e-09 	1.01371e-09 	9.7832e-10 	9.44343e-10
0.02    0.02    0.02    0.02    0.02    0.36 	-0.0212885 	0.0227466 	0.0692746 	4.77555e-13 	-3.8313e-14 	-1.07905e-13 	1.97209e-13 	-7.14049e-14 	4.5702e-13 	4.29096e-09 	-2.08554e-09 	-2.01296e-09 	1.01371e-09 	9.7832e-10 	9.44343e-10
0.02    0.02    0.02    0.02    0.02    0.45 	0.0219683 	-0.00424955 	0.00190906 	8.91705e-13 	-1.39503e-13 	2.87634e-14 	2.33477e-13 	-6.102e-14 	6.4679e-13 	9.74908e-10 	9.37381e-10 	2.57072e-09 	9.02137e-10 	2.47208e-09 	6.77883e-09
0.02    0.02    0.02    0.02    0.02    0.54 	0.0219683 	-0.00424955 	0.00190906 	8.91705e-13 	-1.39503e-13 	2.87634e-14 	2.33477e-13 	-6.102e-14 	6.4679e-13 	9.74908e-10 	9.37381e-10 	2.57072e-09 	9.02137e-10 	2.47208e-09 	6.77883e-09
0.02    0.02    0.02    0.02    0.02    0.63 	-0.0117349 	-0.00812788 	-0.0306537 	1.39168e-12 	-4.77402e-13 	4.17851e-13 	4.46733e-13 	-1.8425e-13 	6.87547e-13 	5.45265e-11 	3.44846e-10 	2.46614e-10 	2.18802e-09 	1.56437e-09 	1.11856e-09
0.02    0.02    0.02    0.02    0.02    0.72 	-0.0117349 	-0.00812788 	-0.0306537 	1.39168e-12 	-4.77402e-13 	4.17851e-13 	4.46733e-13 	-1.8425e-13 	6.87547e-13 	5.45265e-11 	3.44846e-10 	2.46614e-10 	2.18802e-09 	1.56437e-09 	1.11856e-09
0.02    0.02    0.02    0.02    0.02    0.81 	-0.0136476 	-0.00304732 	-0.0231383 	6.41871e-13 	-1.25506e-13 	1.07158e-13 	2.78685e-13 	-5.00338e-14 	2.36825e-13 	4.23158e-11 	6.53655e-11 	-2.02196e-10 	1.01962e-10 	-3.11303e-10 	9.69001e-10
0.02    0.02    0.02    0.02    0.02    0.9 	-0.0136476 	-0.00304732 	-0.0231383 	6.41871e-13 	-1.25506e-13 	1.07158e-13 	2.78685e-13 	-5.00338e-14 	2.36825e-13 	4.23158e-11 	6.53655e-11 	-2.02196e-10 	1.01962e-10 	-3.11303e-10 	9.69001e-10
0.02    0.02    0.02    0.02    0.02    0.99 	0.0466934 	0.0110408 	0.023622 	6.3576e-13 	-3.54584e-14 	-5.21911e-14 	2.2782e-13 	-7.81548e-14 	2.69626e-13 	2.6847e-11 	2.35307e-10 	1.45493e-10 	2.067e-09 	1.27795e-09 	7.90241e-10
0.02    0.02    0.02    0.02    0.02    1.08 	0.0466934 	0.0110408 	0.023622 	6.3576e-13 	-3.54584e-14 	-5.21911e-14 	2.2782e-13 	-7.81548e-14 	2.69626e-13 	2.6847e-11 	2.35307e-10 	1.45493e-10 	2.067e-09 	1.27795e-09 	7.90241e-10
0.02    0.02    0.02    0.02    0.02    1.17 	0.0466934 	0.0110408 	0.023622 	6.3576e-13 	-3.54584e-14 	-5.21911e-14 	2.2782e-13 	-7.81548e-14 	2.69626e-13 	2.6847e-11 	2.35307e-10 	1.45493e-10 	2.067e-09 	1.27795e-09 	7.90241e-10
0.02    0.02    0.02    0.02    0.02    1.26 	0.0289931 	0.0140788 	0.00545798 	6.84568e-13 	-1.87737e-13 	2.66751e-13 	3.54574e-13 	-2.3774e-13 	7.40906e-13 	5.88107e-10 	1.01302e-09 	-2.04892e-09 	1.74573e-09 	-3.52889e-09 	7.13894e-09
0.02    0.02    0.02    0.02    0.02    1.35 	0.0289931 	0.0140788 	0.00545798 	6.84568e-13 	-1.87737e-13 	2.66751e-13 	3.54574e-13 	-2.3774e-13 	7.40906e-13 	5.88107e-10 	1.01302e-09 	-2.04892e-09 	1.74573e-09 	-3.52889e-09 	7.13894e-09
0.02    0.02    0.02    0.02    0.02    1.44 	0.014113 	-0.022332 	-0.0205059 	6.38045e-13 	-1.44463e-13 	-6.10344e-14 	2.79816e-13 	1.13815e-13 	5.41729e-13 	1.65727e-10 	-1.27614e-11 	-2.37355e-10 	3.71364e-12 	1.82646e-11 	3.40092e-10
0.02    0.02    0.02    0.02    0.02    1.53 	0.014113 	-0.022332 	-0.0205059 	6.38045e-13 	-1.44463e-13 	-6.10344e-14 	2.79816e-13 	1.13815e-13 	5.41729e-13 	1.65727e-10 	-1.27614e-11 	-2.37355e-10 	3.71364e-12 	1.82646e-11 	3.40092e-10
0.02    0.02    0.02    0.02    0.02    1.62 	0.00938748 	-0.00847837 	0.0222922 	4.50882e-13 	-5.31688e-14 	-1.89981e-13 	1.56588e-13 	7.36596e-14 	5.57048e-13 	2.11188e-11 	4.30326e-10 	7.41608e-11 	8.77169e-09 	1.51128e-09 	2.61022e-10
0.02    0.02    0.02    0.02    0.02    1.71 	0.00938748 	-0.00847837 	0.0222922 	4.50882e-13 	-5.31688e-14 	-1.89981e-13 	1.56588e-13 	7.36596e-14 	5.57048e-13 	2.11188e-11 	4.30326e-10 	7.41608e-11 	8.77169e-09 	1.51128e-09 	2.61022e-10
0.02    0.02    0.02    0.02    0.02    1.8 	-0.004126 	0.0363958 	-0.00100566 	4.37579e-13 	-1.5011e-14 	-1.58801e-13 	1.77389e-13 	-1.35754e-14 	7.45965e-13 	8.14721e-11 	1.08473e-10 	-4.71466e-10 	1.44501e-10 	-6.26745e-10 	2.74572e-09
0.02    0.02    0.02    0.02    0.02    1.89 	-0.004126 	0.0363958 	-0.00100566 	4.37579e-13 	-1.5011e-14 	-1.58801e-13 	1.77389e-13 	-1.35754e-14 	7.45965e-13 	8.14721e-11 	1.08473e-10 	-4.71466e-10 	1.44501e-10 	-6.26745e-10 	2.74572e-09
0.02    0.02    0.02    0.02    0.02    1.98 	0.00727483 	0.0207059 	-0.0151265 	4.26723e-13 	-5.77967e-14 	-1.25948e-13 	1.9421e-13 	5.33515e-14 	3.50341e-13 	1.37174e-09 	6.95449e-10 	-4.21656e-11 	3.52711e-10 	-2.13852e-11 	1.30453e-12
0.02    0.02    0.02    0.02    0.02    2.07 	0.00727483 	0.0207059 	-0.0151265 	4.26723e-13 	-5.77967e-14 	-1.25948e-13 	1.9421e-13 	5.33515e-14 	3.50341e-13 	1.37174e-09 	6.95449e-10 	-4.21656e-11 	3.52711e-10 	-2.13852e-11 	1.30453e-12
0.02    0.02    0.02    0.02    0.02    2.16 	-0.00582377 	-0.0151016 	-0.0294928 	3.19715e-13 	-3.92786e-14 	1.32132e-14 	2.86568e-13 	-1.43333e-13 	3.0348e-13 	8.19846e-12 	2.01635e-10 	-5.28886e-11 	5.19812e-09 	-1.35706e-09 	3.54548e-10
0.02    0.02    0.02    0.02    0.02    2.25 	-0.00582377 	-0.0151016 	-0.0294928 	3.19715e-13 	-3.92786e-14 	1.32132e-14 	2.86568e-13 	-1.43333e-13 	3.0348e-13 	8.19846e-12 	2.01635e-10 	-5.28886e-11 	5.19812e-09 	-1.35706e-09 	3.54548e-10
0.02    0.02    0.02    0.02    0.02    2.34 	-0.00582377 	-0.0151016 	-0.0294928 	3.19715e-13 	-3.92786e-14 	1.32132e-14 	2.86568e-13 	-1.43333e-13 	3.0348e-13 	8.19846e-12 	2.01635e-10 	-5.28886e-11 	5.19812e-09 	-1.35706e-09 	3.54548e-10
0.02    0.02    0.02    0.02    0.02    2.43 	-0.0347321 	-0.00980257 	0.0238093 	4.66423e-13 	-6.19529e-15 	5.0185e-15 	4.24122e-13 	-2.14741e-13 	5.14834e-13 	3.72508e-10 	-1.29918e-09 	-1.20965e-09 	4.54128e-09 	4.22422e-09 	3.93111e-09
0.02    0.02    0.02    0.02    0.02    2.52 	-0.0347321 	-0.00980257 	0.0238093 	4.66423e-13 	-6.19529e-15 	5.0185e-15 	4.24122e-13 	-2.14741e-13 	5.14834e-13 	3.72508e-10 	-1.29918e-09 	-1.20965e-09 	4.54128e-09 	4.22422e-09 	3.93111e-09
0.02    0.02    0.02    0.02    0.02    2.61 	0.0365958 	-0.0286227 	-0.0541071 	1.32114e-12 	-4.32682e-13 	7.62584e-14 	5.76964e-13 	-1.71673e-14 	6.03518e-13 	2.08633e-08 	1.07913e-08 	2.85003e-08 	5.58224e-09 	1.47432e-08 	3.89385e-08
0.02    0.02    0.02    0.02    0.02    2.7 	0.0365958 	-0.0286227 	-0.0541071 	1.32114e-12 	-4.32682e-13 	7.62584e-14 	5.76964e-13 	-1.71673e-14 	6.03518e-13 	2.08633e-08 	1.07913e-08 	2.85003e-08 	5.58224e-09 	1.47432e-08 	3.89385e-08
0.02    0.02    0.02    0.02    0.02    2.79 	0.0367273 	-0.00382864 	0.0309034 	4.0921e-12 	-1.02513e-12 	1.22471e-12 	5.52849e-13 	-3.39972e-13 	5.93424e-13 	1.13079e-08 	1.69963e-09 	1.59646e-08 	2.62117e-10 	2.39714e-09 	2.25398e-08
0.02    0.02    0.02    0.02    0.02    2.88 	0.0367273 	-0.00382864 	0.0309034 	4.0921e-12 	-1.02513e-12 	1.22471e-12 	5.52849e-13 	-3.39972e-13 	5.93424e-13 	1.13079e-08 	1.69963e-09 	1.59646e-08 	2.62117e-10 	2.39714e-09 	2.25398e-08
0.02    0.02    0.02    0.02    0.02    2.97 	-0.0130444 	0.0107516 	0.0045624 	1.07692e-12 	-2.97691e-13 	3.62672e-13 	2.75359e-13 	-9.87734e-14 	5.74141e-13 	1.46874e-09 	2.86342e-10 	-5.2749e-10 	5.6108e-11 	-1.02838e-10 	1.89449e-10
0.02    0.02    0.02    0.02    0.02    3.06 	-0.0130444 	0.0107516 	0.0045624 	1.07692e-12 	-2.97691e-13 	3.62672e-13 	2.75359e-13 	-9.87734e-14 	5.74141e-13 	1.46874e-09 	2.86342e-10 	-5.2749e-10 	5.6108e-11 	-1.02838e-10 	1.89449e-10
0.02    0.02    0.02    0.02    0.02    3.15 	-0.0154462 	0.00569065 	-0.0292378 	5.05705e-13 	-8.58382e-14 	-1.38525e-13 	3.35563e-13 	-1.23406e-13 	6.27906e-13 	7.62554e-09 	3.29005e-09 	3.77235e-09 	1.42078e-09 	1.62964e-09 	1.86953e-09
0.02    0.02    0.02    0.02    0.02    3.24 	-0.0154462 	0.00569065 	-0.0292378 	5.05705e-13 	-8.58382e-14 	-1.38525e-13 	3.35563e-13 	-1.23406e-13 	6.27906e-13 	7.62554e-09 	3.29005e-09 	3.77235e-09 	1.42078e-09 	1.62964e-09 	1.86953e-09
0.02    0.02    0.02    0.02    0.02    3.33 	0.0500663 	-0.00109326 	-0.0447439 	1.0332e-12 	-2.24236e-13 	-2.91994e-13 	2.94669e-13 	1.27937e-13 	5.34781e-13 	1.26325e-09 	1.56671e-09 	1.20788e-09 	1.947e-09 	1.49563e-09 	1.15664e-09
0.02    0.02    0.02    0.02    0.02    3.42 	0.0500663 	-0.00109326 	-0.0447439 	1.0332e-12 	-2.24236e-13 	-2.91994e-13 	2.94669e-13 	1.27937e-13 	5.34781e-13 	1.26325e-09 	1.56671e-09 	1.20788e-09 	1.947e-09 	1.49563e-09 	1.15664e-09
0.02    0.02    0.02    0.02    0.02    3.51 	0.0500663 	-0.00109326 	-0.0447439 	1.0332e-12 	-2.24236e-13 	-2.91994e-13 	2.94669e-13 	1.27937e-13 	5.34781e-13 	1.26325e-09 	1.56671e-09 	1.20788e-09 	1.947e-09 	1.49563e-09 	1.15664e-09
0.02    0.02    0.02    0.02    0.02    3.6 	-0.0419416 	0.00957632 	-0.0196354 	8.09202e-13 	-1.12881e-13 	-1.20604e-13 	2.02311e-13 	7.63381e-14 	3.23831e-13 	1.22609e-09 	-3.21453e-09 	1.81638e-09 	8.43151e-09 	-4.76467e-09 	2.69258e-09
0.02    0.02    0.02    0.02    0.02    3.69 	-0.0419416 	0.00957632 	-0.0196354 	8.09202e-13 	-1.12881e-13 	-1.20604e-13 	2.02311e-13 	7.63381e-14 	3.23831e-13 	1.22609e-09 	-3.21453e-09 	1.81638e-09 	8.43151e-09 	-4.76467e-09 	2.69258e-09
0.02    0.02    0.02    0.02    0.02    3.78 	0.115511 	-0.00961883 	-0.0438114 	7.85694e-13 	-8.55648e-14 	8.06802e-14 	2.13241e-13 	7.4642e-14 	2.05638e-13 	1.41946e-08 	-6.32438e-11 	1.579e-09 	1.14825e-12 	-6.40751e-12 	1.76861e-10
0.02    0.02    0.02    0.02    0.02    3.87 	0.115511 	-0.00961883 	-0.0438114 	7.85694e-13 	-8.55648e-14 	8.06802e-14 	2.13241e-13 	7.4642e-14 	2.05638e-13 	1.41946e-08 	-6.32438e-11 	1.579e-09 	1.14825e-12 	-6.40751e-12 	1.76861e-10
0.02    0.02    0.02    0.02    0.02    3.96 	0.0810076 	-0.0125224 	0.0407658 	9.83918e-13 	-8.1913e-14 	1.23121e-13 	2.03156e-13 	2.62741e-15 	2.34538e-13 	1.47212e-08 	1.28854e-08 	-4.07674e-11 	1.12963e-08 	-3.78519e-11 	5.53033e-13
0.02    0.02    0.02    0.02    0.02    4.05 	0.0810076 	-0.0125224 	0.0407658 	9.83918e-13 	-8.1913e-14 	1.23121e-13 	2.03156e-13 	2.62741e-15 	2.34538e-13 	1.47212e-08 	1.28854e-08 	-4.07674e-11 	1.12963e-08 	-3.78519e-11 	5.53033e-13
0.02    0.02    0.02    0.02    0.02    4.14 	-0.0053129 	0.015035 	0.0435525 	5.42447e-13 	-2.54238e-14 	2.619e-14 	1.25626e-13 	5.06496e-15 	2.7645e-13 	1.73243e-08 	-1.28023e-09 	-7.56793e-09 	9.50084e-11 	5.5955e-10 	3.30629e-09
0.02    0.02    0.02    0.02    0.02    4.23 	-0.0053129 	0.015035 	0.0435525 	5.42447e-13 	-2.54238e-14 	2.619e-14 	1.25626e-13 	5.06496e-15 	2.7645e-13 	1.73243e-08 	-1.28023e-09 	-7.56793e-09 	9.50084e-11 	5.5955e-10 	3.30629e-09
0.02    0.02    0.02    0.02    0.02    4.32 	0.0450219 	-0.00258176 	0.0057553 	8.73001e-13 	-9.80781e-14 	-4.0919e-14 	2.51739e-13 	-6.16087e-14 	5.89142e-13 	2.26109e-09 	3.08077e-09 	-1.26818e-10 	4.19767e-09 	-1.72522e-10 	8.24284e-12
0.02    0.02    0.02    0.02    0.02    4.41 	0.0450219 	-0.00258176 	0.0057553 	8.73001e-13 	-9.80781e-14 	-4.0919e-14 	2.51739e-13 	-6.16087e-14 	5.89142e-13 	2.26109e-09 	3.08077e-09 	-1.26818e-10 	4.19767e-09 	-1.72522e-10 	8.24284e-12
0.02    0.02    0.02    0.02    0.02    4.5 	0.0450219 	-0.00258176 	0.0057553 	8.73001e-13 	-9.80781e-14 	-4.0919e-14 	2.51739e-13 	-6.16087e-14 	5.89142e-13 	2.26109e-09 	3.08077e-09 	-1.26818e-10 	4.19767e-09 	-1.72522e-10 	8.24284e-12
0.03    0.03    0.03    0.03    0.03    0 	0.0163734 	0.0217675 	-0.00931701 	3.87919e-13 	-7.11768e-14 	2.26989e-14 	2.03684e-13 	5.04071e-14 	3.49398e-13 	1.03656e-09 	1.48844e-09 	6.78527e-09 	2.14802e-09 	9.72951e-09 	4.44367e-08
0.03    0.03    0.03    0.03    0.03    0.09 	0.0163734 	0.0217675 	-0.00931701 	3.87919e-13 	-7.11768e-14 	2.26989e-14 	2.03684e-13 	5.04071e-14 	3.49398e-13 	1.03656e-09 	1.48844e-09 	6.78527e-09 	2.14802e-09 	9.72951e-09 	4.44367e-08
0.03    0.03    0.03    0.03    0.03    0.18 	0.0163734 	0.0217675 	-0.00931701 	3.87919e-13 	-7.11768e-14 	2.26989e-14 	2.03684e-13 	5.04071e-14 	3.49398e-13 	1.03656e-09 	1.48844e-09 	6.78527e-09 	2.14802e-09 	9.72951e-09 	4.44367e-08
0.03    0.03    0.03    0.03    0.03    0.27 	-0.021183 	0.022697 	0.0692254 	4.77328e-13 	-3.80664e-14 	-1.07983e-13 	1.97045e-13 	-7.17013e-14 	4.57493e-13 	9.25047e-09 	-4.46473e-09 	-4.32353e-09 	2.15512e-09 	2.08673e-09 	2.02079e-09
0.03    0.03    0.03    0.03    0.03    0.36 	-0.021183 	0.022697 	0.0692254 	4.77328e-13 	-3.80664e-14 	-1.07983e-13 	1.97045e-13 	-7.17013e-14 	4.57493e-13 	9.25047e-09 	-4.46473e-09 	-4.32353e-09 	2.15512e-09 	2.08673e-09 	2.02079e-09
0.03    0.03    0.03    0.03    0.03    0.45 	0.0220228 	-0.00420476 	0.00205555 	8.91361e-13 	-1.39385e-13 	2.87314e-14 	2.33429e-13 	-6.0973e-14 	6.46937e-13 	2.2545e-09 	2.03752e-09 	5.97378e-09 	1.84535e-09 	5.39806e-09 	1.58293e-08
0.03    0.03    0.03    0.03    0.03    0.54 	0.0220228 	-0.00420476 	0.00205555 	8.91361e-13 	-1.39385e-13 	2.87314e-14 	2.33429e-13 	-6.0973e-14 	6.46937e-13 	2.2545e-09 	2.03752e-09 	5.97378e-09 	1.84535e-09 	5.39806e-09 	1.58293e-08
0.03    0.03    0.03    0.03    0.03    0.63 	-0.0117468 	-0.00821095 	-0.0307154 	1.39144e-12 	-4.77075e-13 	4.17467e-13 	4.46235e-13 	-1.83858e-13 	6.86918e-13 	1.21092e-10 	7.86973e-10 	5.7192e-10 	5.12186e-09 	3.72278e-09 	2.70623e-09
0.03    0.03    0.03    0.03    0.03    0.72 	-0.0117468 	-0.00821095 	-0.0307154 	1.39144e-12 	-4.77075e-13 	4.17467e-13 	4.46235e-13 	-1.83858e-13 	6.86918e-13 	1.21092e-10 	7.86973e-10 	5.7192e-10 	5.12186e-09 	3.72278e-09 	2.70623e-09
0.03    0.03    0.03    0.03    0.03    0.81 	-0.0136534 	-0.00305116 	-0.0230859 	6.41853e-13 	-1.25531e-13 	1.07188e-13 	2.78703e-13 	-5.00728e-14 	2.3679e-13 	6.59054e-11 	8.92177e-11 	-3.73924e-10 	1.23712e-10 	-4.94809e-10 	2.17366e-09
0.03    0.03    0.03    0.03    0.03    0.9 	-0.0136534 	-0.00305116 	-0.0230859 	6.41853e-13 	-1.25531e-13 	1.07188e-13 	2.78703e-13 	-5.00728e-14 	2.3679e-13 	6.59054e-11 	8.92177e-11 	-3.73924e-10 	1.23712e-10 	-4.94809e-10 	2.17366e-09
0.03    0.03    0.03    0.03    0.03    0.99 	0.0467027 	0.0111178 	0.0236648 	6.36058e-13 	-3.54964e-14 	-5.23075e-14 	2.27785e-13 	-7.80106e-14 	2.69565e-13 	6.12431e-11 	5.33714e-10 	3.17816e-10 	4.6558e-09 	2.77326e-09 	1.65323e-09
0.03    0.03    0.03    0.03    0.03    1.08 	0.0467027 	0.0111178 	0.0236648 	6.36058e-13 	-3.54964e-14 	-5.23075e-14 	2.27785e-13 	-7.80106e-14 	2.69565e-13 	6.12431e-11 	5.33714e-10 	3.17816e-10 	4.6558e-09 	2.77326e-09 	1.65323e-09
0.03    0.03    0.03    0.03    0.03    1.17 	0.0467027 	0.0111178 	0.0236648 	6.36058e-13 	-3.54964e-14 	-5.23075e-14 	2.27785e-13 	-7.80106e-14 	2.69565e-13 	6.12431e-11 	5.33714e-10 	3.17816e-10 	4.6558e-09 	2.77326e-09 	1.65323e-09
0.03    0.03    0.03    0.03    0.03    1.26 	0.0290314 	0.0141396 	0.00531293 	6.84805e-13 	-1.87672e-13 	2.66903e-13 	3.54478e-13 	-2.37717e-13 	7.41486e-13 	1.25435e-09 	2.09626e-09 	-4.50511e-09 	3.50543e-09 	-7.52493e-09 	1.6189e-08
0.03    0.03    0.03    0.03    0.03    1.35 	0.0290314 	0.0141396 	0.00531293 	6.84805e-13 	-1.87672e-13 	2.66903e-13 	3.54478e-13 	-2.37717e-13 	7.41486e-13 	1.25435e-09 	2.09626e-09 	-4.50511e-09 	3.50543e-09 	-7.52493e-09 	1.6189e-08
0.03    0.03    0.03    0.03    0.03    1.44 	0.0140929 	-0.0223132 	-0.0204686 	6.3776e-13 	-1.44308e-13 	-6.06687e-14 	2.79597e-13 	1.13504e-13 	5.41295e-13 	3.54958e-10 	-1.36225e-10 	-5.55803e-10 	7.21099e-11 	2.21639e-10 	8.74327e-10
0.03    0.03    0.03    0.03    0.03    1.53 	0.0140929 	-0.0223132 	-0.0204686 	6.3776e-13 	-1.44308e-13 	-6.06687e-14 	2.79597e-13 	1.13504e-13 	5.41295e-13 	3.54958e-10 	-1.36225e-10 	-5.55803e-10 	7.21099e-11 	2.21639e-10 	8.74327e-10
0.03    0.03    0.03    0.03    0.03    1.62 	0.00938245 	-0.00861416 	0.0222598 	4.5076e-13 	-5.30741e-14 	-1.90131e-13 	1.56474e-13 	7.35857e-14 	5.56643e-13 	3.69809e-11 	8.07209e-10 	1.56028e-10 	1.76949e-08 	3.43917e-09 	6.74017e-10
0.03    0.03    0.03    0.03    0.03    1.71 	0.00938245 	-0.00861416 	0.0222598 	4.5076e-13 	-5.30741e-14 	-1.90131e-13 	1.56474e-13 	7.35857e-14 	5.56643e-13 	3.69809e-11 	8.07209e-10 	1.56028e-10 	1.76949e-08 	3.43917e-09 	6.74017e-10
0.03    0.03    0.03    0.03    0.03    1.8 	-0.00414657 	0.0363657 	-0.000917744 	4.37588e-13 	-1.51067e-14 	-1.58732e-13 	1.77382e-13 	-1.34968e-14 	7.45948e-13 	2.37601e-10 	3.31611e-10 	-1.1973e-09 	4.63184e-10 	-1.66667e-09 	6.08912e-09
0.03    0.03    0.03    0.03    0.03    1.89 	-0.00414657 	0.0363657 	-0.000917744 	4.37588e-13 	-1.51067e-14 	-1.58732e-13 	1.77382e-13 	-1.34968e-14 	7.45948e-13 	2.37601e-10 	3.31611e-10 	-1.1973e-09 	4.63184e-10 	-1.66667e-09 	6.08912e-09
0.03    0.03    0.03    0.03    0.03    1.98 	0.00733811 	0.0207404 	-0.015129 	4.26629e-13 	-5.78874e-14 	-1.25921e-13 	1.94187e-13 	5.33483e-14 	3.50349e-13 	3.11352e-09 	1.62658e-09 	-1.06542e-10 	8.50206e-10 	-5.57508e-11 	3.67278e-12
0.03    0.03    0.03    0.03    0.03    2.07 	0.00733811 	0.0207404 	-0.015129 	4.26629e-13 	-5.78874e-14 	-1.25921e-13 	1.94187e-13 	5.33483e-14 	3.50349e-13 	3.11352e-09 	1.62658e-09 	-1.06542e-10 	8.50206e-10 	-5.57508e-11 	3.67278e-12
0.03    0.03    0.03    0.03    0.03    2.16 	-0.00583112 	-0.0152159 	-0.0294551 	3.19939e-13 	-3.94622e-14 	1.33492e-14 	2.86848e-13 	-1.43491e-13 	3.03714e-13 	2.31358e-11 	4.99125e-10 	-1.42585e-10 	1.10928e-08 	-3.14031e-09 	8.92426e-10
0.03    0.03    0.03    0.03    0.03    2.25 	-0.00583112 	-0.0152159 	-0.0294551 	3.19939e-13 	-3.94622e-14 	1.33492e-14 	2.86848e-13 	-1.43491e-13 	3.03714e-13 	2.31358e-11 	4.99125e-10 	-1.42585e-10 	1.10928e-08 	-3.14031e-09 	8.92426e-10
0.03    0.03    0.03    0.03    0.03    2.34 	-0.00583112 	-0.0152159 	-0.0294551 	3.19939e-13 	-3.94622e-14 	1.33492e-14 	2.86848e-13 	-1.43491e-13 	3.03714e-13 	2.31358e-11 	4.99125e-10 	-1.42585e-10 	1.10928e-08 	-3.14031e-09 	8.92426e-10
0.03    0.03    0.03    0.03    0.03    2.43 	-0.0347738 	-0.00971225 	0.0239126 	4.66628e-13 	-5.96111e-15 	4.78249e-15 	4.24275e-13 	-2.15173e-13 	5.15812e-13 	1.01049e-09 	-2.93749e-09 	-2.93942e-09 	8.68598e-09 	8.62928e-09 	8.59922e-09
0.03    0.03    0.03    0.03    0.03    2.52 	-0.0347738 	-0.00971225 	0.0239126 	4.66628e-13 	-5.96111e-15 	4.78249e-15 	4.24275e-13 	-2.15173e-13 	5.15812e-13 	1.01049e-09 	-2.93749e-09 	-2.93942e-09 	8.68598e-09 	8.62928e-09 	8.59922e-09
0.03    0.03    0.03    0.03    0.03    2.61 	0.0368637 	-0.0284952 	-0.0537604 	1.32161e-12 	-4.32699e-13 	7.69965e-14 	5.76589e-13 	-1.80463e-14 	6.03717e-13 	4.99001e-08 	2.51319e-08 	6.69377e-08 	1.26641e-08 	3.37241e-08 	8.98132e-08
0.03    0.03    0.03    0.03    0.03    2.7 	0.0368637 	-0.0284952 	-0.0537604 	1.32161e-12 	-4.32699e-13 	7.69965e-14 	5.76589e-13 	-1.80463e-14 	6.03717e-13 	4.99001e-08 	2.51319e-08 	6.69377e-08 	1.26641e-08 	3.37241e-08 	8.98132e-08
0.03    0.03    0.03    0.03    0.03    2.79 	0.0365645 	-0.00383411 	0.0306667 	4.0914e-12 	-1.02467e-12 	1.22227e-12 	5.52387e-13 	-3.39299e-13 	5.92438e-13 	2.37359e-08 	2.51209e-09 	3.38757e-08 	2.94206e-10 	3.57513e-09 	4.83509e-08
0.03    0.03    0.03    0.03    0.03    2.88 	0.0365645 	-0.00383411 	0.0306667 	4.0914e-12 	-1.02467e-12 	1.22227e-12 	5.52387e-13 	-3.39299e-13 	5.92438e-13 	2.37359e-08 	2.51209e-09 	3.38757e-08 	2.94206e-10 	3.57513e-09 	4.83509e-08
0.03    0.03    0.03    0.03    0.03    2.97 	-0.0130017 	0.0107604 	0.00454848 	1.07744e-12 	-2.9793e-13 	3.62629e-13 	2.75459e-13 	-9.88199e-14 	5.74255e-13 	2.47572e-09 	4.76137e-10 	-8.68861e-10 	9.1804e-11 	-1.67112e-10 	3.0506e-10
0.03    0.03    0.03    0.03    0.03    3.06 	-0.0130017 	0.0107604 	0.00454848 	1.07744e-12 	-2.9793e-13 	3.62629e-13 	2.75459e-13 	-9.88199e-14 	5.74255e-13 	2.47572e-09 	4.76137e-10 	-8.68861e-10 	9.1804e-11 	-1.67112e-10 	3.0506e-10
0.03    0.03    0.03    0.03    0.03    3.15 	-0.0153174 	0.00576109 	-0.0291801 	5.06053e-13 	-8.5852e-14 	-1.38908e-13 	3.35478e-13 	-1.23238e-13 	6.2805e-13 	1.54258e-08 	7.2602e-09 	7.50573e-09 	3.43112e-09 	3.53014e-09 	3.65608e-09
0.03    0.03    0.03    0.03    0.03    3.24 	-0.0153174 	0.00576109 	-0.0291801 	5.06053e-13 	-8.5852e-14 	-1.38908e-13 	3.35478e-13 	-1.23238e-13 	6.2805e-13 	1.54258e-08 	7.2602e-09 	7.50573e-09 	3.43112e-09 	3.53014e-09 	3.65608e-09
0.03    0.03    0.03    0.03    0.03    3.33 	0.0500082 	-0.00114937 	-0.0448086 	1.03267e-12 	-2.23998e-13 	-2.91724e-13 	2.94316e-13 	1.277e-13 	5.34235e-13 	2.77233e-09 	3.15354e-09 	2.82155e-09 	3.60588e-09 	3.19893e-09 	2.87791e-09
0.03    0.03    0.03    0.03    0.03    3.42 	0.0500082 	-0.00114937 	-0.0448086 	1.03267e-12 	-2.23998e-13 	-2.91724e-13 	2.94316e-13 	1.277e-13 	5.34235e-13 	2.77233e-09 	3.15354e-09 	2.82155e-09 	3.60588e-09 	3.19893e-09 	2.87791e-09
0.03    0.03    0.03    0.03    0.03    3.51 	0.0500082 	-0.00114937 	-0.0448086 	1.03267e-12 	-2.23998e-13 	-2.91724e-13 	2.94316e-13 	1.277e-13 	5.34235e-13 	2.77233e-09 	3.15354e-09 	2.82155e-09 	3.60588e-09 	3.19893e-09 	2.87791e-09
0.03    0.03    0.03    0.03    0.03    3.6 	-0.0418746 	0.0094308 	-0.0195549 	8.08508e-13 	-1.12704e-13 	-1.20673e-13 	2.02144e-13 	7.61816e-14 	3.23435e-13 	3.0095e-09 	-7.34436e-09 	4.11689e-09 	1.79713e-08 	-1.0077e-08 	5.65069e-09
0.03    0.03    0.03    0.03    0.03    3.69 	-0.0418746 	0.0094308 	-0.0195549 	8.08508e-13 	-1.12704e-13 	-1.20673e-13 	2.02144e-13 	7.61816e-14 	3.23435e-13 	3.0095e-09 	-7.34436e-09 	4.11689e-09 	1.79713e-08 	-1.0077e-08 	5.65069e-09
0.03    0.03    0.03    0.03    0.03    3.78 	0.115308 	-0.00963722 	-0.0438409 	7.83049e-13 	-8.57042e-14 	8.03691e-14 	2.13115e-13 	7.47791e-14 	2.05241e-13 	3.21228e-08 	9.55834e-10 	4.01745e-09 	4.8904e-11 	1.27499e-10 	5.06158e-10
0.03    0.03    0.03    0.03    0.03    3.87 	0.115308 	-0.00963722 	-0.0438409 	7.83049e-13 	-8.57042e-14 	8.03691e-14 	2.13115e-13 	7.47791e-14 	2.05241e-13 	3.21228e-08 	9.55834e-10 	4.01745e-09 	4.8904e-11 	1.27499e-10 	5.06158e-10
0.03    0.03    0.03    0.03    0.03    3.96 	0.0812306 	-0.0123704 	0.0407604 	9.83643e-13 	-8.17158e-14 	1.2293e-13 	2.03095e-13 	2.70169e-15 	2.34397e-13 	3.52929e-08 	2.80813e-08 	-3.36201e-10 	2.24551e-08 	-2.59179e-10 	4.55336e-12
0.03    0.03    0.03    0.03    0.03    4.05 	0.0812306 	-0.0123704 	0.0407604 	9.83643e-13 	-8.17158e-14 	1.2293e-13 	2.03095e-13 	2.70169e-15 	2.34397e-13 	3.52929e-08 	2.80813e-08 	-3.36201e-10 	2.24551e-08 	-2.59179e-10 	4.55336e-12
0.03    0.03    0.03    0.03    0.03    4.14 	-0.00508566 	0.0150001 	0.0434562 	5.42539e-13 	-2.5348e-14 	2.62786e-14 	1.25609e-13 	4.97505e-15 	2.76406e-13 	3.94373e-08 	-4.05583e-09 	-1.70962e-08 	4.34014e-10 	1.75595e-09 	7.41193e-09
0.03    0.03    0.03    0.03    0.03    4.23 	-0.00508566 	0.0150001 	0.0434562 	5.42539e-13 	-2.5348e-14 	2.62786e-14 	1.25609e-13 	4.97505e-15 	2.76406e-13 	3.94373e-08 	-4.05583e-09 	-1.70962e-08 	4.34014e-10 	1.75595e-09 	7.41193e-09
0.03    0.03    0.03    0.03    0.03    4.32 	0.0449512 	-0.0026795 	0.00577235 	8.72993e-13 	-9.81212e-14 	-4.09619e-14 	2.51688e-13 	-6.14571e-14 	5.88939e-13 	4.65828e-09 	6.36567e-09 	-5.54027e-10 	8.69904e-09 	-7.57857e-10 	7.71734e-11
0.03    0.03    0.03    0.03    0.03    4.41 	0.0449512 	-0.0026795 	0.00577235 	8.72993e-13 	-9.81212e-14 	-4.09619e-14 	2.51688e-13 	-6.14571e-14 	5.88939e-13 	4.65828e-09 	6.36567e-09 	-5.54027e-10 	8.69904e-09 	-7.57857e-10 	7.71734e-11
0.03    0.03    0.03    0.03    0.03    4.5 	0.0449512 	-0.0026795 	0.00577235 	8.72993e-13 	-9.81212e-14 	-4.09619e-14 	2.51688e-13 	-6.14571e-14 	5.88939e-13 	4.65828e-09 	6.36567e-09 	-5.54027e-10 	8.69904e-09 	-7.57857e-10 	7.71734e-11
