0.01    0.01    0.01    0.01    0.01    0 	0.178797 	-0.00941385 	0.0350677 	4.53141e-13 	-1.25878e-13 	8.01394e-14 	1.69472e-13 	-6.49419e-15 	1.63228e-13 	6.07632e-11 	-2.50305e-10 	-2.17457e-10 	1.03109e-09 	8.9578e-10 	7.78226e-10
0.01    0.01    0.01    0.01    0.01    0.09 	0.178797 	-0.00941385 	0.0350677 	4.53141e-13 	-1.25878e-13 	8.01394e-14 	1.69472e-13 	-6.49419e-15 	1.63228e-13 	6.07632e-11 	-2.50305e-10 	-2.17457e-10 	1.03109e-09 	8.9578e-10 	7.78226e-10
0.01    0.01    0.01    0.01    0.01    0.18 	0.178797 	-0.00941385 	0.0350677 	4.53141e-13 	-1.25878e-13 	8.01394e-14 	1.69472e-13 	-6.49419e-15 	1.63228e-13 	6.07632e-11 	-2.50305e-10 	-2.17457e-10 	1.03109e-09 	8.9578e-10 	7.78226e-10
0.01    0.01    0.01    0.01    0.01    0.27 	0.139571 	-0.0163275 	0.0393922 	4.0276e-13 	-1.15264e-13 	4.6472e-14 	1.44291e-13 	9.11802e-15 	1.90889e-13 	5.61526e-11 	2.16639e-12 	-1.86914e-11 	8.35803e-14 	-7.21121e-13 	6.22174e-12
0.01    0.01    0.01    0.01    0.01    0.36 	0.139571 	-0.0163275 	0.0393922 	4.0276e-13 	-1.15264e-13 	4.6472e-14 	1.44291e-13 	9.11802e-15 	1.90889e-13 	5.61526e-11 	2.16639e-12 	-1.86914e-11 	8.35803e-14 	-7.21121e-13 	6.22174e-12
0.01    0.01    0.01    0.01    0.01    0.45 	0.16268 	-0.00882172 	0.0115774 	4.37226e-13 	-1.17422e-13 	1.19891e-14 	1.50104e-13 	-1.17166e-15 	1.64176e-13 	9.60437e-12 	4.1335e-11 	-4.07672e-11 	1.77896e-10 	-1.75453e-10 	1.73043e-10
0.01    0.01    0.01    0.01    0.01    0.54 	0.16268 	-0.00882172 	0.0115774 	4.37226e-13 	-1.17422e-13 	1.19891e-14 	1.50104e-13 	-1.17166e-15 	1.64176e-13 	9.60437e-12 	4.1335e-11 	-4.07672e-11 	1.77896e-10 	-1.75453e-10 	1.73043e-10
0.01    0.01    0.01    0.01    0.01    0.63 	0.140288 	-0.0214883 	0.0344356 	3.54182e-13 	-1.2655e-13 	2.88516e-14 	1.68552e-13 	7.78197e-15 	1.23379e-13 	1.73137e-10 	2.76328e-12 	-8.59292e-11 	4.41022e-14 	-1.37144e-12 	4.26474e-11
0.01    0.01    0.01    0.01    0.01    0.72 	0.140288 	-0.0214883 	0.0344356 	3.54182e-13 	-1.2655e-13 	2.88516e-14 	1.68552e-13 	7.78197e-15 	1.23379e-13 	1.73137e-10 	2.76328e-12 	-8.59292e-11 	4.41022e-14 	-1.37144e-12 	4.26474e-11
0.01    0.01    0.01    0.01    0.01    0.81 	0.13917 	0.00279891 	0.0425042 	2.65562e-13 	-8.72664e-14 	4.53039e-15 	1.42271e-13 	1.81679e-14 	1.4634e-13 	3.32176e-11 	-5.62139e-11 	8.89223e-11 	9.51301e-11 	-1.50482e-10 	2.38042e-10
0.01    0.01    0.01    0.01    0.01    0.9 	0.13917 	0.00279891 	0.0425042 	2.65562e-13 	-8.72664e-14 	4.53039e-15 	1.42271e-13 	1.81679e-14 	1.4634e-13 	3.32176e-11 	-5.62139e-11 	8.89223e-11 	9.51301e-11 	-1.50482e-10 	2.38042e-10
0.01    0.01    0.01    0.01    0.01    0.99 	0.109994 	0.0125185 	0.00500541 	2.39976e-13 	-7.61029e-14 	-1.19129e-15 	1.27903e-13 	1.85752e-14 	1.61314e-13 	1.36913e-09 	-6.36573e-10 	-3.89029e-10 	2.95974e-10 	1.80878e-10 	1.1054e-10
0.01    0.01    0.01    0.01    0.01    1.08 	0.109994 	0.0125185 	0.00500541 	2.39976e-13 	-7.61029e-14 	-1.19129e-15 	1.27903e-13 	1.85752e-14 	1.61314e-13 	1.36913e-09 	-6.36573e-10 	-3.89029e-10 	2.95974e-10 	1.80878e-10 	1.1054e-10
0.01    0.01    0.01    0.01    0.01    1.17 	0.109994 	0.0125185 	0.00500541 	2.39976e-13 	-7.61029e-14 	-1.19129e-15 	1.27903e-13 	1.85752e-14 	1.61314e-13 	1.36913e-09 	-6.36573e-10 	-3.89029e-10 	2.95974e-10 	1.80878e-10 	1.1054e-10
0.01    0.01    0.01    0.01    0.01    1.26 	0.162262 	0.0326067 	-0.0181837 	2.74401e-13 	-9.79821e-14 	-1.73128e-14 	1.75196e-13 	1.14576e-14 	1.21103e-13 	2.71104e-11 	2.01359e-10 	-2.36694e-11 	1.49557e-09 	-1.75802e-10 	2.06652e-11
0.01    0.01    0.01    0.01    0.01    1.35 	0.162262 	0.0326067 	-0.0181837 	2.74401e-13 	-9.79821e-14 	-1.73128e-14 	1.75196e-13 	1.14576e-14 	1.21103e-13 	2.71104e-11 	2.01359e-10 	-2.36694e-11 	1.49557e-09 	-1.75802e-10 	2.06652e-11
0.01    0.01    0.01    0.01    0.01    1.44 	0.161219 	0.00656395 	0.0209284 	3.28505e-13 	-1.23087e-13 	-6.35694e-15 	1.48301e-13 	1.4067e-14 	1.35614e-13 	5.8546e-10 	2.88219e-10 	1.30869e-10 	1.41888e-10 	6.44261e-11 	2.92534e-11
0.01    0.01    0.01    0.01    0.01    1.53 	0.161219 	0.00656395 	0.0209284 	3.28505e-13 	-1.23087e-13 	-6.35694e-15 	1.48301e-13 	1.4067e-14 	1.35614e-13 	5.8546e-10 	2.88219e-10 	1.30869e-10 	1.41888e-10 	6.44261e-11 	2.92534e-11
0.01    0.01    0.01    0.01    0.01    1.62 	0.135336 	0.0110075 	-0.00969859 	2.99738e-13 	-1.17741e-13 	-5.74337e-15 	1.36912e-13 	-2.31359e-15 	1.43137e-13 	1.78732e-11 	-2.9553e-11 	3.11695e-11 	4.88656e-11 	-5.15385e-11 	5.43575e-11
0.01    0.01    0.01    0.01    0.01    1.71 	0.135336 	0.0110075 	-0.00969859 	2.99738e-13 	-1.17741e-13 	-5.74337e-15 	1.36912e-13 	-2.31359e-15 	1.43137e-13 	1.78732e-11 	-2.9553e-11 	3.11695e-11 	4.88656e-11 	-5.15385e-11 	5.43575e-11
0.01    0.01    0.01    0.01    0.01    1.8 	0.118308 	0.0178366 	-0.00479524 	3.38313e-13 	-1.28454e-13 	-1.423e-14 	1.42086e-13 	-3.39683e-15 	1.12348e-13 	1.7043e-10 	6.48797e-11 	-2.43952e-10 	2.46985e-11 	-9.28681e-11 	3.49191e-10
0.01    0.01    0.01    0.01    0.01    1.89 	0.118308 	0.0178366 	-0.00479524 	3.38313e-13 	-1.28454e-13 	-1.423e-14 	1.42086e-13 	-3.39683e-15 	1.12348e-13 	1.7043e-10 	6.48797e-11 	-2.43952e-10 	2.46985e-11 	-9.28681e-11 	3.49191e-10
0.01    0.01    0.01    0.01    0.01    1.98 	0.145574 	0.0135698 	0.0090416 	2.93144e-13 	-1.12114e-13 	-3.63466e-14 	1.46971e-13 	1.12124e-14 	1.21474e-13 	6.11823e-10 	-1.01107e-09 	-2.35475e-10 	1.67084e-09 	3.89134e-10 	9.06284e-11
0.01    0.01    0.01    0.01    0.01    2.07 	0.145574 	0.0135698 	0.0090416 	2.93144e-13 	-1.12114e-13 	-3.63466e-14 	1.46971e-13 	1.12124e-14 	1.21474e-13 	6.11823e-10 	-1.01107e-09 	-2.35475e-10 	1.67084e-09 	3.89134e-10 	9.06284e-11
0.01    0.01    0.01    0.01    0.01    2.16 	0.125588 	0.0303465 	-0.00121685 	2.62138e-13 	-7.13282e-14 	-3.71098e-14 	1.20957e-13 	1.14432e-14 	1.69567e-13 	1.67072e-11 	4.20009e-11 	-2.4695e-11 	1.05587e-10 	-6.20816e-11 	3.65018e-11
0.01    0.01    0.01    0.01    0.01    2.25 	0.125588 	0.0303465 	-0.00121685 	2.62138e-13 	-7.13282e-14 	-3.71098e-14 	1.20957e-13 	1.14432e-14 	1.69567e-13 	1.67072e-11 	4.20009e-11 	-2.4695e-11 	1.05587e-10 	-6.20816e-11 	3.65018e-11
0.01    0.01    0.01    0.01    0.01    2.34 	0.125588 	0.0303465 	-0.00121685 	2.62138e-13 	-7.13282e-14 	-3.71098e-14 	1.20957e-13 	1.14432e-14 	1.69567e-13 	1.67072e-11 	4.20009e-11 	-2.4695e-11 	1.05587e-10 	-6.20816e-11 	3.65018e-11
0.01    0.01    0.01    0.01    0.01    2.43 	0.15211 	0.0131999 	-0.00267246 	2.66246e-13 	-8.49205e-14 	-2.46663e-14 	1.40207e-13 	1.06358e-14 	1.93926e-13 	8.2812e-10 	-3.25534e-11 	-1.50994e-09 	1.27967e-12 	5.93557e-11 	2.75313e-09
0.01    0.01    0.01    0.01    0.01    2.52 	0.15211 	0.0131999 	-0.00267246 	2.66246e-13 	-8.49205e-14 	-2.46663e-14 	1.40207e-13 	1.06358e-14 	1.93926e-13 	8.2812e-10 	-3.25534e-11 	-1.50994e-09 	1.27967e-12 	5.93557e-11 	2.75313e-09
0.01    0.01    0.01    0.01    0.01    2.61 	0.161017 	0.00856474 	-0.0172509 	3.17136e-13 	-8.64225e-14 	-2.29512e-14 	1.27839e-13 	-2.48041e-14 	2.13315e-13 	3.79788e-11 	-6.07805e-11 	7.67194e-11 	9.72719e-11 	-1.2278e-10 	1.54978e-10
0.01    0.01    0.01    0.01    0.01    2.7 	0.161017 	0.00856474 	-0.0172509 	3.17136e-13 	-8.64225e-14 	-2.29512e-14 	1.27839e-13 	-2.48041e-14 	2.13315e-13 	3.79788e-11 	-6.07805e-11 	7.67194e-11 	9.72719e-11 	-1.2278e-10 	1.54978e-10
0.01    0.01    0.01    0.01    0.01    2.79 	0.161767 	-0.00303433 	0.000160196 	4.53959e-13 	-1.55948e-13 	-3.21073e-14 	1.80677e-13 	1.02093e-14 	2.03213e-13 	3.79177e-12 	-9.35988e-12 	2.11188e-11 	2.31046e-11 	-5.21311e-11 	1.17624e-10
0.01    0.01    0.01    0.01    0.01    2.88 	0.161767 	-0.00303433 	0.000160196 	4.53959e-13 	-1.55948e-13 	-3.21073e-14 	1.80677e-13 	1.02093e-14 	2.03213e-13 	3.79177e-12 	-9.35988e-12 	2.11188e-11 	2.31046e-11 	-5.21311e-11 	1.17624e-10
0.01    0.01    0.01    0.01    0.01    2.97 	0.191744 	-0.0459986 	-0.00120698 	5.2121e-13 	-2.11154e-13 	-3.1041e-14 	2.46652e-13 	1.35074e-14 	1.6259e-13 	1.17453e-10 	-1.96896e-10 	4.87417e-11 	3.30073e-10 	-8.17098e-11 	2.02273e-11
0.01    0.01    0.01    0.01    0.01    3.06 	0.191744 	-0.0459986 	-0.00120698 	5.2121e-13 	-2.11154e-13 	-3.1041e-14 	2.46652e-13 	1.35074e-14 	1.6259e-13 	1.17453e-10 	-1.96896e-10 	4.87417e-11 	3.30073e-10 	-8.17098e-11 	2.02273e-11
0.01    0.01    0.01    0.01    0.01    3.15 	0.170837 	-0.0305437 	-0.00904298 	4.57007e-13 	-1.9969e-13 	-4.25882e-14 	2.33522e-13 	-1.01235e-14 	1.55871e-13 	2.52548e-10 	-2.85554e-10 	7.75185e-10 	3.22873e-10 	-8.76495e-10 	2.3794e-09
0.01    0.01    0.01    0.01    0.01    3.24 	0.170837 	-0.0305437 	-0.00904298 	4.57007e-13 	-1.9969e-13 	-4.25882e-14 	2.33522e-13 	-1.01235e-14 	1.55871e-13 	2.52548e-10 	-2.85554e-10 	7.75185e-10 	3.22873e-10 	-8.76495e-10 	2.3794e-09
0.01    0.01    0.01    0.01    0.01    3.33 	0.147749 	-0.0111935 	0.0200138 	4.97792e-13 	-1.96977e-13 	2.8649e-14 	2.02888e-13 	-1.84715e-14 	1.94956e-13 	2.46827e-10 	1.83912e-10 	2.14531e-11 	1.37034e-10 	1.59848e-11 	1.86461e-12
0.01    0.01    0.01    0.01    0.01    3.42 	0.147749 	-0.0111935 	0.0200138 	4.97792e-13 	-1.96977e-13 	2.8649e-14 	2.02888e-13 	-1.84715e-14 	1.94956e-13 	2.46827e-10 	1.83912e-10 	2.14531e-11 	1.37034e-10 	1.59848e-11 	1.86461e-12
0.01    0.01    0.01    0.01    0.01    3.51 	0.147749 	-0.0111935 	0.0200138 	4.97792e-13 	-1.96977e-13 	2.8649e-14 	2.02888e-13 	-1.84715e-14 	1.94956e-13 	2.46827e-10 	1.83912e-10 	2.14531e-11 	1.37034e-10 	1.59848e-11 	1.86461e-12
0.01    0.01    0.01    0.01    0.01    3.6 	0.153405 	0.0201316 	-0.0270633 	3.88289e-13 	-1.05018e-13 	-4.0417e-15 	1.33529e-13 	-2.98698e-15 	1.76893e-13 	5.26588e-11 	6.0872e-11 	-5.77325e-11 	7.03663e-11 	-6.67371e-11 	6.3295e-11
0.01    0.01    0.01    0.01    0.01    3.69 	0.153405 	0.0201316 	-0.0270633 	3.88289e-13 	-1.05018e-13 	-4.0417e-15 	1.33529e-13 	-2.98698e-15 	1.76893e-13 	5.26588e-11 	6.0872e-11 	-5.77325e-11 	7.03663e-11 	-6.67371e-11 	6.3295e-11
0.01    0.01    0.01    0.01    0.01    3.78 	0.162493 	0.0186902 	-0.000438017 	3.84518e-13 	-1.05358e-13 	3.69806e-14 	1.55783e-13 	1.44512e-14 	1.51596e-13 	3.81554e-11 	-5.03027e-11 	1.76242e-10 	6.63175e-11 	-2.32352e-10 	8.14074e-10
0.01    0.01    0.01    0.01    0.01    3.87 	0.162493 	0.0186902 	-0.000438017 	3.84518e-13 	-1.05358e-13 	3.69806e-14 	1.55783e-13 	1.44512e-14 	1.51596e-13 	3.81554e-11 	-5.03027e-11 	1.76242e-10 	6.63175e-11 	-2.32352e-10 	8.14074e-10
0.01    0.01    0.01    0.01    0.01    3.96 	0.155366 	0.0300299 	-0.0111912 	3.41771e-13 	-8.08714e-14 	3.66438e-14 	1.54894e-13 	2.16854e-14 	1.52041e-13 	2.37869e-10 	4.19014e-10 	7.38081e-11 	7.38105e-10 	1.30015e-10 	2.29018e-11
0.01    0.01    0.01    0.01    0.01    4.05 	0.155366 	0.0300299 	-0.0111912 	3.41771e-13 	-8.08714e-14 	3.66438e-14 	1.54894e-13 	2.16854e-14 	1.52041e-13 	2.37869e-10 	4.19014e-10 	7.38081e-11 	7.38105e-10 	1.30015e-10 	2.29018e-11
0.01    0.01    0.01    0.01    0.01    4.14 	0.136687 	0.00690268 	0.00250627 	3.92114e-13 	-1.04707e-13 	8.95469e-14 	1.72159e-13 	-3.13421e-14 	1.44128e-13 	4.07453e-10 	1.88174e-10 	6.73236e-10 	8.69048e-11 	3.10921e-10 	1.11239e-09
0.01    0.01    0.01    0.01    0.01    4.23 	0.136687 	0.00690268 	0.00250627 	3.92114e-13 	-1.04707e-13 	8.95469e-14 	1.72159e-13 	-3.13421e-14 	1.44128e-13 	4.07453e-10 	1.88174e-10 	6.73236e-10 	8.69048e-11 	3.10921e-10 	1.11239e-09
0.01    0.01    0.01    0.01    0.01    4.32 	0.152818 	0.00704603 	0.0174879 	5.386e-13 	-1.81952e-13 	9.98125e-14 	2.24271e-13 	-2.22101e-14 	1.76856e-13 	6.25278e-11 	8.57119e-11 	-1.42481e-10 	1.17492e-10 	-1.9531e-10 	3.2467e-10
0.01    0.01    0.01    0.01    0.01    4.41 	0.152818 	0.00704603 	0.0174879 	5.386e-13 	-1.81952e-13 	9.98125e-14 	2.24271e-13 	-2.22101e-14 	1.76856e-13 	6.25278e-11 	8.57119e-11 	-1.42481e-10 	1.17492e-10 	-1.9531e-10 	3.2467e-10
0.01    0.01    0.01    0.01    0.01    4.5 	0.152818 	0.00704603 	0.0174879 	5.386e-13 	-1.81952e-13 	9.98125e-14 	2.24271e-13 	-2.22101e-14 	1.76856e-13 	6.25278e-11 	8.57119e-11 	-1.42481e-10 	1.17492e-10 	-1.9531e-10 	3.2467e-10
0.02    0.02    0.02    0.02    0.02    0 	0.178824 	-0.00954717 	0.0349594 	4.52742e-13 	-1.25859e-13 	7.97755e-14 	1.69506e-13 	-6.38866e-15 	1.63065e-13 	2.54434e-10 	-1.17547e-09 	-9.73956e-10 	5.44095e-09 	4.5052e-09 	3.73134e-09
0.02    0.02    0.02    0.02    0.02    0.09 	0.178824 	-0.00954717 	0.0349594 	4.52742e-13 	-1.25859e-13 	7.97755e-14 	1.69506e-13 	-6.38866e-15 	1.63065e-13 	2.54434e-10 	-1.17547e-09 	-9.73956e-10 	5.44095e-09 	4.5052e-09 	3.73134e-09
0.02    0.02    0.02    0.02    0.02    0.18 	0.178824 	-0.00954717 	0.0349594 	4.52742e-13 	-1.25859e-13 	7.97755e-14 	1.69506e-13 	-6.38866e-15 	1.63065e-13 	2.54434e-10 	-1.17547e-09 	-9.73956e-10 	5.44095e-09 	4.5052e-09 	3.73134e-09
0.02    0.02    0.02    0.02    0.02    0.27 	0.1396 	-0.0163252 	0.0393753 	4.02966e-13 	-1.15173e-13 	4.62698e-14 	1.44196e-13 	9.20973e-15 	1.90912e-13 	2.77599e-10 	1.74534e-11 	-1.38e-10 	1.2243e-12 	-8.92436e-12 	6.95851e-11
0.02    0.02    0.02    0.02    0.02    0.36 	0.1396 	-0.0163252 	0.0393753 	4.02966e-13 	-1.15173e-13 	4.62698e-14 	1.44196e-13 	9.20973e-15 	1.90912e-13 	2.77599e-10 	1.74534e-11 	-1.38e-10 	1.2243e-12 	-8.92436e-12 	6.95851e-11
0.02    0.02    0.02    0.02    0.02    0.45 	0.162692 	-0.00877005 	0.0115277 	4.37025e-13 	-1.17286e-13 	1.18457e-14 	1.50079e-13 	-1.09674e-15 	1.6414e-13 	4.19099e-11 	1.88409e-10 	-1.83424e-10 	8.47254e-10 	-8.24878e-10 	8.03305e-10
0.02    0.02    0.02    0.02    0.02    0.54 	0.162692 	-0.00877005 	0.0115277 	4.37025e-13 	-1.17286e-13 	1.18457e-14 	1.50079e-13 	-1.09674e-15 	1.6414e-13 	4.19099e-11 	1.88409e-10 	-1.83424e-10 	8.47254e-10 	-8.24878e-10 	8.03305e-10
0.02    0.02    0.02    0.02    0.02    0.63 	0.140339 	-0.0214852 	0.0344114 	3.54218e-13 	-1.2645e-13 	2.87855e-14 	1.685e-13 	7.87615e-15 	1.23386e-13 	8.44781e-10 	3.93796e-11 	-4.02931e-10 	1.93533e-12 	-1.87146e-11 	1.92233e-10
0.02    0.02    0.02    0.02    0.02    0.72 	0.140339 	-0.0214852 	0.0344114 	3.54218e-13 	-1.2645e-13 	2.87855e-14 	1.685e-13 	7.87615e-15 	1.23386e-13 	8.44781e-10 	3.93796e-11 	-4.02931e-10 	1.93533e-12 	-1.87146e-11 	1.92233e-10
0.02    0.02    0.02    0.02    0.02    0.81 	0.139146 	0.0028384 	0.0424402 	2.65522e-13 	-8.71854e-14 	4.43637e-15 	1.42174e-13 	1.8145e-14 	1.46345e-13 	1.77521e-10 	-2.93191e-10 	4.71584e-10 	4.84262e-10 	-7.78868e-10 	1.25277e-09
0.02    0.02    0.02    0.02    0.02    0.9 	0.139146 	0.0028384 	0.0424402 	2.65522e-13 	-8.71854e-14 	4.43637e-15 	1.42174e-13 	1.8145e-14 	1.46345e-13 	1.77521e-10 	-2.93191e-10 	4.71584e-10 	4.84262e-10 	-7.78868e-10 	1.25277e-09
0.02    0.02    0.02    0.02    0.02    0.99 	0.109845 	0.0125849 	0.00504604 	2.39938e-13 	-7.6028e-14 	-1.13139e-15 	1.27771e-13 	1.85042e-14 	1.61424e-13 	6.9187e-09 	-3.12165e-09 	-1.91047e-09 	1.40863e-09 	8.62092e-10 	5.27608e-10
0.02    0.02    0.02    0.02    0.02    1.08 	0.109845 	0.0125849 	0.00504604 	2.39938e-13 	-7.6028e-14 	-1.13139e-15 	1.27771e-13 	1.85042e-14 	1.61424e-13 	6.9187e-09 	-3.12165e-09 	-1.91047e-09 	1.40863e-09 	8.62092e-10 	5.27608e-10
0.02    0.02    0.02    0.02    0.02    1.17 	0.109845 	0.0125849 	0.00504604 	2.39938e-13 	-7.6028e-14 	-1.13139e-15 	1.27771e-13 	1.85042e-14 	1.61424e-13 	6.9187e-09 	-3.12165e-09 	-1.91047e-09 	1.40863e-09 	8.62092e-10 	5.27608e-10
0.02    0.02    0.02    0.02    0.02    1.26 	0.162282 	0.0327647 	-0.018204 	2.74483e-13 	-9.80968e-14 	-1.72957e-14 	1.75146e-13 	1.1421e-14 	1.21159e-13 	1.27181e-10 	9.89784e-10 	-1.23454e-10 	7.70572e-09 	-9.6165e-10 	1.20126e-10
0.02    0.02    0.02    0.02    0.02    1.35 	0.162282 	0.0327647 	-0.018204 	2.74483e-13 	-9.80968e-14 	-1.72957e-14 	1.75146e-13 	1.1421e-14 	1.21159e-13 	1.27181e-10 	9.89784e-10 	-1.23454e-10 	7.70572e-09 	-9.6165e-10 	1.20126e-10
0.02    0.02    0.02    0.02    0.02    1.44 	0.161314 	0.00661197 	0.0209492 	3.28509e-13 	-1.23062e-13 	-6.45969e-15 	1.48303e-13 	1.41189e-14 	1.3557e-13 	2.87117e-09 	1.43499e-09 	6.31415e-10 	7.17246e-10 	3.15561e-10 	1.38863e-10
0.02    0.02    0.02    0.02    0.02    1.53 	0.161314 	0.00661197 	0.0209492 	3.28509e-13 	-1.23062e-13 	-6.45969e-15 	1.48303e-13 	1.41189e-14 	1.3557e-13 	2.87117e-09 	1.43499e-09 	6.31415e-10 	7.17246e-10 	3.15561e-10 	1.38863e-10
0.02    0.02    0.02    0.02    0.02    1.62 	0.135321 	0.011038 	-0.00972423 	2.99738e-13 	-1.17818e-13 	-5.70561e-15 	1.36964e-13 	-2.34734e-15 	1.43096e-13 	8.0167e-11 	-1.49123e-10 	1.34504e-10 	2.77836e-10 	-2.50036e-10 	2.25751e-10
0.02    0.02    0.02    0.02    0.02    1.71 	0.135321 	0.011038 	-0.00972423 	2.99738e-13 	-1.17818e-13 	-5.70561e-15 	1.36964e-13 	-2.34734e-15 	1.43096e-13 	8.0167e-11 	-1.49123e-10 	1.34504e-10 	2.77836e-10 	-2.50036e-10 	2.25751e-10
0.02    0.02    0.02    0.02    0.02    1.8 	0.118253 	0.017817 	-0.00472099 	3.38299e-13 	-1.28489e-13 	-1.4195e-14 	1.42095e-13 	-3.39655e-15 	1.12328e-13 	9.20422e-10 	3.32228e-10 	-1.2609e-09 	1.1996e-10 	-4.55244e-10 	1.72769e-09
0.02    0.02    0.02    0.02    0.02    1.89 	0.118253 	0.017817 	-0.00472099 	3.38299e-13 	-1.28489e-13 	-1.4195e-14 	1.42095e-13 	-3.39655e-15 	1.12328e-13 	9.20422e-10 	3.32228e-10 	-1.2609e-09 	1.1996e-10 	-4.55244e-10 	1.72769e-09
0.02    0.02    0.02    0.02    0.02    1.98 	0.145669 	0.0134061 	0.00899969 	2.93276e-13 	-1.12222e-13 	-3.63576e-14 	1.46868e-13 	1.11667e-14 	1.21536e-13 	2.90348e-09 	-4.93105e-09 	-1.22889e-09 	8.37541e-09 	2.08774e-09 	5.20672e-10
0.02    0.02    0.02    0.02    0.02    2.07 	0.145669 	0.0134061 	0.00899969 	2.93276e-13 	-1.12222e-13 	-3.63576e-14 	1.46868e-13 	1.11667e-14 	1.21536e-13 	2.90348e-09 	-4.93105e-09 	-1.22889e-09 	8.37541e-09 	2.08774e-09 	5.20672e-10
0.02    0.02    0.02    0.02    0.02    2.16 	0.125603 	0.0303878 	-0.00124004 	2.62351e-13 	-7.14006e-14 	-3.70814e-14 	1.20916e-13 	1.13144e-14 	1.69515e-13 	6.88253e-11 	1.90992e-10 	-1.08543e-10 	5.30729e-10 	-3.01524e-10 	1.7134e-10
0.02    0.02    0.02    0.02    0.02    2.25 	0.125603 	0.0303878 	-0.00124004 	2.62351e-13 	-7.14006e-14 	-3.70814e-14 	1.20916e-13 	1.13144e-14 	1.69515e-13 	6.88253e-11 	1.90992e-10 	-1.08543e-10 	5.30729e-10 	-3.01524e-10 	1.7134e-10
0.02    0.02    0.02    0.02    0.02    2.34 	0.125603 	0.0303878 	-0.00124004 	2.62351e-13 	-7.14006e-14 	-3.70814e-14 	1.20916e-13 	1.13144e-14 	1.69515e-13 	6.88253e-11 	1.90992e-10 	-1.08543e-10 	5.30729e-10 	-3.01524e-10 	1.7134e-10
0.02    0.02    0.02    0.02    0.02    2.43 	0.15199 	0.0132071 	-0.00246388 	2.66225e-13 	-8.49526e-14 	-2.46006e-14 	1.40208e-13 	1.06201e-14 	1.9389e-13 	4.39134e-09 	-2.34493e-10 	-7.74537e-09 	1.26801e-11 	4.13033e-10 	1.36632e-08
0.02    0.02    0.02    0.02    0.02    2.52 	0.15199 	0.0132071 	-0.00246388 	2.66225e-13 	-8.49526e-14 	-2.46006e-14 	1.40208e-13 	1.06201e-14 	1.9389e-13 	4.39134e-09 	-2.34493e-10 	-7.74537e-09 	1.26801e-11 	4.13033e-10 	1.36632e-08
0.02    0.02    0.02    0.02    0.02    2.61 	0.161042 	0.00852766 	-0.0171997 	3.17007e-13 	-8.6436e-14 	-2.29386e-14 	1.27869e-13 	-2.47817e-14 	2.13315e-13 	1.93409e-10 	-2.94082e-10 	3.94617e-10 	4.47292e-10 	-5.99983e-10 	8.05222e-10
0.02    0.02    0.02    0.02    0.02    2.7 	0.161042 	0.00852766 	-0.0171997 	3.17007e-13 	-8.6436e-14 	-2.29386e-14 	1.27869e-13 	-2.47817e-14 	2.13315e-13 	1.93409e-10 	-2.94082e-10 	3.94617e-10 	4.47292e-10 	-5.99983e-10 	8.05222e-10
0.02    0.02    0.02    0.02    0.02    2.79 	0.161768 	-0.00304563 	0.000204425 	4.53866e-13 	-1.55955e-13 	-3.22381e-14 	1.80713e-13 	1.03134e-14 	2.03108e-13 	4.42493e-12 	-1.58041e-11 	4.61439e-11 	6.18859e-11 	-1.90341e-10 	6.02358e-10
0.02    0.02    0.02    0.02    0.02    2.88 	0.161768 	-0.00304563 	0.000204425 	4.53866e-13 	-1.55955e-13 	-3.22381e-14 	1.80713e-13 	1.03134e-14 	2.03108e-13 	4.42493e-12 	-1.58041e-11 	4.61439e-11 	6.18859e-11 	-1.90341e-10 	6.02358e-10
0.02    0.02    0.02    0.02    0.02    2.97 	0.191698 	-0.0459256 	-0.00122743 	5.20513e-13 	-2.10765e-13 	-3.1063e-14 	2.46374e-13 	1.35411e-14 	1.62529e-13 	6.25306e-10 	-1.01716e-09 	2.75237e-10 	1.65472e-09 	-4.47634e-10 	1.21196e-10
0.02    0.02    0.02    0.02    0.02    3.06 	0.191698 	-0.0459256 	-0.00122743 	5.20513e-13 	-2.10765e-13 	-3.1063e-14 	2.46374e-13 	1.35411e-14 	1.62529e-13 	6.25306e-10 	-1.01716e-09 	2.75237e-10 	1.65472e-09 	-4.47634e-10 	1.21196e-10
0.02    0.02    0.02    0.02    0.02    3.15 	0.170773 	-0.0304692 	-0.00923665 	4.56996e-13 	-1.99685e-13 	-4.26792e-14 	2.33577e-13 	-1.00692e-14 	1.55854e-13 	1.27835e-09 	-1.47449e-09 	3.8791e-09 	1.70089e-09 	-4.47445e-09 	1.1772e-08
0.02    0.02    0.02    0.02    0.02    3.24 	0.170773 	-0.0304692 	-0.00923665 	4.56996e-13 	-1.99685e-13 	-4.26792e-14 	2.33577e-13 	-1.00692e-14 	1.55854e-13 	1.27835e-09 	-1.47449e-09 	3.8791e-09 	1.70089e-09 	-4.47445e-09 	1.1772e-08
0.02    0.02    0.02    0.02    0.02    3.33 	0.147681 	-0.0112411 	0.0200091 	4.98e-13 	-1.97026e-13 	2.85126e-14 	2.02888e-13 	-1.84895e-14 	1.94932e-13 	1.37076e-09 	9.79498e-10 	1.02422e-10 	7.00044e-10 	7.32403e-11 	7.67493e-12
0.02    0.02    0.02    0.02    0.02    3.42 	0.147681 	-0.0112411 	0.0200091 	4.98e-13 	-1.97026e-13 	2.85126e-14 	2.02888e-13 	-1.84895e-14 	1.94932e-13 	1.37076e-09 	9.79498e-10 	1.02422e-10 	7.00044e-10 	7.32403e-11 	7.67493e-12
0.02    0.02    0.02    0.02    0.02    3.51 	0.147681 	-0.0112411 	0.0200091 	4.98e-13 	-1.97026e-13 	2.85126e-14 	2.02888e-13 	-1.84895e-14 	1.94932e-13 	1.37076e-09 	9.79498e-10 	1.02422e-10 	7.00044e-10 	7.32403e-11 	7.67493e-12
0.02    0.02    0.02    0.02    0.02    3.6 	0.153375 	0.0200975 	-0.0270305 	3.88447e-13 	-1.05143e-13 	-3.8194e-15 	1.33561e-13 	-3.0735e-15 	1.76862e-13 	2.75001e-10 	3.14706e-10 	-3.00458e-10 	3.60168e-10 	-3.43833e-10 	3.28277e-10
0.02    0.02    0.02    0.02    0.02    3.69 	0.153375 	0.0200975 	-0.0270305 	3.88447e-13 	-1.05143e-13 	-3.8194e-15 	1.33561e-13 	-3.0735e-15 	1.76862e-13 	2.75001e-10 	3.14706e-10 	-3.00458e-10 	3.60168e-10 	-3.43833e-10 	3.28277e-10
0.02    0.02    0.02    0.02    0.02    3.78 	0.162515 	0.0186524 	-0.000328201 	3.84533e-13 	-1.05417e-13 	3.71459e-14 	1.55836e-13 	1.43437e-14 	1.51488e-13 	1.56099e-10 	-2.52855e-10 	7.75302e-10 	4.11986e-10 	-1.25897e-09 	3.85496e-09
0.02    0.02    0.02    0.02    0.02    3.87 	0.162515 	0.0186524 	-0.000328201 	3.84533e-13 	-1.05417e-13 	3.71459e-14 	1.55836e-13 	1.43437e-14 	1.51488e-13 	1.56099e-10 	-2.52855e-10 	7.75302e-10 	4.11986e-10 	-1.25897e-09 	3.85496e-09
0.02    0.02    0.02    0.02    0.02    3.96 	0.155426 	0.030138 	-0.0111701 	3.41803e-13 	-8.09518e-14 	3.67036e-14 	1.54877e-13 	2.16914e-14 	1.52083e-13 	1.14174e-09 	2.04737e-09 	3.85645e-10 	3.67163e-09 	6.9157e-10 	1.30421e-10
0.02    0.02    0.02    0.02    0.02    4.05 	0.155426 	0.030138 	-0.0111701 	3.41803e-13 	-8.09518e-14 	3.67036e-14 	1.54877e-13 	2.16914e-14 	1.52083e-13 	1.14174e-09 	2.04737e-09 	3.85645e-10 	3.67163e-09 	6.9157e-10 	1.30421e-10
0.02    0.02    0.02    0.02    0.02    4.14 	0.136768 	0.00693407 	0.00263975 	3.92364e-13 	-1.04807e-13 	8.96606e-14 	1.7223e-13 	-3.14026e-14 	1.4412e-13 	2.05502e-09 	8.44727e-10 	3.38338e-09 	3.48198e-10 	1.39091e-09 	5.57043e-09
0.02    0.02    0.02    0.02    0.02    4.23 	0.136768 	0.00693407 	0.00263975 	3.92364e-13 	-1.04807e-13 	8.96606e-14 	1.7223e-13 	-3.14026e-14 	1.4412e-13 	2.05502e-09 	8.44727e-10 	3.38338e-09 	3.48198e-10 	1.39091e-09 	5.57043e-09
0.02    0.02    0.02    0.02    0.02    4.32 	0.152786 	0.00699871 	0.0175603 	5.38347e-13 	-1.82017e-13 	9.97757e-14 	2.24267e-13 	-2.21371e-14 	1.7683e-13 	3.14686e-10 	4.56462e-10 	-7.17712e-10 	6.62371e-10 	-1.04097e-09 	1.63716e-09
0.02    0.02    0.02    0.02    0.02    4.41 	0.152786 	0.00699871 	0.0175603 	5.38347e-13 	-1.82017e-13 	9.97757e-14 	2.24267e-13 	-2.21371e-14 	1.7683e-13 	3.14686e-10 	4.56462e-10 	-7.17712e-10 	6.62371e-10 	-1.04097e-09 	1.63716e-09
0.02    0.02    0.02    0.02    0.02    4.5 	0.152786 	0.00699871 	0.0175603 	5.38347e-13 	-1.82017e-13 	9.97757e-14 	2.24267e-13 	-2.21371e-14 	1.7683e-13 	3.14686e-10 	4.56462e-10 	-7.17712e-10 	6.62371e-10 	-1.04097e-09 	1.63716e-09
0.03    0.03    0.03    0.03    0.03    0 	0.178851 	-0.00967322 	0.0348482 	4.52344e-13 	-1.25839e-13 	7.94126e-14 	1.69542e-13 	-6.28315e-15 	1.62905e-13 	5.60708e-10 	-2.6298e-09 	-2.21915e-09 	1.23427e-08 	1.04137e-08 	8.7892e-09
0.03    0.03    0.03    0.03    0.03    0.09 	0.178851 	-0.00967322 	0.0348482 	4.52344e-13 	-1.25839e-13 	7.94126e-14 	1.69542e-13 	-6.28315e-15 	1.62905e-13 	5.60708e-10 	-2.6298e-09 	-2.21915e-09 	1.23427e-08 	1.04137e-08 	8.7892e-09
0.03    0.03    0.03    0.03    0.03    0.18 	0.178851 	-0.00967322 	0.0348482 	4.52344e-13 	-1.25839e-13 	7.94126e-14 	1.69542e-13 	-6.28315e-15 	1.62905e-13 	5.60708e-10 	-2.6298e-09 	-2.21915e-09 	1.23427e-08 	1.04137e-08 	8.7892e-09
0.03    0.03    0.03    0.03    0.03    0.27 	0.139629 	-0.0163169 	0.0393605 	4.03172e-13 	-1.15083e-13 	4.60668e-14 	1.44104e-13 	9.30068e-15 	1.90937e-13 	6.34845e-10 	9.23445e-11 	-3.27868e-10 	1.57335e-11 	-4.81482e-11 	1.70118e-10
0.03    0.03    0.03    0.03    0.03    0.36 	0.139629 	-0.0163169 	0.0393605 	4.03172e-13 	-1.15083e-13 	4.60668e-14 	1.44104e-13 	9.30068e-15 	1.90937e-13 	6.34845e-10 	9.23445e-11 	-3.27868e-10 	1.57335e-11 	-4.81482e-11 	1.70118e-10
0.03    0.03    0.03    0.03    0.03    0.45 	0.162707 	-0.00871172 	0.0114807 	4.36826e-13 	-1.17151e-13 	1.17032e-14 	1.50056e-13 	-1.02256e-15 	1.64105e-13 	1.23217e-10 	5.139e-10 	-4.63723e-10 	2.14895e-09 	-1.94411e-09 	1.76348e-09
0.03    0.03    0.03    0.03    0.03    0.54 	0.162707 	-0.00871172 	0.0114807 	4.36826e-13 	-1.17151e-13 	1.17032e-14 	1.50056e-13 	-1.02256e-15 	1.64105e-13 	1.23217e-10 	5.139e-10 	-4.63723e-10 	2.14895e-09 	-1.94411e-09 	1.76348e-09
0.03    0.03    0.03    0.03    0.03    0.63 	0.140391 	-0.0214837 	0.0343881 	3.54255e-13 	-1.26348e-13 	2.87192e-14 	1.68453e-13 	7.96962e-15 	1.23398e-13 	1.94916e-09 	8.43808e-11 	-9.09859e-10 	3.76001e-12 	-3.93843e-11 	4.24839e-10
0.03    0.03    0.03    0.03    0.03    0.72 	0.140391 	-0.0214837 	0.0343881 	3.54255e-13 	-1.26348e-13 	2.87192e-14 	1.68453e-13 	7.96962e-15 	1.23398e-13 	1.94916e-09 	8.43808e-11 	-9.09859e-10 	3.76001e-12 	-3.93843e-11 	4.24839e-10
0.03    0.03    0.03    0.03    0.03    0.81 	0.139123 	0.00287657 	0.0423755 	2.65485e-13 	-8.71038e-14 	4.3425e-15 	1.42083e-13 	1.81222e-14 	1.46356e-13 	4.04415e-10 	-6.69085e-10 	1.098e-09 	1.10701e-09 	-1.81669e-09 	2.98197e-09
0.03    0.03    0.03    0.03    0.03    0.9 	0.139123 	0.00287657 	0.0423755 	2.65485e-13 	-8.71038e-14 	4.3425e-15 	1.42083e-13 	1.81222e-14 	1.46356e-13 	4.04415e-10 	-6.69085e-10 	1.098e-09 	1.10701e-09 	-1.81669e-09 	2.98197e-09
0.03    0.03    0.03    0.03    0.03    0.99 	0.109697 	0.0126509 	0.00508563 	2.39905e-13 	-7.59532e-14 	-1.07177e-15 	1.27645e-13 	1.84331e-14 	1.61538e-13 	1.61142e-08 	-7.2196e-09 	-4.38496e-09 	3.23475e-09 	1.96473e-09 	1.19338e-09
0.03    0.03    0.03    0.03    0.03    1.08 	0.109697 	0.0126509 	0.00508563 	2.39905e-13 	-7.59532e-14 	-1.07177e-15 	1.27645e-13 	1.84331e-14 	1.61538e-13 	1.61142e-08 	-7.2196e-09 	-4.38496e-09 	3.23475e-09 	1.96473e-09 	1.19338e-09
0.03    0.03    0.03    0.03    0.03    1.17 	0.109697 	0.0126509 	0.00508563 	2.39905e-13 	-7.59532e-14 	-1.07177e-15 	1.27645e-13 	1.84331e-14 	1.61538e-13 	1.61142e-08 	-7.2196e-09 	-4.38496e-09 	3.23475e-09 	1.96473e-09 	1.19338e-09
0.03    0.03    0.03    0.03    0.03    1.26 	0.162301 	0.0329178 	-0.0182278 	2.74569e-13 	-9.82103e-14 	-1.72781e-14 	1.75101e-13 	1.13845e-14 	1.21222e-13 	2.79693e-10 	2.22499e-09 	-3.03049e-10 	1.77057e-08 	-2.41394e-09 	3.30366e-10
0.03    0.03    0.03    0.03    0.03    1.35 	0.162301 	0.0329178 	-0.0182278 	2.74569e-13 	-9.82103e-14 	-1.72781e-14 	1.75101e-13 	1.13845e-14 	1.21222e-13 	2.79693e-10 	2.22499e-09 	-3.03049e-10 	1.77057e-08 	-2.41394e-09 	3.30366e-10
0.03    0.03    0.03    0.03    0.03    1.44 	0.161403 	0.00665961 	0.0209684 	3.28517e-13 	-1.23036e-13 	-6.56247e-15 	1.48312e-13 	1.41704e-14 	1.35533e-13 	6.33868e-09 	3.25156e-09 	1.38468e-09 	1.66858e-09 	7.10234e-10 	3.02492e-10
0.03    0.03    0.03    0.03    0.03    1.53 	0.161403 	0.00665961 	0.0209684 	3.28517e-13 	-1.23036e-13 	-6.56247e-15 	1.48312e-13 	1.41704e-14 	1.35533e-13 	6.33868e-09 	3.25156e-09 	1.38468e-09 	1.66858e-09 	7.10234e-10 	3.02492e-10
0.03    0.03    0.03    0.03    0.03    1.62 	0.135304 	0.0110649 	-0.00974886 	2.99744e-13 	-1.17893e-13 	-5.66702e-15 	1.37023e-13 	-2.38132e-15 	1.43063e-13 	1.87658e-10 	-3.38049e-10 	3.01848e-10 	6.0984e-10 	-5.44091e-10 	4.85997e-10
0.03    0.03    0.03    0.03    0.03    1.71 	0.135304 	0.0110649 	-0.00974886 	2.99744e-13 	-1.17893e-13 	-5.66702e-15 	1.37023e-13 	-2.38132e-15 	1.43063e-13 	1.87658e-10 	-3.38049e-10 	3.01848e-10 	6.0984e-10 	-5.44091e-10 	4.85997e-10
0.03    0.03    0.03    0.03    0.03    1.8 	0.118203 	0.0177953 	-0.00464467 	3.3829e-13 	-1.28523e-13 	-1.41609e-14 	1.4211e-13 	-3.39576e-15 	1.12316e-13 	2.05232e-09 	7.87583e-10 	-2.90232e-09 	3.02928e-10 	-1.11517e-09 	4.10724e-09
0.03    0.03    0.03    0.03    0.03    1.89 	0.118203 	0.0177953 	-0.00464467 	3.3829e-13 	-1.28523e-13 	-1.41609e-14 	1.4211e-13 	-3.39576e-15 	1.12316e-13 	2.05232e-09 	7.87583e-10 	-2.90232e-09 	3.02928e-10 	-1.11517e-09 	4.10724e-09
0.03    0.03    0.03    0.03    0.03    1.98 	0.145761 	0.0132467 	0.00896196 	2.93413e-13 	-1.12329e-13 	-3.6369e-14 	1.46772e-13 	1.11215e-14 	1.21606e-13 	6.55426e-09 	-1.12089e-08 	-2.75986e-09 	1.917e-08 	4.7202e-09 	1.16263e-09
0.03    0.03    0.03    0.03    0.03    2.07 	0.145761 	0.0132467 	0.00896196 	2.93413e-13 	-1.12329e-13 	-3.6369e-14 	1.46772e-13 	1.11215e-14 	1.21606e-13 	6.55426e-09 	-1.12089e-08 	-2.75986e-09 	1.917e-08 	4.7202e-09 	1.16263e-09
0.03    0.03    0.03    0.03    0.03    2.16 	0.125619 	0.0304285 	-0.00126737 	2.62567e-13 	-7.14731e-14 	-3.70528e-14 	1.20882e-13 	1.11859e-14 	1.69468e-13 	1.67554e-10 	4.53157e-10 	-2.74167e-10 	1.2266e-09 	-7.41349e-10 	4.48988e-10
0.03    0.03    0.03    0.03    0.03    2.25 	0.125619 	0.0304285 	-0.00126737 	2.62567e-13 	-7.14731e-14 	-3.70528e-14 	1.20882e-13 	1.11859e-14 	1.69468e-13 	1.67554e-10 	4.53157e-10 	-2.74167e-10 	1.2266e-09 	-7.41349e-10 	4.48988e-10
0.03    0.03    0.03    0.03    0.03    2.34 	0.125619 	0.0304285 	-0.00126737 	2.62567e-13 	-7.14731e-14 	-3.70528e-14 	1.20882e-13 	1.11859e-14 	1.69468e-13 	1.67554e-10 	4.53157e-10 	-2.74167e-10 	1.2266e-09 	-7.41349e-10 	4.48988e-10
0.03    0.03    0.03    0.03    0.03    2.43 	0.151872 	0.0132166 	-0.00226159 	2.66208e-13 	-8.4984e-14 	-2.45355e-14 	1.40214e-13 	1.06045e-14 	1.93857e-13 	1.02128e-08 	-6.61114e-10 	-1.78227e-08 	4.35062e-11 	1.15244e-09 	3.1106e-08
0.03    0.03    0.03    0.03    0.03    2.52 	0.151872 	0.0132166 	-0.00226159 	2.66208e-13 	-8.4984e-14 	-2.45355e-14 	1.40214e-13 	1.06045e-14 	1.93857e-13 	1.02128e-08 	-6.61114e-10 	-1.78227e-08 	4.35062e-11 	1.15244e-09 	3.1106e-08
0.03    0.03    0.03    0.03    0.03    2.61 	0.161064 	0.00849106 	-0.0171496 	3.1688e-13 	-8.64486e-14 	-2.29263e-14 	1.27901e-13 	-2.47593e-14 	2.13318e-13 	4.13451e-10 	-6.46071e-10 	8.78347e-10 	1.01025e-09 	-1.37348e-09 	1.86775e-09
0.03    0.03    0.03    0.03    0.03    2.7 	0.161064 	0.00849106 	-0.0171496 	3.1688e-13 	-8.64486e-14 	-2.29263e-14 	1.27901e-13 	-2.47593e-14 	2.13318e-13 	4.13451e-10 	-6.46071e-10 	8.78347e-10 	1.01025e-09 	-1.37348e-09 	1.86775e-09
0.03    0.03    0.03    0.03    0.03    2.79 	0.161769 	-0.00305066 	0.000252025 	4.53772e-13 	-1.55961e-13 	-3.23678e-14 	1.80749e-13 	1.04165e-14 	2.03005e-13 	4.01602e-12 	-1.70024e-11 	6.48037e-11 	8.05155e-11 	-3.32804e-10 	1.49761e-09
0.03    0.03    0.03    0.03    0.03    2.88 	0.161769 	-0.00305066 	0.000252025 	4.53772e-13 	-1.55961e-13 	-3.23678e-14 	1.80749e-13 	1.04165e-14 	2.03005e-13 	4.01602e-12 	-1.70024e-11 	6.48037e-11 	8.05155e-11 	-3.32804e-10 	1.49761e-09
0.03    0.03    0.03    0.03    0.03    2.97 	0.191651 	-0.0458459 	-0.00124731 	5.19817e-13 	-2.10377e-13 	-3.10844e-14 	2.46097e-13 	1.35739e-14 	1.6247e-13 	1.52297e-09 	-2.51071e-09 	6.63971e-10 	4.13961e-09 	-1.09442e-09 	2.89538e-10
0.03    0.03    0.03    0.03    0.03    3.06 	0.191651 	-0.0458459 	-0.00124731 	5.19817e-13 	-2.10377e-13 	-3.10844e-14 	2.46097e-13 	1.35739e-14 	1.6247e-13 	1.52297e-09 	-2.51071e-09 	6.63971e-10 	4.13961e-09 	-1.09442e-09 	2.89538e-10
0.03    0.03    0.03    0.03    0.03    3.15 	0.170717 	-0.0304003 	-0.00943114 	4.56984e-13 	-1.9968e-13 	-4.27675e-14 	2.33632e-13 	-1.00156e-14 	1.55839e-13 	2.72183e-09 	-3.21549e-09 	8.64476e-09 	3.79992e-09 	-1.02188e-08 	2.74902e-08
0.03    0.03    0.03    0.03    0.03    3.24 	0.170717 	-0.0304003 	-0.00943114 	4.56984e-13 	-1.9968e-13 	-4.27675e-14 	2.33632e-13 	-1.00156e-14 	1.55839e-13 	2.72183e-09 	-3.21549e-09 	8.64476e-09 	3.79992e-09 	-1.02188e-08 	2.74902e-08
0.03    0.03    0.03    0.03    0.03    3.33 	0.14762 	-0.0112871 	0.0200041 	4.98211e-13 	-1.97075e-13 	2.8376e-14 	2.0289e-13 	-1.8507e-14 	1.94908e-13 	3.06872e-09 	2.21897e-09 	2.32862e-10 	1.60479e-09 	1.68456e-10 	1.76941e-11
0.03    0.03    0.03    0.03    0.03    3.42 	0.14762 	-0.0112871 	0.0200041 	4.98211e-13 	-1.97075e-13 	2.8376e-14 	2.0289e-13 	-1.8507e-14 	1.94908e-13 	3.06872e-09 	2.21897e-09 	2.32862e-10 	1.60479e-09 	1.68456e-10 	1.76941e-11
0.03    0.03    0.03    0.03    0.03    3.51 	0.14762 	-0.0112871 	0.0200041 	4.98211e-13 	-1.97075e-13 	2.8376e-14 	2.0289e-13 	-1.8507e-14 	1.94908e-13 	3.06872e-09 	2.21897e-09 	2.32862e-10 	1.60479e-09 	1.68456e-10 	1.76941e-11
0.03    0.03    0.03    0.03    0.03    3.6 	0.153346 	0.0200659 	-0.0269965 	3.88609e-13 	-1.05269e-13 	-3.59781e-15 	1.33597e-13 	-3.15953e-15 	1.76833e-13 	6.3833e-10 	7.14223e-10 	-7.1332e-10 	7.99351e-10 	-7.97921e-10 	7.97344e-10
0.03    0.03    0.03    0.03    0.03    3.69 	0.153346 	0.0200659 	-0.0269965 	3.88609e-13 	-1.05269e-13 	-3.59781e-15 	1.33597e-13 	-3.15953e-15 	1.76833e-13 	6.3833e-10 	7.14223e-10 	-7.1332e-10 	7.99351e-10 	-7.97921e-10 	7.97344e-10
0.03    0.03    0.03    0.03    0.03    3.78 	0.162535 	0.0186178 	-0.00021409 	3.84549e-13 	-1.05474e-13 	3.73099e-14 	1.55891e-13 	1.42364e-14 	1.51383e-13 	3.31745e-10 	-5.59151e-10 	1.73933e-09 	9.44723e-10 	-2.93625e-09 	9.13492e-09
0.03    0.03    0.03    0.03    0.03    3.87 	0.162535 	0.0186178 	-0.00021409 	3.84549e-13 	-1.05474e-13 	3.73099e-14 	1.55891e-13 	1.42364e-14 	1.51383e-13 	3.31745e-10 	-5.59151e-10 	1.73933e-09 	9.44723e-10 	-2.93625e-09 	9.13492e-09
0.03    0.03    0.03    0.03    0.03    3.96 	0.155489 	0.0302389 	-0.0111462 	3.41835e-13 	-8.10321e-14 	3.67626e-14 	1.54864e-13 	2.16973e-14 	1.52127e-13 	2.72985e-09 	4.71087e-09 	9.73914e-10 	8.13623e-09 	1.67908e-09 	3.47986e-10
0.03    0.03    0.03    0.03    0.03    4.05 	0.155489 	0.0302389 	-0.0111462 	3.41835e-13 	-8.10321e-14 	3.67626e-14 	1.54864e-13 	2.16973e-14 	1.52127e-13 	2.72985e-09 	4.71087e-09 	9.73914e-10 	8.13623e-09 	1.67908e-09 	3.47986e-10
0.03    0.03    0.03    0.03    0.03    4.14 	0.136849 	0.00696034 	0.00276995 	3.92615e-13 	-1.04907e-13 	8.97723e-14 	1.72304e-13 	-3.1462e-14 	1.44115e-13 	4.79426e-09 	1.79503e-09 	7.82332e-09 	6.7561e-10 	2.93048e-09 	1.27667e-08
0.03    0.03    0.03    0.03    0.03    4.23 	0.136849 	0.00696034 	0.00276995 	3.92615e-13 	-1.04907e-13 	8.97723e-14 	1.72304e-13 	-3.1462e-14 	1.44115e-13 	4.79426e-09 	1.79503e-09 	7.82332e-09 	6.7561e-10 	2.93048e-09 	1.27667e-08
0.03    0.03    0.03    0.03    0.03    4.32 	0.152751 	0.00694851 	0.0176279 	5.38093e-13 	-1.82081e-13 	9.97386e-14 	2.24262e-13 	-2.20641e-14 	1.76805e-13 	7.85158e-10 	1.14457e-09 	-1.68857e-09 	1.6687e-09 	-2.46133e-09 	3.63783e-09
0.03    0.03    0.03    0.03    0.03    4.41 	0.152751 	0.00694851 	0.0176279 	5.38093e-13 	-1.82081e-13 	9.97386e-14 	2.24262e-13 	-2.20641e-14 	1.76805e-13 	7.85158e-10 	1.14457e-09 	-1.68857e-09 	1.6687e-09 	-2.46133e-09 	3.63783e-09
0.03    0.03    0.03    0.03    0.03    4.5 	0.152751 	0.00694851 	0.0176279 	5.38093e-13 	-1.82081e-13 	9.97386e-14 	2.24262e-13 	-2.20641e-14 	1.76805e-13 	7.85158e-10 	1.14457e-09 	-1.68857e-09 	1.6687e-09 	-2.46133e-09 	3.63783e-09
