0.01      0.01    0.01    0.01    0.01    0 	0.0275134 	-0.0215454 	-0.00223904 	1.00154e-12 	-5.99439e-13 	-2.21141e-13 	7.87402e-13 	2.48255e-13 	2.48413e-13 	2.28625e-10 	1.95373e-11 	3.90256e-10 	1.66957e-12 	3.33496e-11 	6.66155e-10
0.01      0.01    0.01    0.01    0.01    0 	0.00843894 	-0.021246 	-0.0474145 	2.70389e-13 	-1.01263e-13 	-7.72519e-14 	2.99396e-13 	2.18215e-13 	2.18019e-13 	8.64825e-09 	-9.08015e-10 	2.40483e-09 	9.53361e-11 	-2.52492e-10 	6.68713e-10
0.01      0.01    0.01    0.01    0.01    0.09 	0.0275134 	-0.0215454 	-0.00223904 	1.00154e-12 	-5.99439e-13 	-2.21141e-13 	7.87402e-13 	2.48255e-13 	2.48413e-13 	2.28625e-10 	1.95373e-11 	3.90256e-10 	1.66957e-12 	3.33496e-11 	6.66155e-10
0.01      0.01    0.01    0.01    0.01    0.09 	0.00843894 	-0.021246 	-0.0474145 	2.70389e-13 	-1.01263e-13 	-7.72519e-14 	2.99396e-13 	2.18215e-13 	2.18019e-13 	8.64825e-09 	-9.08015e-10 	2.40483e-09 	9.53361e-11 	-2.52492e-10 	6.68713e-10
0.01      0.01    0.01    0.01    0.01    0.18 	0.00843894 	-0.021246 	-0.0474145 	2.70389e-13 	-1.01263e-13 	-7.72519e-14 	2.99396e-13 	2.18215e-13 	2.18019e-13 	8.64825e-09 	-9.08015e-10 	2.40483e-09 	9.53361e-11 	-2.52492e-10 	6.68713e-10
0.01      0.01    0.01    0.01    0.01    0.27 	0.0190314 	-0.00254809 	0.0511888 	4.19811e-13 	-8.75199e-14 	3.06121e-14 	2.12e-13 	1.23768e-13 	2.21392e-13 	1.27092e-10 	3.2322e-10 	2.72433e-12 	8.22012e-10 	6.92849e-12 	5.83986e-14
0.01      0.01    0.01    0.01    0.01    0.36 	0.0190314 	-0.00254809 	0.0511888 	4.19811e-13 	-8.75199e-14 	3.06121e-14 	2.12e-13 	1.23768e-13 	2.21392e-13 	1.27092e-10 	3.2322e-10 	2.72433e-12 	8.22012e-10 	6.92849e-12 	5.83986e-14
0.01      0.01    0.01    0.01    0.01    0.45 	-0.00962386 	0.00649775 	-0.00509012 	5.35749e-13 	2.69102e-14 	3.4349e-13 	1.2572e-13 	3.46799e-14 	6.63128e-13 	3.34937e-11 	-3.98641e-11 	-1.24021e-10 	4.74462e-11 	1.47609e-10 	4.59225e-10
0.01      0.01    0.01    0.01    0.01    0.54 	-0.00962386 	0.00649775 	-0.00509012 	5.35749e-13 	2.69102e-14 	3.4349e-13 	1.2572e-13 	3.46799e-14 	6.63128e-13 	3.34937e-11 	-3.98641e-11 	-1.24021e-10 	4.74462e-11 	1.47609e-10 	4.59225e-10
0.01      0.01    0.01    0.01    0.01    0.63 	-0.0315015 	0.00322623 	-0.0117386 	5.95214e-13 	-6.31431e-15 	4.69686e-14 	1.39634e-13 	-1.37326e-13 	3.21161e-13 	8.52779e-12 	3.3091e-12 	2.9971e-11 	1.28405e-12 	1.16299e-11 	1.05334e-10
0.01      0.01    0.01    0.01    0.01    0.63 	-0.0448098 	0.0021773 	0.0467968 	6.1041e-13 	-8.3659e-14 	2.9612e-13 	1.11599e-13 	-4.3019e-13 	1.07731e-12 	2.16757e-11 	-4.59778e-11 	2.32984e-11 	9.75265e-11 	-4.94197e-11 	2.50425e-11
0.01      0.01    0.01    0.01    0.01    0.72 	-0.0448098 	0.0021773 	0.0467968 	6.1041e-13 	-8.3659e-14 	2.9612e-13 	1.11599e-13 	-4.3019e-13 	1.07731e-12 	2.16757e-11 	-4.59778e-11 	2.32984e-11 	9.75265e-11 	-4.94197e-11 	2.50425e-11
0.01      0.01    0.01    0.01    0.01    0.72 	-0.0315015 	0.00322623 	-0.0117386 	5.95214e-13 	-6.31431e-15 	4.69686e-14 	1.39634e-13 	-1.37326e-13 	3.21161e-13 	8.52779e-12 	3.3091e-12 	2.9971e-11 	1.28405e-12 	1.16299e-11 	1.05334e-10
0.01      0.01    0.01    0.01    0.01    0.81 	0.00638418 	0.0015867 	0.0177101 	3.8456e-13 	5.09823e-14 	1.37698e-13 	2.2317e-13 	-2.95863e-14 	4.28126e-13 	8.31472e-11 	-1.49186e-10 	1.59845e-10 	2.67675e-10 	-2.86801e-10 	3.07293e-10
0.01      0.01    0.01    0.01    0.01    0.81 	0.00613987 	0.000247231 	0.0283157 	6.08402e-13 	-7.63276e-14 	1.40122e-13 	2.05726e-13 	-2.66421e-13 	6.12493e-13 	9.14717e-11 	9.16509e-12 	1.66478e-10 	9.18305e-13 	1.66804e-11 	3.02989e-10
0.01      0.01    0.01    0.01    0.01    0.9 	0.00613987 	0.000247231 	0.0283157 	6.08402e-13 	-7.63276e-14 	1.40122e-13 	2.05726e-13 	-2.66421e-13 	6.12493e-13 	9.14717e-11 	9.16509e-12 	1.66478e-10 	9.18305e-13 	1.66804e-11 	3.02989e-10
0.01      0.01    0.01    0.01    0.01    0.9 	0.00638418 	0.0015867 	0.0177101 	3.8456e-13 	5.09823e-14 	1.37698e-13 	2.2317e-13 	-2.95863e-14 	4.28126e-13 	8.31472e-11 	-1.49186e-10 	1.59845e-10 	2.67675e-10 	-2.86801e-10 	3.07293e-10
0.01      0.01    0.01    0.01    0.01    0.99 	0.00126408 	0.00887847 	0.022668 	4.77e-13 	-4.77627e-14 	-6.78177e-14 	1.50489e-13 	-1.40637e-13 	4.71096e-13 	9.21094e-11 	-1.54105e-10 	-3.59409e-11 	2.57827e-10 	6.01313e-11 	1.4024e-11
0.01      0.01    0.01    0.01    0.01    0.99 	-0.0202919 	-0.00091375 	-0.0577503 	6.35247e-13 	-2.46507e-13 	1.49156e-13 	3.60562e-13 	-1.44018e-13 	5.76796e-13 	3.55405e-10 	2.82627e-10 	-2.25177e-10 	2.24752e-10 	-1.79066e-10 	1.42667e-10
0.01      0.01    0.01    0.01    0.01    1.08 	0.00126408 	0.00887847 	0.022668 	4.77e-13 	-4.77627e-14 	-6.78177e-14 	1.50489e-13 	-1.40637e-13 	4.71096e-13 	9.21094e-11 	-1.54105e-10 	-3.59409e-11 	2.57827e-10 	6.01313e-11 	1.4024e-11
0.01      0.01    0.01    0.01    0.01    1.17 	0.00126408 	0.00887847 	0.022668 	4.77e-13 	-4.77627e-14 	-6.78177e-14 	1.50489e-13 	-1.40637e-13 	4.71096e-13 	9.21094e-11 	-1.54105e-10 	-3.59409e-11 	2.57827e-10 	6.01313e-11 	1.4024e-11
0.01      0.01    0.01    0.01    0.01    1.26 	0.0160883 	0.000882067 	-0.0229275 	3.82162e-13 	-9.93669e-14 	-3.65473e-14 	1.69439e-13 	-8.46666e-14 	3.64502e-13 	4.36017e-13 	-9.49901e-12 	-6.45399e-12 	2.06945e-10 	1.40606e-10 	9.5533e-11
0.01      0.01    0.01    0.01    0.01    1.26 	0.0229241 	-0.0195395 	0.0312175 	7.45421e-13 	-2.17387e-13 	4.17843e-13 	7.57767e-13 	-8.58005e-13 	1.4762e-12 	2.48541e-09 	-1.0628e-09 	-2.74431e-09 	4.54466e-10 	1.1735e-09 	3.03017e-09
0.01      0.01    0.01    0.01    0.01    1.35 	0.0160883 	0.000882067 	-0.0229275 	3.82162e-13 	-9.93669e-14 	-3.65473e-14 	1.69439e-13 	-8.46666e-14 	3.64502e-13 	4.36017e-13 	-9.49901e-12 	-6.45399e-12 	2.06945e-10 	1.40606e-10 	9.5533e-11
0.01      0.01    0.01    0.01    0.01    1.35 	0.0229241 	-0.0195395 	0.0312175 	7.45421e-13 	-2.17387e-13 	4.17843e-13 	7.57767e-13 	-8.58005e-13 	1.4762e-12 	2.48541e-09 	-1.0628e-09 	-2.74431e-09 	4.54466e-10 	1.1735e-09 	3.03017e-09
0.01      0.01    0.01    0.01    0.01    1.44 	-0.0365044 	-0.000908819 	0.0691317 	1.20578e-12 	-3.99109e-13 	-2.25919e-13 	4.77614e-13 	-6.02806e-14 	7.11235e-13 	7.60191e-12 	-6.94604e-11 	-2.509e-11 	6.34676e-10 	2.29253e-10 	8.28093e-11
0.01      0.01    0.01    0.01    0.01    1.44 	-0.0238426 	-0.00848242 	0.0196557 	3.26978e-13 	6.4554e-14 	-5.01257e-14 	1.82164e-13 	6.59716e-14 	4.42975e-13 	1.26901e-10 	4.51289e-11 	1.80739e-11 	1.60489e-11 	6.42752e-12 	2.57419e-12
0.01      0.01    0.01    0.01    0.01    1.53 	-0.0238426 	-0.00848242 	0.0196557 	3.26978e-13 	6.4554e-14 	-5.01257e-14 	1.82164e-13 	6.59716e-14 	4.42975e-13 	1.26901e-10 	4.51289e-11 	1.80739e-11 	1.60489e-11 	6.42752e-12 	2.57419e-12
0.01      0.01    0.01    0.01    0.01    1.53 	-0.0365044 	-0.000908819 	0.0691317 	1.20578e-12 	-3.99109e-13 	-2.25919e-13 	4.77614e-13 	-6.02806e-14 	7.11235e-13 	7.60191e-12 	-6.94604e-11 	-2.509e-11 	6.34676e-10 	2.29253e-10 	8.28093e-11
0.01      0.01    0.01    0.01    0.01    1.62 	0.000883541 	0.00864332 	-0.0245189 	7.74563e-13 	-3.65223e-14 	-4.42632e-13 	3.00429e-13 	-2.2183e-13 	1.14109e-12 	1.55717e-10 	-3.38158e-11 	-3.3078e-10 	7.34349e-12 	7.18326e-11 	7.02652e-10
0.01      0.01    0.01    0.01    0.01    1.62 	0.00766264 	0.0131054 	0.020901 	4.09036e-13 	-1.58977e-14 	7.77994e-14 	2.77088e-13 	-2.01744e-13 	7.30148e-13 	1.35474e-10 	-4.87719e-11 	1.97467e-10 	1.75583e-11 	-7.10898e-11 	2.87828e-10
0.01      0.01    0.01    0.01    0.01    1.71 	0.00766264 	0.0131054 	0.020901 	4.09036e-13 	-1.58977e-14 	7.77994e-14 	2.77088e-13 	-2.01744e-13 	7.30148e-13 	1.35474e-10 	-4.87719e-11 	1.97467e-10 	1.75583e-11 	-7.10898e-11 	2.87828e-10
0.01      0.01    0.01    0.01    0.01    1.71 	0.000883541 	0.00864332 	-0.0245189 	7.74563e-13 	-3.65223e-14 	-4.42632e-13 	3.00429e-13 	-2.2183e-13 	1.14109e-12 	1.55717e-10 	-3.38158e-11 	-3.3078e-10 	7.34349e-12 	7.18326e-11 	7.02652e-10
0.01      0.01    0.01    0.01    0.01    1.8 	0.0683045 	-0.0178223 	-0.029262 	6.78012e-13 	-2.21976e-13 	-1.79792e-14 	2.5876e-13 	-6.73728e-14 	2.81381e-13 	1.88905e-10 	-1.14796e-10 	-2.99457e-10 	6.97604e-11 	1.81978e-10 	4.74708e-10
0.01      0.01    0.01    0.01    0.01    1.8 	0.0129714 	0.0105552 	-0.0253955 	8.84309e-13 	-2.03755e-13 	-1.33869e-13 	3.04883e-13 	-6.83787e-14 	1.05985e-12 	1.45601e-09 	2.49908e-10 	-4.0927e-10 	4.28937e-11 	-7.02465e-11 	1.15042e-10
0.01      0.01    0.01    0.01    0.01    1.89 	0.0129714 	0.0105552 	-0.0253955 	8.84309e-13 	-2.03755e-13 	-1.33869e-13 	3.04883e-13 	-6.83787e-14 	1.05985e-12 	1.45601e-09 	2.49908e-10 	-4.0927e-10 	4.28937e-11 	-7.02465e-11 	1.15042e-10
0.01      0.01    0.01    0.01    0.01    1.89 	0.0683045 	-0.0178223 	-0.029262 	6.78012e-13 	-2.21976e-13 	-1.79792e-14 	2.5876e-13 	-6.73728e-14 	2.81381e-13 	1.88905e-10 	-1.14796e-10 	-2.99457e-10 	6.97604e-11 	1.81978e-10 	4.74708e-10
0.01      0.01    0.01    0.01    0.01    1.98 	0.0406581 	-0.0155827 	0.0393732 	8.44089e-13 	-2.1687e-13 	2.33308e-13 	5.56853e-13 	-1.63925e-13 	4.02516e-13 	6.04632e-09 	-4.7671e-10 	-1.16186e-09 	3.75853e-11 	9.16044e-11 	2.23262e-10
0.01      0.01    0.01    0.01    0.01    1.98 	0.0527216 	-0.0144698 	-0.017957 	1.55862e-12 	-5.74021e-13 	1.78553e-13 	5.15657e-13 	-7.684e-14 	5.5825e-13 	6.33221e-10 	-6.13147e-11 	9.64326e-10 	5.93709e-12 	-9.33755e-11 	1.46856e-09
0.01      0.01    0.01    0.01    0.01    2.07 	0.0527216 	-0.0144698 	-0.017957 	1.55862e-12 	-5.74021e-13 	1.78553e-13 	5.15657e-13 	-7.684e-14 	5.5825e-13 	6.33221e-10 	-6.13147e-11 	9.64326e-10 	5.93709e-12 	-9.33755e-11 	1.46856e-09
0.01      0.01    0.01    0.01    0.01    2.07 	0.0406581 	-0.0155827 	0.0393732 	8.44089e-13 	-2.1687e-13 	2.33308e-13 	5.56853e-13 	-1.63925e-13 	4.02516e-13 	6.04632e-09 	-4.7671e-10 	-1.16186e-09 	3.75853e-11 	9.16044e-11 	2.23262e-10
0.01      0.01    0.01    0.01    0.01    2.16 	-0.0106592 	-0.00909514 	-0.00444536 	5.52816e-13 	-2.22342e-13 	-5.64169e-14 	3.86172e-13 	1.4948e-13 	4.98837e-13 	2.27679e-10 	8.89932e-13 	1.57796e-10 	3.47847e-15 	6.16777e-13 	1.09362e-10
0.01      0.01    0.01    0.01    0.01    2.16 	-0.00951657 	0.0136893 	0.0156325 	4.10806e-13 	-3.6283e-14 	9.45662e-14 	1.91274e-13 	1.61838e-14 	3.71798e-13 	2.67647e-10 	2.68791e-10 	-1.73634e-10 	2.6994e-10 	-1.74377e-10 	1.12644e-10
0.01      0.01    0.01    0.01    0.01    2.25 	-0.0106592 	-0.00909514 	-0.00444536 	5.52816e-13 	-2.22342e-13 	-5.64169e-14 	3.86172e-13 	1.4948e-13 	4.98837e-13 	2.27679e-10 	8.89932e-13 	1.57796e-10 	3.47847e-15 	6.16777e-13 	1.09362e-10
0.01      0.01    0.01    0.01    0.01    2.25 	-0.00951657 	0.0136893 	0.0156325 	4.10806e-13 	-3.6283e-14 	9.45662e-14 	1.91274e-13 	1.61838e-14 	3.71798e-13 	2.67647e-10 	2.68791e-10 	-1.73634e-10 	2.6994e-10 	-1.74377e-10 	1.12644e-10
0.01      0.01    0.01    0.01    0.01    2.34 	-0.00951657 	0.0136893 	0.0156325 	4.10806e-13 	-3.6283e-14 	9.45662e-14 	1.91274e-13 	1.61838e-14 	3.71798e-13 	2.67647e-10 	2.68791e-10 	-1.73634e-10 	2.6994e-10 	-1.74377e-10 	1.12644e-10
0.01      0.01    0.01    0.01    0.01    2.34 	-0.0106592 	-0.00909514 	-0.00444536 	5.52816e-13 	-2.22342e-13 	-5.64169e-14 	3.86172e-13 	1.4948e-13 	4.98837e-13 	2.27679e-10 	8.89932e-13 	1.57796e-10 	3.47847e-15 	6.16777e-13 	1.09362e-10
0.01      0.01    0.01    0.01    0.01    2.43 	-0.0291947 	0.00235504 	0.00426353 	6.93676e-13 	-1.15588e-13 	-4.39386e-13 	6.59303e-13 	1.05579e-12 	4.08464e-12 	3.03205e-11 	-3.14123e-11 	6.66577e-11 	3.25435e-11 	-6.90581e-11 	1.46543e-10
0.01      0.01    0.01    0.01    0.01    2.43 	-0.0405934 	0.00605003 	0.00154758 	3.47054e-13 	-2.73633e-14 	-1.02709e-13 	2.03801e-13 	1.53065e-13 	8.87711e-13 	1.37621e-12 	1.11859e-11 	5.16444e-12 	9.09189e-11 	4.19767e-11 	1.93804e-11
0.01      0.01    0.01    0.01    0.01    2.52 	-0.0291947 	0.00235504 	0.00426353 	6.93676e-13 	-1.15588e-13 	-4.39386e-13 	6.59303e-13 	1.05579e-12 	4.08464e-12 	3.03205e-11 	-3.14123e-11 	6.66577e-11 	3.25435e-11 	-6.90581e-11 	1.46543e-10
0.01      0.01    0.01    0.01    0.01    2.52 	-0.0405934 	0.00605003 	0.00154758 	3.47054e-13 	-2.73633e-14 	-1.02709e-13 	2.03801e-13 	1.53065e-13 	8.87711e-13 	1.37621e-12 	1.11859e-11 	5.16444e-12 	9.09189e-11 	4.19767e-11 	1.93804e-11
0.01      0.01    0.01    0.01    0.01    2.61 	-0.011156 	-0.00254179 	-0.0227878 	5.79529e-13 	3.91343e-14 	5.37902e-14 	1.11756e-13 	-2.65769e-14 	2.25848e-13 	1.2487e-11 	-4.13535e-11 	6.87094e-12 	1.36951e-10 	-2.27547e-11 	3.78072e-12
0.01      0.01    0.01    0.01    0.01    2.61 	0.0162197 	-0.00212518 	0.0116096 	8.54712e-13 	-6.48053e-14 	3.16119e-13 	4.79949e-14 	3.19431e-15 	1.83883e-13 	8.24995e-12 	2.23033e-11 	-3.29284e-11 	6.0296e-11 	-8.90204e-11 	1.31429e-10
0.01      0.01    0.01    0.01    0.01    2.7 	0.0162197 	-0.00212518 	0.0116096 	8.54712e-13 	-6.48053e-14 	3.16119e-13 	4.79949e-14 	3.19431e-15 	1.83883e-13 	8.24995e-12 	2.23033e-11 	-3.29284e-11 	6.0296e-11 	-8.90204e-11 	1.31429e-10
0.01      0.01    0.01    0.01    0.01    2.7 	-0.011156 	-0.00254179 	-0.0227878 	5.79529e-13 	3.91343e-14 	5.37902e-14 	1.11756e-13 	-2.65769e-14 	2.25848e-13 	1.2487e-11 	-4.13535e-11 	6.87094e-12 	1.36951e-10 	-2.27547e-11 	3.78072e-12
0.01      0.01    0.01    0.01    0.01    2.79 	-0.00603853 	-0.00361309 	-0.00635565 	5.24915e-13 	-1.11961e-13 	1.57866e-13 	1.16764e-13 	-3.71669e-14 	3.03174e-13 	3.79111e-12 	1.68934e-11 	-3.40514e-11 	7.52774e-11 	-1.51734e-10 	3.05846e-10
0.01      0.01    0.01    0.01    0.01    2.79 	0.0193715 	-0.0035838 	-0.00538951 	6.77068e-13 	-1.67251e-13 	-8.81476e-14 	1.98074e-13 	8.4821e-14 	3.95424e-13 	9.60728e-11 	8.27531e-11 	-3.93383e-11 	7.128e-11 	-3.38843e-11 	1.61076e-11
0.01      0.01    0.01    0.01    0.01    2.88 	0.0193715 	-0.0035838 	-0.00538951 	6.77068e-13 	-1.67251e-13 	-8.81476e-14 	1.98074e-13 	8.4821e-14 	3.95424e-13 	9.60728e-11 	8.27531e-11 	-3.93383e-11 	7.128e-11 	-3.38843e-11 	1.61076e-11
0.01      0.01    0.01    0.01    0.01    2.88 	-0.00603853 	-0.00361309 	-0.00635565 	5.24915e-13 	-1.11961e-13 	1.57866e-13 	1.16764e-13 	-3.71669e-14 	3.03174e-13 	3.79111e-12 	1.68934e-11 	-3.40514e-11 	7.52774e-11 	-1.51734e-10 	3.05846e-10
0.01      0.01    0.01    0.01    0.01    2.97 	0.0102845 	0.00626948 	0.000408486 	3.90521e-13 	-2.15951e-14 	8.95897e-14 	6.04744e-14 	1.10836e-14 	1.92368e-13 	9.87746e-10 	-3.32651e-10 	9.97314e-10 	1.1203e-10 	-3.35873e-10 	1.00697e-09
0.01      0.01    0.01    0.01    0.01    2.97 	-0.00809129 	0.00600423 	-0.0136891 	1.16659e-12 	-3.85484e-13 	-6.18323e-13 	4.54622e-13 	4.10634e-13 	9.69025e-13 	2.11023e-10 	-1.74261e-10 	4.76621e-10 	1.43903e-10 	-3.93589e-10 	1.07651e-09
0.01      0.01    0.01    0.01    0.01    3.06 	-0.00809129 	0.00600423 	-0.0136891 	1.16659e-12 	-3.85484e-13 	-6.18323e-13 	4.54622e-13 	4.10634e-13 	9.69025e-13 	2.11023e-10 	-1.74261e-10 	4.76621e-10 	1.43903e-10 	-3.93589e-10 	1.07651e-09
0.01      0.01    0.01    0.01    0.01    3.06 	0.0102845 	0.00626948 	0.000408486 	3.90521e-13 	-2.15951e-14 	8.95897e-14 	6.04744e-14 	1.10836e-14 	1.92368e-13 	9.87746e-10 	-3.32651e-10 	9.97314e-10 	1.1203e-10 	-3.35873e-10 	1.00697e-09
0.01      0.01    0.01    0.01    0.01    3.15 	0.0377554 	-0.0115476 	0.00610552 	9.64412e-13 	-4.4483e-13 	-2.12125e-13 	6.72954e-13 	2.00929e-13 	3.54757e-13 	5.55954e-11 	-2.11997e-10 	5.50034e-10 	8.08386e-10 	-2.09739e-09 	5.44176e-09
0.01      0.01    0.01    0.01    0.01    3.15 	-0.0159074 	0.00847709 	-0.0309447 	4.26255e-13 	-6.85811e-15 	6.52819e-14 	9.68348e-14 	1.2118e-14 	1.75726e-13 	7.70363e-10 	2.62177e-10 	1.02283e-09 	8.92266e-11 	3.48099e-10 	1.35803e-09
0.01      0.01    0.01    0.01    0.01    3.24 	0.0377554 	-0.0115476 	0.00610552 	9.64412e-13 	-4.4483e-13 	-2.12125e-13 	6.72954e-13 	2.00929e-13 	3.54757e-13 	5.55954e-11 	-2.11997e-10 	5.50034e-10 	8.08386e-10 	-2.09739e-09 	5.44176e-09
0.01      0.01    0.01    0.01    0.01    3.24 	-0.0159074 	0.00847709 	-0.0309447 	4.26255e-13 	-6.85811e-15 	6.52819e-14 	9.68348e-14 	1.2118e-14 	1.75726e-13 	7.70363e-10 	2.62177e-10 	1.02283e-09 	8.92266e-11 	3.48099e-10 	1.35803e-09
0.01      0.01    0.01    0.01    0.01    3.33 	-0.0168263 	0.00235179 	0.0304541 	3.99768e-13 	4.70361e-14 	9.58153e-14 	2.38823e-13 	1.00264e-16 	2.55241e-13 	1.76014e-10 	-4.14813e-11 	1.22185e-10 	9.77594e-12 	-2.87955e-11 	8.48186e-11
0.01      0.01    0.01    0.01    0.01    3.42 	0.00989538 	-0.000875917 	-0.0250863 	7.00297e-13 	1.40908e-13 	6.93041e-14 	2.24658e-13 	8.76916e-14 	2.89772e-13 	4.49853e-11 	3.27844e-11 	2.01857e-10 	2.38927e-11 	1.4711e-10 	9.05773e-10
0.01      0.01    0.01    0.01    0.01    3.42 	-0.0168263 	0.00235179 	0.0304541 	3.99768e-13 	4.70361e-14 	9.58153e-14 	2.38823e-13 	1.00264e-16 	2.55241e-13 	1.76014e-10 	-4.14813e-11 	1.22185e-10 	9.77594e-12 	-2.87955e-11 	8.48186e-11
0.01      0.01    0.01    0.01    0.01    3.51 	0.00989538 	-0.000875917 	-0.0250863 	7.00297e-13 	1.40908e-13 	6.93041e-14 	2.24658e-13 	8.76916e-14 	2.89772e-13 	4.49853e-11 	3.27844e-11 	2.01857e-10 	2.38927e-11 	1.4711e-10 	9.05773e-10
0.01      0.01    0.01    0.01    0.01    3.51 	-0.0168263 	0.00235179 	0.0304541 	3.99768e-13 	4.70361e-14 	9.58153e-14 	2.38823e-13 	1.00264e-16 	2.55241e-13 	1.76014e-10 	-4.14813e-11 	1.22185e-10 	9.77594e-12 	-2.87955e-11 	8.48186e-11
0.01      0.01    0.01    0.01    0.01    3.6 	-0.015742 	0.00516479 	0.0135841 	1.74562e-12 	-4.52108e-13 	-1.15409e-12 	3.62582e-13 	3.8882e-13 	1.64888e-12 	1.14312e-10 	1.15874e-10 	-7.19873e-11 	1.17457e-10 	-7.2971e-11 	4.53337e-11
0.01      0.01    0.01    0.01    0.01    3.6 	0.000524531 	0.00812605 	0.0128473 	6.12038e-13 	-2.11998e-14 	-2.73207e-14 	2.32193e-13 	1.36877e-13 	5.05139e-13 	1.32258e-10 	2.8151e-11 	9.51676e-11 	5.99192e-12 	2.02564e-11 	6.84789e-11
0.01      0.01    0.01    0.01    0.01    3.69 	-0.015742 	0.00516479 	0.0135841 	1.74562e-12 	-4.52108e-13 	-1.15409e-12 	3.62582e-13 	3.8882e-13 	1.64888e-12 	1.14312e-10 	1.15874e-10 	-7.19873e-11 	1.17457e-10 	-7.2971e-11 	4.53337e-11
0.01      0.01    0.01    0.01    0.01    3.69 	0.000524531 	0.00812605 	0.0128473 	6.12038e-13 	-2.11998e-14 	-2.73207e-14 	2.32193e-13 	1.36877e-13 	5.05139e-13 	1.32258e-10 	2.8151e-11 	9.51676e-11 	5.99192e-12 	2.02564e-11 	6.84789e-11
0.01      0.01    0.01    0.01    0.01    3.78 	-0.0164068 	0.0140535 	-0.0216626 	3.32413e-13 	1.53343e-14 	-1.04261e-13 	1.78429e-13 	-1.00388e-13 	5.67305e-13 	4.60381e-10 	-1.21945e-10 	1.503e-10 	3.23004e-11 	-3.98112e-11 	4.90684e-11
0.01      0.01    0.01    0.01    0.01    3.78 	0.019482 	-0.0130016 	-0.0290842 	5.5425e-13 	-1.79368e-13 	3.29372e-13 	2.56105e-13 	-2.0028e-13 	4.88256e-13 	4.12282e-10 	-8.13419e-11 	-2.90622e-11 	1.60485e-11 	5.73389e-12 	2.04863e-12
0.01      0.01    0.01    0.01    0.01    3.87 	0.019482 	-0.0130016 	-0.0290842 	5.5425e-13 	-1.79368e-13 	3.29372e-13 	2.56105e-13 	-2.0028e-13 	4.88256e-13 	4.12282e-10 	-8.13419e-11 	-2.90622e-11 	1.60485e-11 	5.73389e-12 	2.04863e-12
0.01      0.01    0.01    0.01    0.01    3.96 	0.0110493 	0.000819834 	0.0178618 	6.59999e-13 	-1.11286e-13 	-1.04684e-13 	1.64846e-13 	7.85943e-14 	4.49688e-13 	2.89968e-10 	-2.96831e-11 	3.63918e-10 	3.03857e-12 	-3.72532e-11 	4.56728e-10
0.01      0.01    0.01    0.01    0.01    3.96 	-0.00347681 	-0.00150917 	-0.0477688 	3.43992e-13 	-4.02173e-14 	-1.57113e-13 	1.72676e-13 	-1.09798e-13 	4.03662e-13 	8.17903e-11 	1.12572e-11 	6.11252e-11 	1.54939e-12 	8.41297e-12 	4.56814e-11
0.01      0.01    0.01    0.01    0.01    4.05 	0.0110493 	0.000819834 	0.0178618 	6.59999e-13 	-1.11286e-13 	-1.04684e-13 	1.64846e-13 	7.85943e-14 	4.49688e-13 	2.89968e-10 	-2.96831e-11 	3.63918e-10 	3.03857e-12 	-3.72532e-11 	4.56728e-10
0.01      0.01    0.01    0.01    0.01    4.05 	-0.00347681 	-0.00150917 	-0.0477688 	3.43992e-13 	-4.02173e-14 	-1.57113e-13 	1.72676e-13 	-1.09798e-13 	4.03662e-13 	8.17903e-11 	1.12572e-11 	6.11252e-11 	1.54939e-12 	8.41297e-12 	4.56814e-11
0.01      0.01    0.01    0.01    0.01    4.14 	0.040397 	0.00754827 	-0.0542531 	1.60361e-12 	-5.25829e-13 	-5.85185e-13 	3.24122e-13 	1.2588e-13 	5.78834e-13 	7.02037e-12 	-2.43649e-11 	4.092e-11 	8.45606e-11 	-1.42017e-10 	2.38512e-10
0.01      0.01    0.01    0.01    0.01    4.14 	-0.0295809 	-0.00820599 	-0.0138912 	3.10779e-13 	-1.38105e-13 	-2.58388e-14 	2.89496e-13 	-7.22948e-14 	2.08843e-13 	3.31926e-09 	9.29548e-11 	-2.01636e-09 	2.60316e-12 	-5.64675e-11 	1.22489e-09
0.01      0.01    0.01    0.01    0.01    4.23 	0.040397 	0.00754827 	-0.0542531 	1.60361e-12 	-5.25829e-13 	-5.85185e-13 	3.24122e-13 	1.2588e-13 	5.78834e-13 	7.02037e-12 	-2.43649e-11 	4.092e-11 	8.45606e-11 	-1.42017e-10 	2.38512e-10
0.01      0.01    0.01    0.01    0.01    4.32 	0.109811 	-0.00892673 	-0.0549216 	1.08701e-12 	-5.61119e-13 	-7.75992e-14 	5.52458e-13 	-1.96653e-13 	3.79777e-13 	1.50948e-10 	-2.88018e-10 	1.41552e-10 	5.49555e-10 	-2.70089e-10 	1.3274e-10
0.01      0.01    0.01    0.01    0.01    4.32 	-0.0256061 	-0.00169849 	-0.0119874 	3.5745e-13 	-1.23296e-13 	3.44826e-14 	2.73441e-13 	-8.07878e-14 	2.69887e-13 	1.93537e-10 	-1.2786e-10 	2.48817e-10 	8.4471e-11 	-1.64381e-10 	3.19887e-10
0.01      0.01    0.01    0.01    0.01    4.41 	0.109811 	-0.00892673 	-0.0549216 	1.08701e-12 	-5.61119e-13 	-7.75992e-14 	5.52458e-13 	-1.96653e-13 	3.79777e-13 	1.50948e-10 	-2.88018e-10 	1.41552e-10 	5.49555e-10 	-2.70089e-10 	1.3274e-10
0.01      0.01    0.01    0.01    0.01    4.41 	-0.0256061 	-0.00169849 	-0.0119874 	3.5745e-13 	-1.23296e-13 	3.44826e-14 	2.73441e-13 	-8.07878e-14 	2.69887e-13 	1.93537e-10 	-1.2786e-10 	2.48817e-10 	8.4471e-11 	-1.64381e-10 	3.19887e-10
0.01      0.01    0.01    0.01    0.01    4.5 	0.109811 	-0.00892673 	-0.0549216 	1.08701e-12 	-5.61119e-13 	-7.75992e-14 	5.52458e-13 	-1.96653e-13 	3.79777e-13 	1.50948e-10 	-2.88018e-10 	1.41552e-10 	5.49555e-10 	-2.70089e-10 	1.3274e-10
0.01      0.01    0.01    0.01    0.01    4.5 	-0.0256061 	-0.00169849 	-0.0119874 	3.5745e-13 	-1.23296e-13 	3.44826e-14 	2.73441e-13 	-8.07878e-14 	2.69887e-13 	1.93537e-10 	-1.2786e-10 	2.48817e-10 	8.4471e-11 	-1.64381e-10 	3.19887e-10
0.02      0.02    0.02    0.02    0.02    0 	0.027572 	-0.0215422 	-0.00212437 	1.00842e-12 	-6.04096e-13 	-2.21805e-13 	7.89879e-13 	2.47715e-13 	2.49039e-13 	1.08563e-09 	1.01365e-10 	2.0676e-09 	2.44344e-11 	2.03747e-10 	3.95012e-09
0.02      0.02    0.02    0.02    0.02    0 	0.00807024 	-0.0211966 	-0.0475104 	2.69634e-13 	-1.00326e-13 	-7.57437e-14 	2.98733e-13 	2.16964e-13 	2.16723e-13 	4.28539e-08 	-5.3526e-09 	1.1357e-08 	6.70835e-10 	-1.41738e-09 	3.01063e-09
0.02      0.02    0.02    0.02    0.02    0.09 	0.027572 	-0.0215422 	-0.00212437 	1.00842e-12 	-6.04096e-13 	-2.21805e-13 	7.89879e-13 	2.47715e-13 	2.49039e-13 	1.08563e-09 	1.01365e-10 	2.0676e-09 	2.44344e-11 	2.03747e-10 	3.95012e-09
0.02      0.02    0.02    0.02    0.02    0.09 	0.00807024 	-0.0211966 	-0.0475104 	2.69634e-13 	-1.00326e-13 	-7.57437e-14 	2.98733e-13 	2.16964e-13 	2.16723e-13 	4.28539e-08 	-5.3526e-09 	1.1357e-08 	6.70835e-10 	-1.41738e-09 	3.01063e-09
0.02      0.02    0.02    0.02    0.02    0.18 	0.00807024 	-0.0211966 	-0.0475104 	2.69634e-13 	-1.00326e-13 	-7.57437e-14 	2.98733e-13 	2.16964e-13 	2.16723e-13 	4.28539e-08 	-5.3526e-09 	1.1357e-08 	6.70835e-10 	-1.41738e-09 	3.01063e-09
0.02      0.02    0.02    0.02    0.02    0.27 	0.0189924 	-0.00267785 	0.0511936 	4.19101e-13 	-8.73011e-14 	3.05274e-14 	2.11974e-13 	1.23842e-13 	2.21329e-13 	5.33604e-10 	1.63016e-09 	-4.08953e-11 	5.00197e-09 	-1.28643e-10 	3.83065e-12
0.02      0.02    0.02    0.02    0.02    0.36 	0.0189924 	-0.00267785 	0.0511936 	4.19101e-13 	-8.73011e-14 	3.05274e-14 	2.11974e-13 	1.23842e-13 	2.21329e-13 	5.33604e-10 	1.63016e-09 	-4.08953e-11 	5.00197e-09 	-1.28643e-10 	3.83065e-12
0.02      0.02    0.02    0.02    0.02    0.45 	-0.00964986 	0.00652218 	-0.00500688 	5.35391e-13 	2.68852e-14 	3.43347e-13 	1.25761e-13 	3.46798e-14 	6.63141e-13 	1.9862e-10 	-2.02736e-10 	-6.61494e-10 	2.0837e-10 	6.76486e-10 	2.20563e-09
0.02      0.02    0.02    0.02    0.02    0.54 	-0.00964986 	0.00652218 	-0.00500688 	5.35391e-13 	2.68852e-14 	3.43347e-13 	1.25761e-13 	3.46798e-14 	6.63141e-13 	1.9862e-10 	-2.02736e-10 	-6.61494e-10 	2.0837e-10 	6.76486e-10 	2.20563e-09
0.02      0.02    0.02    0.02    0.02    0.63 	-0.0314886 	0.00323747 	-0.0116986 	5.95044e-13 	-6.29799e-15 	4.70155e-14 	1.39556e-13 	-1.3745e-13 	3.21573e-13 	5.2186e-11 	3.29661e-11 	1.61347e-10 	2.64918e-11 	1.06135e-10 	5.03755e-10
0.02      0.02    0.02    0.02    0.02    0.63 	-0.0447873 	0.00212837 	0.0468189 	6.09917e-13 	-8.35285e-14 	2.9608e-13 	1.11534e-13 	-4.29828e-13 	1.07932e-12 	1.41263e-10 	-3.101e-10 	1.40572e-10 	6.84522e-10 	-3.07996e-10 	1.40031e-10
0.02      0.02    0.02    0.02    0.02    0.72 	-0.0447873 	0.00212837 	0.0468189 	6.09917e-13 	-8.35285e-14 	2.9608e-13 	1.11534e-13 	-4.29828e-13 	1.07932e-12 	1.41263e-10 	-3.101e-10 	1.40572e-10 	6.84522e-10 	-3.07996e-10 	1.40031e-10
0.02      0.02    0.02    0.02    0.02    0.72 	-0.0314886 	0.00323747 	-0.0116986 	5.95044e-13 	-6.29799e-15 	4.70155e-14 	1.39556e-13 	-1.3745e-13 	3.21573e-13 	5.2186e-11 	3.29661e-11 	1.61347e-10 	2.64918e-11 	1.06135e-10 	5.03755e-10
0.02      0.02    0.02    0.02    0.02    0.81 	0.00634847 	0.00165536 	0.0176373 	3.84736e-13 	5.1021e-14 	1.3767e-13 	2.23146e-13 	-2.94767e-14 	4.28328e-13 	4.03184e-10 	-7.66325e-10 	8.11053e-10 	1.45828e-09 	-1.54251e-09 	1.63212e-09
0.02      0.02    0.02    0.02    0.02    0.81 	0.00610045 	0.000242357 	0.0282406 	6.08092e-13 	-7.60988e-14 	1.39989e-13 	2.05656e-13 	-2.66513e-13 	6.13294e-13 	4.7486e-10 	5.30085e-11 	8.99036e-10 	6.15091e-12 	9.99511e-11 	1.70328e-09
0.02      0.02    0.02    0.02    0.02    0.9 	0.00610045 	0.000242357 	0.0282406 	6.08092e-13 	-7.60988e-14 	1.39989e-13 	2.05656e-13 	-2.66513e-13 	6.13294e-13 	4.7486e-10 	5.30085e-11 	8.99036e-10 	6.15091e-12 	9.99511e-11 	1.70328e-09
0.02      0.02    0.02    0.02    0.02    0.9 	0.00634847 	0.00165536 	0.0176373 	3.84736e-13 	5.1021e-14 	1.3767e-13 	2.23146e-13 	-2.94767e-14 	4.28328e-13 	4.03184e-10 	-7.66325e-10 	8.11053e-10 	1.45828e-09 	-1.54251e-09 	1.63212e-09
0.02      0.02    0.02    0.02    0.02    0.99 	0.00130662 	0.00880931 	0.0226551 	4.76951e-13 	-4.77675e-14 	-6.78195e-14 	1.50499e-13 	-1.4068e-13 	4.71212e-13 	5.3665e-10 	-8.75836e-10 	-1.77337e-10 	1.42973e-09 	2.89318e-10 	5.89964e-11
0.02      0.02    0.02    0.02    0.02    0.99 	-0.020369 	-0.000966876 	-0.0576999 	6.35097e-13 	-2.46464e-13 	1.49301e-13 	3.60722e-13 	-1.44415e-13 	5.77061e-13 	1.84223e-09 	1.32967e-09 	-1.19494e-09 	9.6102e-10 	-8.62269e-10 	7.75132e-10
0.02      0.02    0.02    0.02    0.02    1.08 	0.00130662 	0.00880931 	0.0226551 	4.76951e-13 	-4.77675e-14 	-6.78195e-14 	1.50499e-13 	-1.4068e-13 	4.71212e-13 	5.3665e-10 	-8.75836e-10 	-1.77337e-10 	1.42973e-09 	2.89318e-10 	5.89964e-11
0.02      0.02    0.02    0.02    0.02    1.17 	0.00130662 	0.00880931 	0.0226551 	4.76951e-13 	-4.77675e-14 	-6.78195e-14 	1.50499e-13 	-1.4068e-13 	4.71212e-13 	5.3665e-10 	-8.75836e-10 	-1.77337e-10 	1.42973e-09 	2.89318e-10 	5.89964e-11
0.02      0.02    0.02    0.02    0.02    1.26 	0.0160852 	0.000930275 	-0.0228895 	3.8217e-13 	-9.93537e-14 	-3.62772e-14 	1.69543e-13 	-8.49192e-14 	3.64827e-13 	2.67308e-12 	-4.58749e-11 	-3.44874e-11 	8.34623e-10 	6.20684e-10 	4.62717e-10
0.02      0.02    0.02    0.02    0.02    1.26 	0.0227274 	-0.0194515 	0.0314267 	7.41777e-13 	-2.14059e-13 	4.13416e-13 	7.56973e-13 	-8.57465e-13 	1.47576e-12 	1.22302e-08 	-5.40182e-09 	-1.31474e-08 	2.38614e-09 	5.80636e-09 	1.41346e-08
0.02      0.02    0.02    0.02    0.02    1.35 	0.0160852 	0.000930275 	-0.0228895 	3.8217e-13 	-9.93537e-14 	-3.62772e-14 	1.69543e-13 	-8.49192e-14 	3.64827e-13 	2.67308e-12 	-4.58749e-11 	-3.44874e-11 	8.34623e-10 	6.20684e-10 	4.62717e-10
0.02      0.02    0.02    0.02    0.02    1.35 	0.0227274 	-0.0194515 	0.0314267 	7.41777e-13 	-2.14059e-13 	4.13416e-13 	7.56973e-13 	-8.57465e-13 	1.47576e-12 	1.22302e-08 	-5.40182e-09 	-1.31474e-08 	2.38614e-09 	5.80636e-09 	1.41346e-08
0.02      0.02    0.02    0.02    0.02    1.44 	-0.0365175 	-0.000814924 	0.0691647 	1.20566e-12 	-3.98922e-13 	-2.24859e-13 	4.7774e-13 	-6.10502e-14 	7.12544e-13 	4.8239e-11 	-3.74651e-10 	-1.32355e-10 	2.92625e-09 	1.03395e-09 	3.65357e-10
0.02      0.02    0.02    0.02    0.02    1.44 	-0.0237923 	-0.008474 	0.0196589 	3.26977e-13 	6.44656e-14 	-5.00209e-14 	1.82146e-13 	6.62465e-14 	4.43192e-13 	7.44753e-10 	1.62729e-10 	6.89259e-11 	3.69956e-11 	1.589e-11 	7.48715e-12
0.02      0.02    0.02    0.02    0.02    1.53 	-0.0237923 	-0.008474 	0.0196589 	3.26977e-13 	6.44656e-14 	-5.00209e-14 	1.82146e-13 	6.62465e-14 	4.43192e-13 	7.44753e-10 	1.62729e-10 	6.89259e-11 	3.69956e-11 	1.589e-11 	7.48715e-12
0.02      0.02    0.02    0.02    0.02    1.53 	-0.0365175 	-0.000814924 	0.0691647 	1.20566e-12 	-3.98922e-13 	-2.24859e-13 	4.7774e-13 	-6.10502e-14 	7.12544e-13 	4.8239e-11 	-3.74651e-10 	-1.32355e-10 	2.92625e-09 	1.03395e-09 	3.65357e-10
0.02      0.02    0.02    0.02    0.02    1.62 	0.000930533 	0.0086465 	-0.0246295 	7.74449e-13 	-3.62905e-14 	-4.42599e-13 	3.0055e-13 	-2.22112e-13 	1.14175e-12 	7.2441e-10 	-3.13442e-11 	-1.64639e-09 	1.00513e-11 	6.57438e-11 	3.74545e-09
0.02      0.02    0.02    0.02    0.02    1.62 	0.00761583 	0.0131111 	0.0208333 	4.09695e-13 	-1.62215e-14 	7.81657e-14 	2.7738e-13 	-2.02257e-13 	7.31982e-13 	6.8621e-10 	-1.31044e-10 	9.94001e-10 	2.72585e-11 	-1.89915e-10 	1.43986e-09
0.02      0.02    0.02    0.02    0.02    1.71 	0.00761583 	0.0131111 	0.0208333 	4.09695e-13 	-1.62215e-14 	7.81657e-14 	2.7738e-13 	-2.02257e-13 	7.31982e-13 	6.8621e-10 	-1.31044e-10 	9.94001e-10 	2.72585e-11 	-1.89915e-10 	1.43986e-09
0.02      0.02    0.02    0.02    0.02    1.71 	0.000930533 	0.0086465 	-0.0246295 	7.74449e-13 	-3.62905e-14 	-4.42599e-13 	3.0055e-13 	-2.22112e-13 	1.14175e-12 	7.2441e-10 	-3.13442e-11 	-1.64639e-09 	1.00513e-11 	6.57438e-11 	3.74545e-09
0.02      0.02    0.02    0.02    0.02    1.8 	0.0682451 	-0.0177887 	-0.0291783 	6.7641e-13 	-2.21303e-13 	-1.80319e-14 	2.58316e-13 	-6.74967e-14 	2.81086e-13 	1.05053e-09 	-6.27296e-10 	-1.53455e-09 	3.81632e-10 	9.18161e-10 	2.24359e-09
0.02      0.02    0.02    0.02    0.02    1.8 	0.0131305 	0.0105853 	-0.0254382 	8.84455e-13 	-2.0384e-13 	-1.33609e-13 	3.04883e-13 	-6.83733e-14 	1.05877e-12 	7.74515e-09 	1.42629e-09 	-2.11285e-09 	2.62784e-10 	-3.88981e-10 	5.76612e-10
0.02      0.02    0.02    0.02    0.02    1.89 	0.0131305 	0.0105853 	-0.0254382 	8.84455e-13 	-2.0384e-13 	-1.33609e-13 	3.04883e-13 	-6.83733e-14 	1.05877e-12 	7.74515e-09 	1.42629e-09 	-2.11285e-09 	2.62784e-10 	-3.88981e-10 	5.76612e-10
0.02      0.02    0.02    0.02    0.02    1.89 	0.0682451 	-0.0177887 	-0.0291783 	6.7641e-13 	-2.21303e-13 	-1.80319e-14 	2.58316e-13 	-6.74967e-14 	2.81086e-13 	1.05053e-09 	-6.27296e-10 	-1.53455e-09 	3.81632e-10 	9.18161e-10 	2.24359e-09
0.02      0.02    0.02    0.02    0.02    1.98 	0.0403436 	-0.0155608 	0.0394385 	8.3979e-13 	-2.13828e-13 	2.31757e-13 	5.55259e-13 	-1.62322e-13 	4.00529e-13 	3.07282e-08 	-2.18879e-09 	-6.27774e-09 	1.56376e-10 	4.46557e-10 	1.28336e-09
0.02      0.02    0.02    0.02    0.02    1.98 	0.0528179 	-0.0144843 	-0.0178059 	1.55747e-12 	-5.7361e-13 	1.79617e-13 	5.15614e-13 	-7.72531e-14 	5.57596e-13 	2.97679e-09 	-3.8914e-10 	4.63597e-09 	5.21214e-11 	-6.06222e-10 	7.22039e-09
0.02      0.02    0.02    0.02    0.02    2.07 	0.0528179 	-0.0144843 	-0.0178059 	1.55747e-12 	-5.7361e-13 	1.79617e-13 	5.15614e-13 	-7.72531e-14 	5.57596e-13 	2.97679e-09 	-3.8914e-10 	4.63597e-09 	5.21214e-11 	-6.06222e-10 	7.22039e-09
0.02      0.02    0.02    0.02    0.02    2.07 	0.0403436 	-0.0155608 	0.0394385 	8.3979e-13 	-2.13828e-13 	2.31757e-13 	5.55259e-13 	-1.62322e-13 	4.00529e-13 	3.07282e-08 	-2.18879e-09 	-6.27774e-09 	1.56376e-10 	4.46557e-10 	1.28336e-09
0.02      0.02    0.02    0.02    0.02    2.16 	-0.0105975 	-0.00909248 	-0.00440794 	5.5306e-13 	-2.22384e-13 	-5.63806e-14 	3.86072e-13 	1.49475e-13 	4.99022e-13 	1.17557e-09 	3.04559e-11 	7.4696e-10 	1.52545e-12 	1.86611e-11 	4.75458e-10
0.02      0.02    0.02    0.02    0.02    2.16 	-0.00945237 	0.0137568 	0.0155853 	4.10915e-13 	-3.64691e-14 	9.45194e-14 	1.91327e-13 	1.60526e-14 	3.71865e-13 	1.31652e-09 	1.35639e-09 	-9.31056e-10 	1.39848e-09 	-9.59892e-10 	6.59149e-10
0.02      0.02    0.02    0.02    0.02    2.25 	-0.0105975 	-0.00909248 	-0.00440794 	5.5306e-13 	-2.22384e-13 	-5.63806e-14 	3.86072e-13 	1.49475e-13 	4.99022e-13 	1.17557e-09 	3.04559e-11 	7.4696e-10 	1.52545e-12 	1.86611e-11 	4.75458e-10
0.02      0.02    0.02    0.02    0.02    2.25 	-0.00945237 	0.0137568 	0.0155853 	4.10915e-13 	-3.64691e-14 	9.45194e-14 	1.91327e-13 	1.60526e-14 	3.71865e-13 	1.31652e-09 	1.35639e-09 	-9.31056e-10 	1.39848e-09 	-9.59892e-10 	6.59149e-10
0.02      0.02    0.02    0.02    0.02    2.34 	-0.00945237 	0.0137568 	0.0155853 	4.10915e-13 	-3.64691e-14 	9.45194e-14 	1.91327e-13 	1.60526e-14 	3.71865e-13 	1.31652e-09 	1.35639e-09 	-9.31056e-10 	1.39848e-09 	-9.59892e-10 	6.59149e-10
0.02      0.02    0.02    0.02    0.02    2.34 	-0.0105975 	-0.00909248 	-0.00440794 	5.5306e-13 	-2.22384e-13 	-5.63806e-14 	3.86072e-13 	1.49475e-13 	4.99022e-13 	1.17557e-09 	3.04559e-11 	7.4696e-10 	1.52545e-12 	1.86611e-11 	4.75458e-10
0.02      0.02    0.02    0.02    0.02    2.43 	-0.0291739 	0.0023399 	0.00431274 	6.92769e-13 	-1.15181e-13 	-4.38243e-13 	6.58642e-13 	1.05533e-12 	4.08359e-12 	1.40222e-10 	-1.15562e-10 	3.23333e-10 	9.60302e-11 	-2.65984e-10 	7.46123e-10
0.02      0.02    0.02    0.02    0.02    2.43 	-0.0406049 	0.00601039 	0.00153028 	3.46891e-13 	-2.72932e-14 	-1.02646e-13 	2.03758e-13 	1.53019e-13 	8.87884e-13 	2.7995e-11 	1.13191e-10 	5.00072e-11 	4.77492e-10 	2.11147e-10 	9.33966e-11
0.02      0.02    0.02    0.02    0.02    2.52 	-0.0291739 	0.0023399 	0.00431274 	6.92769e-13 	-1.15181e-13 	-4.38243e-13 	6.58642e-13 	1.05533e-12 	4.08359e-12 	1.40222e-10 	-1.15562e-10 	3.23333e-10 	9.60302e-11 	-2.65984e-10 	7.46123e-10
0.02      0.02    0.02    0.02    0.02    2.52 	-0.0406049 	0.00601039 	0.00153028 	3.46891e-13 	-2.72932e-14 	-1.02646e-13 	2.03758e-13 	1.53019e-13 	8.87884e-13 	2.7995e-11 	1.13191e-10 	5.00072e-11 	4.77492e-10 	2.11147e-10 	9.33966e-11
0.02      0.02    0.02    0.02    0.02    2.61 	-0.011169 	-0.00247736 	-0.0227938 	5.79584e-13 	3.91412e-14 	5.36916e-14 	1.11778e-13 	-2.66048e-14 	2.25932e-13 	5.82428e-11 	-2.49526e-10 	2.88516e-11 	1.09339e-09 	-1.23016e-10 	1.43159e-11
0.02      0.02    0.02    0.02    0.02    2.61 	0.0162035 	-0.00216408 	0.0116633 	8.54373e-13 	-6.48899e-14 	3.15801e-13 	4.80736e-14 	3.22734e-15 	1.83976e-13 	6.99822e-11 	1.73223e-10 	-2.3989e-10 	4.29136e-10 	-5.94089e-10 	8.24194e-10
0.02      0.02    0.02    0.02    0.02    2.7 	0.0162035 	-0.00216408 	0.0116633 	8.54373e-13 	-6.48899e-14 	3.15801e-13 	4.80736e-14 	3.22734e-15 	1.83976e-13 	6.99822e-11 	1.73223e-10 	-2.3989e-10 	4.29136e-10 	-5.94089e-10 	8.24194e-10
0.02      0.02    0.02    0.02    0.02    2.7 	-0.011169 	-0.00247736 	-0.0227938 	5.79584e-13 	3.91412e-14 	5.36916e-14 	1.11778e-13 	-2.66048e-14 	2.25932e-13 	5.82428e-11 	-2.49526e-10 	2.88516e-11 	1.09339e-09 	-1.23016e-10 	1.43159e-11
0.02      0.02    0.02    0.02    0.02    2.79 	-0.00603903 	-0.00357317 	-0.00642273 	5.25239e-13 	-1.12101e-13 	1.57587e-13 	1.16852e-13 	-3.70632e-14 	3.03181e-13 	2.52413e-12 	2.27509e-11 	-4.3277e-11 	4.54913e-10 	-8.14566e-10 	1.46688e-09
0.02      0.02    0.02    0.02    0.02    2.79 	0.0193269 	-0.0036126 	-0.00537828 	6.77181e-13 	-1.67335e-13 	-8.8363e-14 	1.98191e-13 	8.49658e-14 	3.95598e-13 	5.80853e-10 	4.03526e-10 	-1.77203e-10 	2.81947e-10 	-1.23512e-10 	5.62295e-11
0.02      0.02    0.02    0.02    0.02    2.88 	0.0193269 	-0.0036126 	-0.00537828 	6.77181e-13 	-1.67335e-13 	-8.8363e-14 	1.98191e-13 	8.49658e-14 	3.95598e-13 	5.80853e-10 	4.03526e-10 	-1.77203e-10 	2.81947e-10 	-1.23512e-10 	5.62295e-11
0.02      0.02    0.02    0.02    0.02    2.88 	-0.00603903 	-0.00357317 	-0.00642273 	5.25239e-13 	-1.12101e-13 	1.57587e-13 	1.16852e-13 	-3.70632e-14 	3.03181e-13 	2.52413e-12 	2.27509e-11 	-4.3277e-11 	4.54913e-10 	-8.14566e-10 	1.46688e-09
0.02      0.02    0.02    0.02    0.02    2.97 	0.0104014 	0.00622721 	0.000532494 	3.90492e-13 	-2.16166e-14 	8.95808e-14 	6.04688e-14 	1.10862e-14 	1.92363e-13 	4.52282e-09 	-1.5747e-09 	4.71703e-09 	5.50272e-10 	-1.64349e-09 	4.92067e-09
0.02      0.02    0.02    0.02    0.02    2.97 	-0.00803349 	0.00595851 	-0.0135496 	1.16611e-12 	-3.85323e-13 	-6.17906e-13 	4.54301e-13 	4.10327e-13 	9.68417e-13 	1.06391e-09 	-8.63359e-10 	2.5042e-09 	7.01999e-10 	-2.03e-09 	5.89832e-09
0.02      0.02    0.02    0.02    0.02    3.06 	-0.00803349 	0.00595851 	-0.0135496 	1.16611e-12 	-3.85323e-13 	-6.17906e-13 	4.54301e-13 	4.10327e-13 	9.68417e-13 	1.06391e-09 	-8.63359e-10 	2.5042e-09 	7.01999e-10 	-2.03e-09 	5.89832e-09
0.02      0.02    0.02    0.02    0.02    3.06 	0.0104014 	0.00622721 	0.000532494 	3.90492e-13 	-2.16166e-14 	8.95808e-14 	6.04688e-14 	1.10862e-14 	1.92363e-13 	4.52282e-09 	-1.5747e-09 	4.71703e-09 	5.50272e-10 	-1.64349e-09 	4.92067e-09
0.02      0.02    0.02    0.02    0.02    3.15 	0.0377221 	-0.0114318 	0.00580567 	9.66428e-13 	-4.46118e-13 	-2.13554e-13 	6.73955e-13 	2.02609e-13 	3.56305e-13 	3.35916e-10 	-1.17042e-09 	3.06502e-09 	4.09932e-09 	-1.07106e-08 	2.80151e-08
0.02      0.02    0.02    0.02    0.02    3.15 	-0.0158024 	0.00851046 	-0.0308061 	4.26222e-13 	-6.70037e-15 	6.51976e-14 	9.68253e-14 	1.22855e-14 	1.75751e-13 	3.60196e-09 	1.14095e-09 	4.75856e-09 	3.64149e-10 	1.50791e-09 	6.28667e-09
0.02      0.02    0.02    0.02    0.02    3.24 	0.0377221 	-0.0114318 	0.00580567 	9.66428e-13 	-4.46118e-13 	-2.13554e-13 	6.73955e-13 	2.02609e-13 	3.56305e-13 	3.35916e-10 	-1.17042e-09 	3.06502e-09 	4.09932e-09 	-1.07106e-08 	2.80151e-08
0.02      0.02    0.02    0.02    0.02    3.24 	-0.0158024 	0.00851046 	-0.0308061 	4.26222e-13 	-6.70037e-15 	6.51976e-14 	9.68253e-14 	1.22855e-14 	1.75751e-13 	3.60196e-09 	1.14095e-09 	4.75856e-09 	3.64149e-10 	1.50791e-09 	6.28667e-09
0.02      0.02    0.02    0.02    0.02    3.33 	-0.0168729 	0.00235069 	0.0304191 	3.99927e-13 	4.69821e-14 	9.5649e-14 	2.38981e-13 	4.36958e-17 	2.55223e-13 	7.45895e-10 	-5.91112e-11 	5.48846e-10 	1.08431e-11 	-4.31018e-11 	4.04044e-10
0.02      0.02    0.02    0.02    0.02    3.42 	0.00986286 	-0.0008841 	-0.0252129 	7.00929e-13 	1.41243e-13 	6.94605e-14 	2.24927e-13 	8.76844e-14 	2.89948e-13 	3.00029e-10 	1.11295e-10 	1.21549e-09 	4.46509e-11 	4.55268e-10 	4.93024e-09
0.02      0.02    0.02    0.02    0.02    3.42 	-0.0168729 	0.00235069 	0.0304191 	3.99927e-13 	4.69821e-14 	9.5649e-14 	2.38981e-13 	4.36958e-17 	2.55223e-13 	7.45895e-10 	-5.91112e-11 	5.48846e-10 	1.08431e-11 	-4.31018e-11 	4.04044e-10
0.02      0.02    0.02    0.02    0.02    3.51 	0.00986286 	-0.0008841 	-0.0252129 	7.00929e-13 	1.41243e-13 	6.94605e-14 	2.24927e-13 	8.76844e-14 	2.89948e-13 	3.00029e-10 	1.11295e-10 	1.21549e-09 	4.46509e-11 	4.55268e-10 	4.93024e-09
0.02      0.02    0.02    0.02    0.02    3.51 	-0.0168729 	0.00235069 	0.0304191 	3.99927e-13 	4.69821e-14 	9.5649e-14 	2.38981e-13 	4.36958e-17 	2.55223e-13 	7.45895e-10 	-5.91112e-11 	5.48846e-10 	1.08431e-11 	-4.31018e-11 	4.04044e-10
0.02      0.02    0.02    0.02    0.02    3.6 	-0.0157775 	0.00514554 	0.0136196 	1.74317e-12 	-4.51608e-13 	-1.15174e-12 	3.62325e-13 	3.88038e-13 	1.64703e-12 	4.40403e-10 	3.19173e-10 	-3.8264e-10 	2.41349e-10 	-2.71296e-10 	3.36688e-10
0.02      0.02    0.02    0.02    0.02    3.6 	0.000569876 	0.00813608 	0.0128868 	6.1184e-13 	-2.11557e-14 	-2.71796e-14 	2.31912e-13 	1.36433e-13 	5.04689e-13 	6.54935e-10 	1.53191e-10 	5.32537e-10 	3.76497e-11 	1.23034e-10 	4.35226e-10
0.02      0.02    0.02    0.02    0.02    3.69 	-0.0157775 	0.00514554 	0.0136196 	1.74317e-12 	-4.51608e-13 	-1.15174e-12 	3.62325e-13 	3.88038e-13 	1.64703e-12 	4.40403e-10 	3.19173e-10 	-3.8264e-10 	2.41349e-10 	-2.71296e-10 	3.36688e-10
0.02      0.02    0.02    0.02    0.02    3.69 	0.000569876 	0.00813608 	0.0128868 	6.1184e-13 	-2.11557e-14 	-2.71796e-14 	2.31912e-13 	1.36433e-13 	5.04689e-13 	6.54935e-10 	1.53191e-10 	5.32537e-10 	3.76497e-11 	1.23034e-10 	4.35226e-10
0.02      0.02    0.02    0.02    0.02    3.78 	-0.0164931 	0.0140948 	-0.0216912 	3.32259e-13 	1.52845e-14 	-1.04317e-13 	1.78354e-13 	-1.00369e-13 	5.67374e-13 	2.34307e-09 	-9.63605e-10 	7.6371e-10 	4.03533e-10 	-3.14871e-10 	2.49296e-10
0.02      0.02    0.02    0.02    0.02    3.78 	0.0193974 	-0.0130023 	-0.0290852 	5.54464e-13 	-1.79576e-13 	3.30645e-13 	2.56419e-13 	-2.01536e-13 	4.89892e-13 	2.19167e-09 	-1.38368e-10 	-1.69919e-11 	2.03444e-11 	1.95014e-12 	1.17075e-12
0.02      0.02    0.02    0.02    0.02    3.87 	0.0193974 	-0.0130023 	-0.0290852 	5.54464e-13 	-1.79576e-13 	3.30645e-13 	2.56419e-13 	-2.01536e-13 	4.89892e-13 	2.19167e-09 	-1.38368e-10 	-1.69919e-11 	2.03444e-11 	1.95014e-12 	1.17075e-12
0.02      0.02    0.02    0.02    0.02    3.96 	0.0111188 	0.000818238 	0.0179452 	6.60251e-13 	-1.11407e-13 	-1.05072e-13 	1.64862e-13 	7.85877e-14 	4.49723e-13 	1.49613e-09 	-7.06675e-11 	1.82482e-09 	3.94375e-12 	-8.66806e-11 	2.22617e-09
0.02      0.02    0.02    0.02    0.02    3.96 	-0.00350684 	-0.0015082 	-0.0478013 	3.43738e-13 	-4.01462e-14 	-1.57012e-13 	1.72754e-13 	-1.09968e-13 	4.03763e-13 	3.22521e-10 	5.89758e-12 	3.07386e-10 	8.70404e-13 	4.83987e-12 	2.9637e-10
0.02      0.02    0.02    0.02    0.02    4.05 	0.0111188 	0.000818238 	0.0179452 	6.60251e-13 	-1.11407e-13 	-1.05072e-13 	1.64862e-13 	7.85877e-14 	4.49723e-13 	1.49613e-09 	-7.06675e-11 	1.82482e-09 	3.94375e-12 	-8.66806e-11 	2.22617e-09
0.02      0.02    0.02    0.02    0.02    4.05 	-0.00350684 	-0.0015082 	-0.0478013 	3.43738e-13 	-4.01462e-14 	-1.57012e-13 	1.72754e-13 	-1.09968e-13 	4.03763e-13 	3.22521e-10 	5.89758e-12 	3.07386e-10 	8.70404e-13 	4.83987e-12 	2.9637e-10
0.02      0.02    0.02    0.02    0.02    4.14 	0.0403849 	0.00758266 	-0.0543086 	1.6024e-12 	-5.25494e-13 	-5.85305e-13 	3.24046e-13 	1.25806e-13 	5.79317e-13 	4.45323e-11 	-1.32854e-10 	2.14874e-10 	3.97305e-10 	-6.4317e-10 	1.04201e-09
0.02      0.02    0.02    0.02    0.02    4.14 	-0.0298061 	-0.00821588 	-0.0137445 	3.10744e-13 	-1.38317e-13 	-2.60643e-14 	2.89746e-13 	-7.20249e-14 	2.0883e-13 	1.6151e-08 	6.39784e-10 	-1.02935e-08 	2.56042e-11 	-4.08314e-10 	6.56255e-09
0.02      0.02    0.02    0.02    0.02    4.23 	0.0403849 	0.00758266 	-0.0543086 	1.6024e-12 	-5.25494e-13 	-5.85305e-13 	3.24046e-13 	1.25806e-13 	5.79317e-13 	4.45323e-11 	-1.32854e-10 	2.14874e-10 	3.97305e-10 	-6.4317e-10 	1.04201e-09
0.02      0.02    0.02    0.02    0.02    4.32 	0.109765 	-0.00884318 	-0.0549719 	1.08096e-12 	-5.58435e-13 	-7.57265e-14 	5.5211e-13 	-1.9881e-13 	3.81143e-13 	6.99472e-10 	-1.29691e-09 	7.30959e-10 	2.40602e-09 	-1.35463e-09 	7.64862e-10
0.02      0.02    0.02    0.02    0.02    4.32 	-0.0256505 	-0.00165908 	-0.012055 	3.56735e-13 	-1.22924e-13 	3.43611e-14 	2.73216e-13 	-8.0708e-14 	2.69838e-13 	7.33489e-10 	-5.81394e-10 	1.04417e-09 	4.64991e-10 	-8.31999e-10 	1.49099e-09
0.02      0.02    0.02    0.02    0.02    4.41 	0.109765 	-0.00884318 	-0.0549719 	1.08096e-12 	-5.58435e-13 	-7.57265e-14 	5.5211e-13 	-1.9881e-13 	3.81143e-13 	6.99472e-10 	-1.29691e-09 	7.30959e-10 	2.40602e-09 	-1.35463e-09 	7.64862e-10
0.02      0.02    0.02    0.02    0.02    4.41 	-0.0256505 	-0.00165908 	-0.012055 	3.56735e-13 	-1.22924e-13 	3.43611e-14 	2.73216e-13 	-8.0708e-14 	2.69838e-13 	7.33489e-10 	-5.81394e-10 	1.04417e-09 	4.64991e-10 	-8.31999e-10 	1.49099e-09
0.02      0.02    0.02    0.02    0.02    4.5 	0.109765 	-0.00884318 	-0.0549719 	1.08096e-12 	-5.58435e-13 	-7.57265e-14 	5.5211e-13 	-1.9881e-13 	3.81143e-13 	6.99472e-10 	-1.29691e-09 	7.30959e-10 	2.40602e-09 	-1.35463e-09 	7.64862e-10
0.02      0.02    0.02    0.02    0.02    4.5 	-0.0256505 	-0.00165908 	-0.012055 	3.56735e-13 	-1.22924e-13 	3.43611e-14 	2.73216e-13 	-8.0708e-14 	2.69838e-13 	7.33489e-10 	-5.81394e-10 	1.04417e-09 	4.64991e-10 	-8.31999e-10 	1.49099e-09
0.03      0.03    0.03    0.03    0.03    0 	0.0276371 	-0.021569 	-0.00203711 	1.01531e-12 	-6.08721e-13 	-2.22451e-13 	7.92345e-13 	2.47153e-13 	2.49691e-13 	2.73835e-09 	-3.71241e-10 	4.58766e-09 	1.1586e-10 	-5.56665e-10 	7.75652e-09
0.03      0.03    0.03    0.03    0.03    0 	0.00771887 	-0.0211502 	-0.0476003 	2.68913e-13 	-9.93999e-14 	-7.42527e-14 	2.98097e-13 	2.1572e-13 	2.15461e-13 	9.60073e-08 	-1.23919e-08 	2.51579e-08 	1.60168e-09 	-3.2459e-09 	6.59371e-09
0.03      0.03    0.03    0.03    0.03    0.09 	0.0276371 	-0.021569 	-0.00203711 	1.01531e-12 	-6.08721e-13 	-2.22451e-13 	7.92345e-13 	2.47153e-13 	2.49691e-13 	2.73835e-09 	-3.71241e-10 	4.58766e-09 	1.1586e-10 	-5.56665e-10 	7.75652e-09
0.03      0.03    0.03    0.03    0.03    0.09 	0.00771887 	-0.0211502 	-0.0476003 	2.68913e-13 	-9.93999e-14 	-7.42527e-14 	2.98097e-13 	2.1572e-13 	2.15461e-13 	9.60073e-08 	-1.23919e-08 	2.51579e-08 	1.60168e-09 	-3.2459e-09 	6.59371e-09
0.03      0.03    0.03    0.03    0.03    0.18 	0.00771887 	-0.0211502 	-0.0476003 	2.68913e-13 	-9.93999e-14 	-7.42527e-14 	2.98097e-13 	2.1572e-13 	2.15461e-13 	9.60073e-08 	-1.23919e-08 	2.51579e-08 	1.60168e-09 	-3.2459e-09 	6.59371e-09
0.03      0.03    0.03    0.03    0.03    0.27 	0.0189668 	-0.00276677 	0.0511914 	4.18385e-13 	-8.70796e-14 	3.04392e-14 	2.1195e-13 	1.23916e-13 	2.21266e-13 	9.07121e-10 	2.9055e-09 	-4.0302e-11 	9.33446e-09 	-1.28226e-10 	3.24074e-12
0.03      0.03    0.03    0.03    0.03    0.36 	0.0189668 	-0.00276677 	0.0511914 	4.18385e-13 	-8.70796e-14 	3.04392e-14 	2.1195e-13 	1.23916e-13 	2.21266e-13 	9.07121e-10 	2.9055e-09 	-4.0302e-11 	9.33446e-09 	-1.28226e-10 	3.24074e-12
0.03      0.03    0.03    0.03    0.03    0.45 	-0.00967259 	0.00654349 	-0.00492565 	5.35036e-13 	2.68594e-14 	3.432e-13 	1.25807e-13 	3.46786e-14 	6.63154e-13 	4.35497e-10 	-4.19742e-10 	-1.47741e-09 	4.06171e-10 	1.4243e-09 	5.01509e-09
0.03      0.03    0.03    0.03    0.03    0.54 	-0.00967259 	0.00654349 	-0.00492565 	5.35036e-13 	2.68594e-14 	3.432e-13 	1.25807e-13 	3.46786e-14 	6.63154e-13 	4.35497e-10 	-4.19742e-10 	-1.47741e-09 	4.06171e-10 	1.4243e-09 	5.01509e-09
0.03      0.03    0.03    0.03    0.03    0.63 	-0.0314829 	0.00325914 	-0.011655 	5.94874e-13 	-6.28149e-15 	4.7062e-14 	1.39475e-13 	-1.37574e-13 	3.21984e-13 	7.72507e-11 	1.00204e-10 	3.04138e-10 	1.65251e-10 	4.38967e-10 	1.25646e-09
0.03      0.03    0.03    0.03    0.03    0.63 	-0.0447617 	0.00208917 	0.0468509 	6.0943e-13 	-8.33991e-14 	2.96039e-13 	1.11477e-13 	-4.2946e-13 	1.08131e-12 	3.91954e-10 	-7.3784e-10 	4.31512e-10 	1.40481e-09 	-8.07134e-10 	4.7693e-10
0.03      0.03    0.03    0.03    0.03    0.72 	-0.0447617 	0.00208917 	0.0468509 	6.0943e-13 	-8.33991e-14 	2.96039e-13 	1.11477e-13 	-4.2946e-13 	1.08131e-12 	3.91954e-10 	-7.3784e-10 	4.31512e-10 	1.40481e-09 	-8.07134e-10 	4.7693e-10
0.03      0.03    0.03    0.03    0.03    0.72 	-0.0314829 	0.00325914 	-0.011655 	5.94874e-13 	-6.28149e-15 	4.7062e-14 	1.39475e-13 	-1.37574e-13 	3.21984e-13 	7.72507e-11 	1.00204e-10 	3.04138e-10 	1.65251e-10 	4.38967e-10 	1.25646e-09
0.03      0.03    0.03    0.03    0.03    0.81 	0.00631404 	0.0017087 	0.017569 	3.84906e-13 	5.10595e-14 	1.37644e-13 	2.23117e-13 	-2.93689e-14 	4.28525e-13 	9.13723e-10 	-1.61525e-09 	1.82401e-09 	2.86431e-09 	-3.22573e-09 	3.64167e-09
0.03      0.03    0.03    0.03    0.03    0.81 	0.00605838 	0.000235636 	0.0281743 	6.07784e-13 	-7.58717e-14 	1.39857e-13 	2.05581e-13 	-2.66607e-13 	6.14092e-13 	1.1802e-09 	1.62529e-10 	2.08287e-09 	2.28329e-11 	2.85139e-10 	3.68518e-09
0.03      0.03    0.03    0.03    0.03    0.9 	0.00605838 	0.000235636 	0.0281743 	6.07784e-13 	-7.58717e-14 	1.39857e-13 	2.05581e-13 	-2.66607e-13 	6.14092e-13 	1.1802e-09 	1.62529e-10 	2.08287e-09 	2.28329e-11 	2.85139e-10 	3.68518e-09
0.03      0.03    0.03    0.03    0.03    0.9 	0.00631404 	0.0017087 	0.017569 	3.84906e-13 	5.10595e-14 	1.37644e-13 	2.23117e-13 	-2.93689e-14 	4.28525e-13 	9.13723e-10 	-1.61525e-09 	1.82401e-09 	2.86431e-09 	-3.22573e-09 	3.64167e-09
0.03      0.03    0.03    0.03    0.03    0.99 	0.0013462 	0.00873891 	0.0226483 	4.769e-13 	-4.77729e-14 	-6.78226e-14 	1.50504e-13 	-1.40723e-13 	4.71325e-13 	1.21688e-09 	-2.05243e-09 	-3.27252e-10 	3.46371e-09 	5.49863e-10 	9.05476e-11
0.03      0.03    0.03    0.03    0.03    0.99 	-0.0204387 	-0.00100648 	-0.0576552 	6.34941e-13 	-2.46425e-13 	1.49444e-13 	3.60875e-13 	-1.44809e-13 	5.77315e-13 	4.00916e-09 	2.67235e-09 	-2.5932e-09 	1.78894e-09 	-1.72868e-09 	1.67738e-09
0.03      0.03    0.03    0.03    0.03    1.08 	0.0013462 	0.00873891 	0.0226483 	4.769e-13 	-4.77729e-14 	-6.78226e-14 	1.50504e-13 	-1.40723e-13 	4.71325e-13 	1.21688e-09 	-2.05243e-09 	-3.27252e-10 	3.46371e-09 	5.49863e-10 	9.05476e-11
0.03      0.03    0.03    0.03    0.03    1.17 	0.0013462 	0.00873891 	0.0226483 	4.769e-13 	-4.77729e-14 	-6.78226e-14 	1.50504e-13 	-1.40723e-13 	4.71325e-13 	1.21688e-09 	-2.05243e-09 	-3.27252e-10 	3.46371e-09 	5.49863e-10 	9.05476e-11
0.03      0.03    0.03    0.03    0.03    1.26 	0.0160781 	0.000969679 	-0.0228546 	3.82174e-13 	-9.93394e-14 	-3.60106e-14 	1.69643e-13 	-8.51698e-14 	3.65146e-13 	1.57386e-11 	-1.48263e-10 	-1.20345e-10 	1.56547e-09 	1.24691e-09 	9.96493e-10
0.03      0.03    0.03    0.03    0.03    1.26 	0.0225404 	-0.019384 	0.0316315 	7.38195e-13 	-2.10726e-13 	4.08958e-13 	7.56202e-13 	-8.56834e-13 	1.47523e-12 	2.733e-08 	-1.13739e-08 	-2.9531e-08 	4.74526e-09 	1.22868e-08 	3.19106e-08
0.03      0.03    0.03    0.03    0.03    1.35 	0.0160781 	0.000969679 	-0.0228546 	3.82174e-13 	-9.93394e-14 	-3.60106e-14 	1.69643e-13 	-8.51698e-14 	3.65146e-13 	1.57386e-11 	-1.48263e-10 	-1.20345e-10 	1.56547e-09 	1.24691e-09 	9.96493e-10
0.03      0.03    0.03    0.03    0.03    1.35 	0.0225404 	-0.019384 	0.0316315 	7.38195e-13 	-2.10726e-13 	4.08958e-13 	7.56202e-13 	-8.56834e-13 	1.47523e-12 	2.733e-08 	-1.13739e-08 	-2.9531e-08 	4.74526e-09 	1.22868e-08 	3.19106e-08
0.03      0.03    0.03    0.03    0.03    1.44 	-0.0365288 	-0.00073957 	0.0691932 	1.20552e-12 	-3.98731e-13 	-2.23812e-13 	4.77854e-13 	-6.18171e-14 	7.13843e-13 	1.08801e-10 	-7.84014e-10 	-2.83094e-10 	5.67492e-09 	2.0476e-09 	7.39039e-10
0.03      0.03    0.03    0.03    0.03    1.44 	-0.0237444 	-0.00847063 	0.0196512 	3.26973e-13 	6.4378e-14 	-4.99171e-14 	1.82124e-13 	6.6521e-14 	4.43406e-13 	1.72879e-09 	2.75064e-10 	-1.15572e-11 	4.76125e-11 	3.53675e-12 	8.868e-12
0.03      0.03    0.03    0.03    0.03    1.53 	-0.0237444 	-0.00847063 	0.0196512 	3.26973e-13 	6.4378e-14 	-4.99171e-14 	1.82124e-13 	6.6521e-14 	4.43406e-13 	1.72879e-09 	2.75064e-10 	-1.15572e-11 	4.76125e-11 	3.53675e-12 	8.868e-12
0.03      0.03    0.03    0.03    0.03    1.53 	-0.0365288 	-0.00073957 	0.0691932 	1.20552e-12 	-3.98731e-13 	-2.23812e-13 	4.77854e-13 	-6.18171e-14 	7.13843e-13 	1.08801e-10 	-7.84014e-10 	-2.83094e-10 	5.67492e-09 	2.0476e-09 	7.39039e-10
0.03      0.03    0.03    0.03    0.03    1.62 	0.000972919 	0.00865692 	-0.0247353 	7.74336e-13 	-3.60578e-14 	-4.42554e-13 	3.00687e-13 	-2.22387e-13 	1.14238e-12 	1.52119e-09 	1.36167e-10 	-3.60164e-09 	3.05722e-11 	-3.35132e-10 	8.53644e-09
0.03      0.03    0.03    0.03    0.03    1.62 	0.00757105 	0.0131167 	0.0207699 	4.10346e-13 	-1.65433e-14 	7.85308e-14 	2.77662e-13 	-2.02772e-13 	7.33811e-13 	1.5425e-09 	-2.44898e-10 	2.21983e-09 	4.1084e-11 	-3.52735e-10 	3.19468e-09
0.03      0.03    0.03    0.03    0.03    1.71 	0.00757105 	0.0131167 	0.0207699 	4.10346e-13 	-1.65433e-14 	7.85308e-14 	2.77662e-13 	-2.02772e-13 	7.33811e-13 	1.5425e-09 	-2.44898e-10 	2.21983e-09 	4.1084e-11 	-3.52735e-10 	3.19468e-09
0.03      0.03    0.03    0.03    0.03    1.71 	0.000972919 	0.00865692 	-0.0247353 	7.74336e-13 	-3.60578e-14 	-4.42554e-13 	3.00687e-13 	-2.22387e-13 	1.14238e-12 	1.52119e-09 	1.36167e-10 	-3.60164e-09 	3.05722e-11 	-3.35132e-10 	8.53644e-09
0.03      0.03    0.03    0.03    0.03    1.8 	0.068185 	-0.0177736 	-0.029094 	6.74807e-13 	-2.20632e-13 	-1.80861e-14 	2.5787e-13 	-6.76185e-14 	2.80785e-13 	2.54419e-09 	-1.13312e-09 	-3.63551e-09 	5.33065e-10 	1.6251e-09 	5.19728e-09
0.03      0.03    0.03    0.03    0.03    1.8 	0.0132824 	0.0106067 	-0.025475 	8.84597e-13 	-2.03929e-13 	-1.33353e-13 	3.04868e-13 	-6.83701e-14 	1.05771e-12 	1.76511e-08 	3.00846e-09 	-4.60099e-09 	5.14935e-10 	-7.85651e-10 	1.20068e-09
0.03      0.03    0.03    0.03    0.03    1.89 	0.0132824 	0.0106067 	-0.025475 	8.84597e-13 	-2.03929e-13 	-1.33353e-13 	3.04868e-13 	-6.83701e-14 	1.05771e-12 	1.76511e-08 	3.00846e-09 	-4.60099e-09 	5.14935e-10 	-7.85651e-10 	1.20068e-09
0.03      0.03    0.03    0.03    0.03    1.89 	0.068185 	-0.0177736 	-0.029094 	6.74807e-13 	-2.20632e-13 	-1.80861e-14 	2.5787e-13 	-6.76185e-14 	2.80785e-13 	2.54419e-09 	-1.13312e-09 	-3.63551e-09 	5.33065e-10 	1.6251e-09 	5.19728e-09
0.03      0.03    0.03    0.03    0.03    1.98 	0.0400335 	-0.0155394 	0.0394924 	8.35559e-13 	-2.10823e-13 	2.30231e-13 	5.53672e-13 	-1.6073e-13 	3.98556e-13 	7.11706e-08 	-5.0825e-09 	-1.37513e-08 	3.63409e-10 	9.81908e-10 	2.66194e-09
0.03      0.03    0.03    0.03    0.03    1.98 	0.0529135 	-0.0145007 	-0.0176618 	1.55627e-12 	-5.73175e-13 	1.80656e-13 	5.15574e-13 	-7.76529e-14 	5.56948e-13 	6.81342e-09 	-1.03576e-09 	1.04937e-08 	1.59556e-10 	-1.59432e-09 	1.61632e-08
0.03      0.03    0.03    0.03    0.03    2.07 	0.0529135 	-0.0145007 	-0.0176618 	1.55627e-12 	-5.73175e-13 	1.80656e-13 	5.15574e-13 	-7.76529e-14 	5.56948e-13 	6.81342e-09 	-1.03576e-09 	1.04937e-08 	1.59556e-10 	-1.59432e-09 	1.61632e-08
0.03      0.03    0.03    0.03    0.03    2.07 	0.0400335 	-0.0155394 	0.0394924 	8.35559e-13 	-2.10823e-13 	2.30231e-13 	5.53672e-13 	-1.6073e-13 	3.98556e-13 	7.11706e-08 	-5.0825e-09 	-1.37513e-08 	3.63409e-10 	9.81908e-10 	2.66194e-09
0.03      0.03    0.03    0.03    0.03    2.16 	-0.0105367 	-0.00908653 	-0.00437801 	5.533e-13 	-2.22429e-13 	-5.63448e-14 	3.85969e-13 	1.49471e-13 	4.992e-13 	2.72841e-09 	1.64477e-10 	1.57658e-09 	1.17194e-11 	9.2311e-11 	9.15847e-10
0.03      0.03    0.03    0.03    0.03    2.16 	-0.00939577 	0.0138188 	0.0155426 	4.11017e-13 	-3.66534e-14 	9.44735e-14 	1.91371e-13 	1.59229e-14 	3.71927e-13 	2.76765e-09 	2.9393e-09 	-2.01743e-09 	3.12357e-09 	-2.14386e-09 	1.47165e-09
0.03      0.03    0.03    0.03    0.03    2.25 	-0.0105367 	-0.00908653 	-0.00437801 	5.533e-13 	-2.22429e-13 	-5.63448e-14 	3.85969e-13 	1.49471e-13 	4.992e-13 	2.72841e-09 	1.64477e-10 	1.57658e-09 	1.17194e-11 	9.2311e-11 	9.15847e-10
0.03      0.03    0.03    0.03    0.03    2.25 	-0.00939577 	0.0138188 	0.0155426 	4.11017e-13 	-3.66534e-14 	9.44735e-14 	1.91371e-13 	1.59229e-14 	3.71927e-13 	2.76765e-09 	2.9393e-09 	-2.01743e-09 	3.12357e-09 	-2.14386e-09 	1.47165e-09
0.03      0.03    0.03    0.03    0.03    2.34 	-0.00939577 	0.0138188 	0.0155426 	4.11017e-13 	-3.66534e-14 	9.44735e-14 	1.91371e-13 	1.59229e-14 	3.71927e-13 	2.76765e-09 	2.9393e-09 	-2.01743e-09 	3.12357e-09 	-2.14386e-09 	1.47165e-09
0.03      0.03    0.03    0.03    0.03    2.34 	-0.0105367 	-0.00908653 	-0.00437801 	5.533e-13 	-2.22429e-13 	-5.63448e-14 	3.85969e-13 	1.49471e-13 	4.992e-13 	2.72841e-09 	1.64477e-10 	1.57658e-09 	1.17194e-11 	9.2311e-11 	9.15847e-10
0.03      0.03    0.03    0.03    0.03    2.43 	-0.0291548 	0.00232385 	0.00436475 	6.92039e-13 	-1.1476e-13 	-4.3704e-13 	6.58164e-13 	1.05472e-12 	4.08222e-12 	3.01741e-10 	-2.46315e-10 	7.42883e-10 	2.01621e-10 	-6.0603e-10 	1.83324e-09
0.03      0.03    0.03    0.03    0.03    2.43 	-0.0406223 	0.0059753 	0.00150989 	3.46724e-13 	-2.7224e-14 	-1.02584e-13 	2.03709e-13 	1.52978e-13 	8.88059e-13 	1.22748e-10 	3.50629e-10 	1.72952e-10 	1.05131e-09 	5.11235e-10 	2.49877e-10
0.03      0.03    0.03    0.03    0.03    2.52 	-0.0291548 	0.00232385 	0.00436475 	6.92039e-13 	-1.1476e-13 	-4.3704e-13 	6.58164e-13 	1.05472e-12 	4.08222e-12 	3.01741e-10 	-2.46315e-10 	7.42883e-10 	2.01621e-10 	-6.0603e-10 	1.83324e-09
0.03      0.03    0.03    0.03    0.03    2.52 	-0.0406223 	0.0059753 	0.00150989 	3.46724e-13 	-2.7224e-14 	-1.02584e-13 	2.03709e-13 	1.52978e-13 	8.88059e-13 	1.22748e-10 	3.50629e-10 	1.72952e-10 	1.05131e-09 	5.11235e-10 	2.49877e-10
0.03      0.03    0.03    0.03    0.03    2.61 	-0.0111724 	-0.00241665 	-0.0227971 	5.79638e-13 	3.91467e-14 	5.35937e-14 	1.11801e-13 	-2.66324e-14 	2.26017e-13 	7.31972e-11 	-4.23459e-10 	3.9126e-11 	2.69534e-09 	-2.32632e-10 	2.11331e-11
0.03      0.03    0.03    0.03    0.03    2.61 	0.0161926 	-0.00219258 	0.0117161 	8.54032e-13 	-6.49744e-14 	3.15477e-13 	4.81646e-14 	3.26025e-15 	1.84079e-13 	1.36397e-10 	3.38767e-10 	-5.19561e-10 	8.41815e-10 	-1.29165e-09 	1.99421e-09
0.03      0.03    0.03    0.03    0.03    2.7 	0.0161926 	-0.00219258 	0.0117161 	8.54032e-13 	-6.49744e-14 	3.15477e-13 	4.81646e-14 	3.26025e-15 	1.84079e-13 	1.36397e-10 	3.38767e-10 	-5.19561e-10 	8.41815e-10 	-1.29165e-09 	1.99421e-09
0.03      0.03    0.03    0.03    0.03    2.7 	-0.0111724 	-0.00241665 	-0.0227971 	5.79638e-13 	3.91467e-14 	5.35937e-14 	1.11801e-13 	-2.66324e-14 	2.26017e-13 	7.31972e-11 	-4.23459e-10 	3.9126e-11 	2.69534e-09 	-2.32632e-10 	2.11331e-11
0.03      0.03    0.03    0.03    0.03    2.79 	-0.00603949 	-0.00352966 	-0.00647445 	5.25564e-13 	-1.12241e-13 	1.57308e-13 	1.16944e-13 	-3.69601e-14 	3.0319e-13 	1.7116e-12 	1.92631e-11 	-3.48758e-11 	1.20398e-09 	-1.82573e-09 	2.80817e-09
0.03      0.03    0.03    0.03    0.03    2.79 	0.0192864 	-0.00364249 	-0.00538514 	6.77295e-13 	-1.67421e-13 	-8.85798e-14 	1.98302e-13 	8.5112e-14 	3.95768e-13 	1.30856e-09 	9.29989e-10 	-1.68108e-10 	6.62156e-10 	-1.18174e-10 	4.3688e-11
0.03      0.03    0.03    0.03    0.03    2.88 	0.0192864 	-0.00364249 	-0.00538514 	6.77295e-13 	-1.67421e-13 	-8.85798e-14 	1.98302e-13 	8.5112e-14 	3.95768e-13 	1.30856e-09 	9.29989e-10 	-1.68108e-10 	6.62156e-10 	-1.18174e-10 	4.3688e-11
0.03      0.03    0.03    0.03    0.03    2.88 	-0.00603949 	-0.00352966 	-0.00647445 	5.25564e-13 	-1.12241e-13 	1.57308e-13 	1.16944e-13 	-3.69601e-14 	3.0319e-13 	1.7116e-12 	1.92631e-11 	-3.48758e-11 	1.20398e-09 	-1.82573e-09 	2.80817e-09
0.03      0.03    0.03    0.03    0.03    2.97 	0.0104964 	0.00619029 	0.000637412 	3.9047e-13 	-2.16372e-14 	8.95693e-14 	6.04795e-14 	1.10884e-14 	1.9237e-13 	8.88557e-09 	-3.27175e-09 	9.46832e-09 	1.20788e-09 	-3.48913e-09 	1.00926e-08
0.03      0.03    0.03    0.03    0.03    2.97 	-0.00798826 	0.00593044 	-0.0134209 	1.16562e-12 	-3.85137e-13 	-6.17451e-13 	4.5401e-13 	4.09994e-13 	9.67808e-13 	2.07734e-09 	-1.54453e-09 	5.22195e-09 	1.15465e-09 	-3.86802e-09 	1.31623e-08
0.03      0.03    0.03    0.03    0.03    3.06 	-0.00798826 	0.00593044 	-0.0134209 	1.16562e-12 	-3.85137e-13 	-6.17451e-13 	4.5401e-13 	4.09994e-13 	9.67808e-13 	2.07734e-09 	-1.54453e-09 	5.22195e-09 	1.15465e-09 	-3.86802e-09 	1.31623e-08
0.03      0.03    0.03    0.03    0.03    3.06 	0.0104964 	0.00619029 	0.000637412 	3.9047e-13 	-2.16372e-14 	8.95693e-14 	6.04795e-14 	1.10884e-14 	1.9237e-13 	8.88557e-09 	-3.27175e-09 	9.46832e-09 	1.20788e-09 	-3.48913e-09 	1.00926e-08
0.03      0.03    0.03    0.03    0.03    3.15 	0.0377048 	-0.0113223 	0.0055352 	9.68409e-13 	-4.47375e-13 	-2.14964e-13 	6.7494e-13 	2.04269e-13 	3.57853e-13 	5.46736e-10 	-2.24945e-09 	5.71716e-09 	9.4561e-09 	-2.39567e-08 	6.07384e-08
0.03      0.03    0.03    0.03    0.03    3.15 	-0.0157135 	0.00854229 	-0.0306868 	4.26196e-13 	-6.54378e-15 	6.51133e-14 	9.68275e-14 	1.24521e-14 	1.75787e-13 	7.31107e-09 	2.47655e-09 	9.71871e-09 	8.42561e-10 	3.29315e-09 	1.29195e-08
0.03      0.03    0.03    0.03    0.03    3.24 	0.0377048 	-0.0113223 	0.0055352 	9.68409e-13 	-4.47375e-13 	-2.14964e-13 	6.7494e-13 	2.04269e-13 	3.57853e-13 	5.46736e-10 	-2.24945e-09 	5.71716e-09 	9.4561e-09 	-2.39567e-08 	6.07384e-08
0.03      0.03    0.03    0.03    0.03    3.24 	-0.0157135 	0.00854229 	-0.0306868 	4.26196e-13 	-6.54378e-15 	6.51133e-14 	9.68275e-14 	1.24521e-14 	1.75787e-13 	7.31107e-09 	2.47655e-09 	9.71871e-09 	8.42561e-10 	3.29315e-09 	1.29195e-08
0.03      0.03    0.03    0.03    0.03    3.33 	-0.0169072 	0.00234218 	0.0303973 	4.0008e-13 	4.69303e-14 	9.54839e-14 	2.39134e-13 	-1.17268e-17 	2.55202e-13 	1.36584e-09 	6.03968e-11 	9.66611e-10 	1.88176e-11 	4.0183e-11 	6.84915e-10
0.03      0.03    0.03    0.03    0.03    3.42 	0.00983444 	-0.000893837 	-0.0253155 	7.0156e-13 	1.41578e-13 	6.9617e-14 	2.25189e-13 	8.76788e-14 	2.9012e-13 	6.67644e-10 	2.29284e-10 	2.58158e-09 	8.1203e-11 	8.9092e-10 	9.9964e-09
0.03      0.03    0.03    0.03    0.03    3.42 	-0.0169072 	0.00234218 	0.0303973 	4.0008e-13 	4.69303e-14 	9.54839e-14 	2.39134e-13 	-1.17268e-17 	2.55202e-13 	1.36584e-09 	6.03968e-11 	9.66611e-10 	1.88176e-11 	4.0183e-11 	6.84915e-10
0.03      0.03    0.03    0.03    0.03    3.51 	0.00983444 	-0.000893837 	-0.0253155 	7.0156e-13 	1.41578e-13 	6.9617e-14 	2.25189e-13 	8.76788e-14 	2.9012e-13 	6.67644e-10 	2.29284e-10 	2.58158e-09 	8.1203e-11 	8.9092e-10 	9.9964e-09
0.03      0.03    0.03    0.03    0.03    3.51 	-0.0169072 	0.00234218 	0.0303973 	4.0008e-13 	4.69303e-14 	9.54839e-14 	2.39134e-13 	-1.17268e-17 	2.55202e-13 	1.36584e-09 	6.03968e-11 	9.66611e-10 	1.88176e-11 	4.0183e-11 	6.84915e-10
0.03      0.03    0.03    0.03    0.03    3.6 	-0.0158164 	0.00513524 	0.0136628 	1.74067e-12 	-4.5105e-13 	-1.14926e-12 	3.62193e-13 	3.87211e-13 	1.64514e-12 	1.04469e-09 	5.29127e-10 	-1.02298e-09 	2.94743e-10 	-5.03822e-10 	1.00989e-09
0.03      0.03    0.03    0.03    0.03    3.6 	0.000610946 	0.00813627 	0.0129338 	6.11641e-13 	-2.11129e-14 	-2.70396e-14 	2.31624e-13 	1.35994e-13 	5.04237e-13 	1.40344e-09 	1.99175e-10 	1.31875e-09 	3.5139e-11 	1.7812e-10 	1.25218e-09
0.03      0.03    0.03    0.03    0.03    3.69 	-0.0158164 	0.00513524 	0.0136628 	1.74067e-12 	-4.5105e-13 	-1.14926e-12 	3.62193e-13 	3.87211e-13 	1.64514e-12 	1.04469e-09 	5.29127e-10 	-1.02298e-09 	2.94743e-10 	-5.03822e-10 	1.00989e-09
0.03      0.03    0.03    0.03    0.03    3.69 	0.000610946 	0.00813627 	0.0129338 	6.11641e-13 	-2.11129e-14 	-2.70396e-14 	2.31624e-13 	1.35994e-13 	5.04237e-13 	1.40344e-09 	1.99175e-10 	1.31875e-09 	3.5139e-11 	1.7812e-10 	1.25218e-09
0.03      0.03    0.03    0.03    0.03    3.78 	-0.0165666 	0.0141329 	-0.0217238 	3.32102e-13 	1.52347e-14 	-1.04374e-13 	1.78274e-13 	-1.00352e-13 	5.67442e-13 	4.86919e-09 	-2.23825e-09 	1.78123e-09 	1.03921e-09 	-8.24078e-10 	6.56363e-10
0.03      0.03    0.03    0.03    0.03    3.78 	0.0193205 	-0.0130097 	-0.0290784 	5.54678e-13 	-1.79782e-13 	3.31911e-13 	2.56737e-13 	-2.02788e-13 	4.91537e-13 	4.82981e-09 	7.05063e-11 	-1.63742e-10 	2.14865e-11 	-6.24889e-12 	8.24394e-12
0.03      0.03    0.03    0.03    0.03    3.87 	0.0193205 	-0.0130097 	-0.0290784 	5.54678e-13 	-1.79782e-13 	3.31911e-13 	2.56737e-13 	-2.02788e-13 	4.91537e-13 	4.82981e-09 	7.05063e-11 	-1.63742e-10 	2.14865e-11 	-6.24889e-12 	8.24394e-12
0.03      0.03    0.03    0.03    0.03    3.96 	0.0111847 	0.000818117 	0.0180165 	6.60501e-13 	-1.1153e-13 	-1.0546e-13 	1.6487e-13 	7.85823e-14 	4.49756e-13 	3.36932e-09 	-9.1238e-11 	3.93608e-09 	3.49579e-12 	-1.08578e-10 	4.60308e-09
0.03      0.03    0.03    0.03    0.03    3.96 	-0.0035281 	-0.00150457 	-0.0478355 	3.43486e-13 	-4.00755e-14 	-1.56912e-13 	1.72831e-13 	-1.10137e-13 	4.03863e-13 	5.69199e-10 	-1.47256e-11 	6.53402e-10 	2.01738e-12 	-2.13466e-11 	7.67435e-10
0.03      0.03    0.03    0.03    0.03    4.05 	0.0111847 	0.000818117 	0.0180165 	6.60501e-13 	-1.1153e-13 	-1.0546e-13 	1.6487e-13 	7.85823e-14 	4.49756e-13 	3.36932e-09 	-9.1238e-11 	3.93608e-09 	3.49579e-12 	-1.08578e-10 	4.60308e-09
0.03      0.03    0.03    0.03    0.03    4.05 	-0.0035281 	-0.00150457 	-0.0478355 	3.43486e-13 	-4.00755e-14 	-1.56912e-13 	1.72831e-13 	-1.10137e-13 	4.03863e-13 	5.69199e-10 	-1.47256e-11 	6.53402e-10 	2.01738e-12 	-2.13466e-11 	7.67435e-10
0.03      0.03    0.03    0.03    0.03    4.14 	0.0403795 	0.0076036 	-0.0543562 	1.60115e-12 	-5.25122e-13 	-5.85388e-13 	3.24e-13 	1.25724e-13 	5.79821e-13 	6.72387e-11 	-2.10156e-10 	3.71324e-10 	6.59121e-10 	-1.16956e-09 	2.0893e-09
0.03      0.03    0.03    0.03    0.03    4.14 	-0.0300107 	-0.00822255 	-0.0136041 	3.10714e-13 	-1.38529e-13 	-2.62907e-14 	2.89997e-13 	-7.17529e-14 	2.0882e-13 	3.48519e-08 	1.3121e-09 	-2.28704e-08 	4.96694e-11 	-8.60639e-10 	1.50158e-08
0.03      0.03    0.03    0.03    0.03    4.23 	0.0403795 	0.0076036 	-0.0543562 	1.60115e-12 	-5.25122e-13 	-5.85388e-13 	3.24e-13 	1.25724e-13 	5.79821e-13 	6.72387e-11 	-2.10156e-10 	3.71324e-10 	6.59121e-10 	-1.16956e-09 	2.0893e-09
0.03      0.03    0.03    0.03    0.03    4.32 	0.109725 	-0.00878167 	-0.0550095 	1.07494e-12 	-5.55727e-13 	-7.38855e-14 	5.51772e-13 	-2.00939e-13 	3.82542e-13 	1.4333e-09 	-2.49134e-09 	1.46075e-09 	4.34199e-09 	-2.54151e-09 	1.49035e-09
0.03      0.03    0.03    0.03    0.03    4.32 	-0.0256832 	-0.00162741 	-0.0121101 	3.56024e-13 	-1.22555e-13 	3.42388e-14 	2.7299e-13 	-8.06284e-14 	2.69788e-13 	1.28177e-09 	-1.10989e-09 	1.94784e-09 	9.68091e-10 	-1.69516e-09 	2.97052e-09
0.03      0.03    0.03    0.03    0.03    4.41 	0.109725 	-0.00878167 	-0.0550095 	1.07494e-12 	-5.55727e-13 	-7.38855e-14 	5.51772e-13 	-2.00939e-13 	3.82542e-13 	1.4333e-09 	-2.49134e-09 	1.46075e-09 	4.34199e-09 	-2.54151e-09 	1.49035e-09
0.03      0.03    0.03    0.03    0.03    4.41 	-0.0256832 	-0.00162741 	-0.0121101 	3.56024e-13 	-1.22555e-13 	3.42388e-14 	2.7299e-13 	-8.06284e-14 	2.69788e-13 	1.28177e-09 	-1.10989e-09 	1.94784e-09 	9.68091e-10 	-1.69516e-09 	2.97052e-09
0.03      0.03    0.03    0.03    0.03    4.5 	0.109725 	-0.00878167 	-0.0550095 	1.07494e-12 	-5.55727e-13 	-7.38855e-14 	5.51772e-13 	-2.00939e-13 	3.82542e-13 	1.4333e-09 	-2.49134e-09 	1.46075e-09 	4.34199e-09 	-2.54151e-09 	1.49035e-09
0.03      0.03    0.03    0.03    0.03    4.5 	-0.0256832 	-0.00162741 	-0.0121101 	3.56024e-13 	-1.22555e-13 	3.42388e-14 	2.7299e-13 	-8.06284e-14 	2.69788e-13 	1.28177e-09 	-1.10989e-09 	1.94784e-09 	9.68091e-10 	-1.69516e-09 	2.97052e-09
