0.01      0.01    0.01    0.01    0.01    0 	0.0939146 	0.0346539 	-0.0150753 	4.83332e-13 	-2.149e-13 	7.11203e-14 	2.32649e-13 	-3.51591e-14 	1.69686e-13 	1.58801e-10 	-1.95204e-10 	3.37047e-11 	2.39952e-10 	-4.1431e-11 	7.15362e-12
0.01      0.01    0.01    0.01    0.01    0.09 	0.0939146 	0.0346539 	-0.0150753 	4.83332e-13 	-2.149e-13 	7.11203e-14 	2.32649e-13 	-3.51591e-14 	1.69686e-13 	1.58801e-10 	-1.95204e-10 	3.37047e-11 	2.39952e-10 	-4.1431e-11 	7.15362e-12
0.01      0.01    0.01    0.01    0.01    0.18 	0.0939146 	0.0346539 	-0.0150753 	4.83332e-13 	-2.149e-13 	7.11203e-14 	2.32649e-13 	-3.51591e-14 	1.69686e-13 	1.58801e-10 	-1.95204e-10 	3.37047e-11 	2.39952e-10 	-4.1431e-11 	7.15362e-12
0.01      0.01    0.01    0.01    0.01    0.27 	-0.000565823 	0.0584713 	0.0243569 	4.80687e-13 	-2.06072e-13 	-3.79928e-14 	3.18015e-13 	3.51263e-14 	1.54425e-13 	8.71389e-11 	4.23079e-10 	2.11533e-10 	2.05415e-09 	1.02704e-09 	5.13503e-10
0.01      0.01    0.01    0.01    0.01    0.36 	-0.000565823 	0.0584713 	0.0243569 	4.80687e-13 	-2.06072e-13 	-3.79928e-14 	3.18015e-13 	3.51263e-14 	1.54425e-13 	8.71389e-11 	4.23079e-10 	2.11533e-10 	2.05415e-09 	1.02704e-09 	5.13503e-10
0.01      0.01    0.01    0.01    0.01    0.45 	0.157248 	0.012447 	0.0394698 	8.42934e-13 	-1.55652e-13 	2.92921e-13 	1.39226e-13 	4.00947e-14 	3.0646e-13 	1.88036e-09 	5.17887e-10 	-1.20733e-09 	1.42636e-10 	-3.32521e-10 	7.75192e-10
0.01      0.01    0.01    0.01    0.01    0.54 	0.157248 	0.012447 	0.0394698 	8.42934e-13 	-1.55652e-13 	2.92921e-13 	1.39226e-13 	4.00947e-14 	3.0646e-13 	1.88036e-09 	5.17887e-10 	-1.20733e-09 	1.42636e-10 	-3.32521e-10 	7.75192e-10
0.01      0.01    0.01    0.01    0.01    0.63 	0.0880959 	-0.00209147 	-0.00669606 	7.24807e-13 	-1.42143e-13 	1.05696e-13 	1.56807e-13 	-7.12718e-15 	2.54334e-13 	1.65952e-09 	-2.08578e-10 	7.37651e-11 	2.62153e-11 	-9.27124e-12 	3.27884e-12
0.01      0.01    0.01    0.01    0.01    0.72 	0.0880959 	-0.00209147 	-0.00669606 	7.24807e-13 	-1.42143e-13 	1.05696e-13 	1.56807e-13 	-7.12718e-15 	2.54334e-13 	1.65952e-09 	-2.08578e-10 	7.37651e-11 	2.62153e-11 	-9.27124e-12 	3.27884e-12
0.01      0.01    0.01    0.01    0.01    0.81 	0.0632991 	0.0223362 	0.0203293 	6.55233e-13 	-2.08313e-13 	5.64972e-15 	2.24427e-13 	4.76804e-14 	1.96336e-13 	2.65404e-10 	-9.23579e-10 	3.10634e-10 	3.21396e-09 	-1.08098e-09 	3.63572e-10
0.01      0.01    0.01    0.01    0.01    0.9 	0.0632991 	0.0223362 	0.0203293 	6.55233e-13 	-2.08313e-13 	5.64972e-15 	2.24427e-13 	4.76804e-14 	1.96336e-13 	2.65404e-10 	-9.23579e-10 	3.10634e-10 	3.21396e-09 	-1.08098e-09 	3.63572e-10
0.01      0.01    0.01    0.01    0.01    0.99 	0.108537 	-0.019725 	0.0137507 	5.82535e-13 	-1.24239e-13 	1.57043e-13 	2.00603e-13 	5.40619e-15 	2.18536e-13 	1.52272e-09 	1.11343e-10 	-2.95925e-10 	8.14156e-12 	-2.16384e-11 	5.75101e-11
0.01      0.01    0.01    0.01    0.01    1.08 	0.108537 	-0.019725 	0.0137507 	5.82535e-13 	-1.24239e-13 	1.57043e-13 	2.00603e-13 	5.40619e-15 	2.18536e-13 	1.52272e-09 	1.11343e-10 	-2.95925e-10 	8.14156e-12 	-2.16384e-11 	5.75101e-11
0.01      0.01    0.01    0.01    0.01    1.17 	0.108537 	-0.019725 	0.0137507 	5.82535e-13 	-1.24239e-13 	1.57043e-13 	2.00603e-13 	5.40619e-15 	2.18536e-13 	1.52272e-09 	1.11343e-10 	-2.95925e-10 	8.14156e-12 	-2.16384e-11 	5.75101e-11
0.01      0.01    0.01    0.01    0.01    1.26 	0.0551818 	-0.0137352 	-0.0407312 	4.44486e-13 	-2.20436e-13 	1.30181e-14 	3.24767e-13 	-1.14005e-14 	1.81887e-13 	8.13676e-10 	5.37259e-10 	1.20684e-09 	3.54744e-10 	7.96858e-10 	1.78997e-09
0.01      0.01    0.01    0.01    0.01    1.35 	0.0551818 	-0.0137352 	-0.0407312 	4.44486e-13 	-2.20436e-13 	1.30181e-14 	3.24767e-13 	-1.14005e-14 	1.81887e-13 	8.13676e-10 	5.37259e-10 	1.20684e-09 	3.54744e-10 	7.96858e-10 	1.78997e-09
0.01      0.01    0.01    0.01    0.01    1.44 	0.00190175 	0.0255922 	0.0137182 	5.51923e-13 	-2.73649e-13 	-2.30373e-14 	2.95276e-13 	3.46507e-14 	2.19772e-13 	1.46491e-09 	-1.61584e-09 	6.39357e-10 	1.78231e-09 	-7.05228e-10 	2.79046e-10
0.01      0.01    0.01    0.01    0.01    1.53 	0.00190175 	0.0255922 	0.0137182 	5.51923e-13 	-2.73649e-13 	-2.30373e-14 	2.95276e-13 	3.46507e-14 	2.19772e-13 	1.46491e-09 	-1.61584e-09 	6.39357e-10 	1.78231e-09 	-7.05228e-10 	2.79046e-10
0.01      0.01    0.01    0.01    0.01    1.62 	0.0205335 	0.0111181 	-0.0285864 	6.88563e-13 	-2.08109e-13 	-2.6293e-14 	2.02809e-13 	-6.2415e-14 	1.88948e-13 	2.26784e-09 	8.15402e-11 	7.48986e-10 	2.93177e-12 	2.69297e-11 	2.47363e-10
0.01      0.01    0.01    0.01    0.01    1.71 	0.0205335 	0.0111181 	-0.0285864 	6.88563e-13 	-2.08109e-13 	-2.6293e-14 	2.02809e-13 	-6.2415e-14 	1.88948e-13 	2.26784e-09 	8.15402e-11 	7.48986e-10 	2.93177e-12 	2.69297e-11 	2.47363e-10
0.01      0.01    0.01    0.01    0.01    1.8 	0.0892648 	0.030641 	-0.0169452 	1.30944e-12 	-3.60752e-13 	-3.44756e-13 	2.26361e-13 	4.36421e-14 	1.41106e-13 	2.65847e-10 	9.04129e-11 	-3.41831e-10 	3.07488e-11 	-1.16255e-10 	4.39533e-10
0.01      0.01    0.01    0.01    0.01    1.89 	0.0892648 	0.030641 	-0.0169452 	1.30944e-12 	-3.60752e-13 	-3.44756e-13 	2.26361e-13 	4.36421e-14 	1.41106e-13 	2.65847e-10 	9.04129e-11 	-3.41831e-10 	3.07488e-11 	-1.16255e-10 	4.39533e-10
0.01      0.01    0.01    0.01    0.01    1.98 	0.0937487 	-0.00515688 	0.0248657 	1.34744e-12 	-1.85847e-13 	-1.09843e-13 	2.21186e-13 	-4.76341e-15 	1.15108e-13 	1.82712e-11 	-2.35465e-10 	1.2298e-10 	3.03449e-09 	-1.58487e-09 	8.27755e-10
0.01      0.01    0.01    0.01    0.01    2.07 	0.0937487 	-0.00515688 	0.0248657 	1.34744e-12 	-1.85847e-13 	-1.09843e-13 	2.21186e-13 	-4.76341e-15 	1.15108e-13 	1.82712e-11 	-2.35465e-10 	1.2298e-10 	3.03449e-09 	-1.58487e-09 	8.27755e-10
0.01      0.01    0.01    0.01    0.01    2.16 	0.0280781 	0.0193607 	0.0350892 	5.65377e-13 	-1.06884e-13 	-8.12594e-14 	1.50952e-13 	-1.31546e-14 	1.38573e-13 	8.33275e-09 	-1.66273e-08 	-5.50648e-10 	3.31785e-08 	1.09877e-09 	3.63881e-11
0.01      0.01    0.01    0.01    0.01    2.25 	0.0280781 	0.0193607 	0.0350892 	5.65377e-13 	-1.06884e-13 	-8.12594e-14 	1.50952e-13 	-1.31546e-14 	1.38573e-13 	8.33275e-09 	-1.66273e-08 	-5.50648e-10 	3.31785e-08 	1.09877e-09 	3.63881e-11
0.01      0.01    0.01    0.01    0.01    2.34 	0.0280781 	0.0193607 	0.0350892 	5.65377e-13 	-1.06884e-13 	-8.12594e-14 	1.50952e-13 	-1.31546e-14 	1.38573e-13 	8.33275e-09 	-1.66273e-08 	-5.50648e-10 	3.31785e-08 	1.09877e-09 	3.63881e-11
0.01      0.01    0.01    0.01    0.01    2.43 	0.0466105 	0.0389322 	0.0263877 	3.97843e-13 	-1.42305e-13 	-4.10839e-15 	1.55335e-13 	-2.01616e-14 	2.65862e-13 	4.96785e-09 	4.31337e-09 	3.08534e-09 	3.74512e-09 	2.67888e-09 	1.91619e-09
0.01      0.01    0.01    0.01    0.01    2.52 	0.0466105 	0.0389322 	0.0263877 	3.97843e-13 	-1.42305e-13 	-4.10839e-15 	1.55335e-13 	-2.01616e-14 	2.65862e-13 	4.96785e-09 	4.31337e-09 	3.08534e-09 	3.74512e-09 	2.67888e-09 	1.91619e-09
0.01      0.01    0.01    0.01    0.01    2.61 	0.104621 	-0.02551 	-0.0405959 	5.37277e-13 	-1.61142e-13 	-4.22814e-14 	2.10405e-13 	-5.38855e-15 	2.00046e-13 	4.71378e-09 	-1.30826e-09 	4.34778e-10 	3.63094e-10 	-1.20668e-10 	4.01019e-11
0.01      0.01    0.01    0.01    0.01    2.7 	0.104621 	-0.02551 	-0.0405959 	5.37277e-13 	-1.61142e-13 	-4.22814e-14 	2.10405e-13 	-5.38855e-15 	2.00046e-13 	4.71378e-09 	-1.30826e-09 	4.34778e-10 	3.63094e-10 	-1.20668e-10 	4.01019e-11
0.01      0.01    0.01    0.01    0.01    2.79 	0.118118 	-0.0139814 	-0.00917716 	7.11706e-13 	-2.81191e-13 	8.98087e-16 	3.38638e-13 	-7.97387e-14 	2.22522e-13 	4.36416e-09 	-6.02771e-09 	-4.68249e-09 	8.32539e-09 	6.46738e-09 	5.02404e-09
0.01      0.01    0.01    0.01    0.01    2.88 	0.118118 	-0.0139814 	-0.00917716 	7.11706e-13 	-2.81191e-13 	8.98087e-16 	3.38638e-13 	-7.97387e-14 	2.22522e-13 	4.36416e-09 	-6.02771e-09 	-4.68249e-09 	8.32539e-09 	6.46738e-09 	5.02404e-09
0.01      0.01    0.01    0.01    0.01    2.97 	0.109871 	0.0287106 	-0.0118605 	8.46537e-13 	-2.78912e-13 	8.00874e-14 	2.99881e-13 	-3.94524e-14 	1.83962e-13 	1.35612e-09 	-1.47829e-09 	-1.06682e-09 	1.61146e-09 	1.16292e-09 	8.3923e-10
0.01      0.01    0.01    0.01    0.01    3.06 	0.109871 	0.0287106 	-0.0118605 	8.46537e-13 	-2.78912e-13 	8.00874e-14 	2.99881e-13 	-3.94524e-14 	1.83962e-13 	1.35612e-09 	-1.47829e-09 	-1.06682e-09 	1.61146e-09 	1.16292e-09 	8.3923e-10
0.01      0.01    0.01    0.01    0.01    3.15 	0.12901 	0.0601306 	0.000153829 	6.1566e-13 	-1.5962e-13 	5.54289e-14 	1.81176e-13 	-3.72269e-14 	2.06596e-13 	4.55704e-09 	2.99032e-09 	3.29651e-09 	1.96225e-09 	2.16317e-09 	2.38466e-09
0.01      0.01    0.01    0.01    0.01    3.24 	0.12901 	0.0601306 	0.000153829 	6.1566e-13 	-1.5962e-13 	5.54289e-14 	1.81176e-13 	-3.72269e-14 	2.06596e-13 	4.55704e-09 	2.99032e-09 	3.29651e-09 	1.96225e-09 	2.16317e-09 	2.38466e-09
0.01      0.01    0.01    0.01    0.01    3.33 	0.0388389 	-0.0286607 	0.0159491 	4.82612e-13 	-2.49487e-13 	9.65799e-14 	2.52308e-13 	-5.64959e-14 	2.34394e-13 	7.6646e-10 	-7.72223e-10 	8.13582e-10 	7.78029e-10 	-8.19699e-10 	8.63601e-10
0.01      0.01    0.01    0.01    0.01    3.42 	0.0388389 	-0.0286607 	0.0159491 	4.82612e-13 	-2.49487e-13 	9.65799e-14 	2.52308e-13 	-5.64959e-14 	2.34394e-13 	7.6646e-10 	-7.72223e-10 	8.13582e-10 	7.78029e-10 	-8.19699e-10 	8.63601e-10
0.01      0.01    0.01    0.01    0.01    3.51 	0.0388389 	-0.0286607 	0.0159491 	4.82612e-13 	-2.49487e-13 	9.65799e-14 	2.52308e-13 	-5.64959e-14 	2.34394e-13 	7.6646e-10 	-7.72223e-10 	8.13582e-10 	7.78029e-10 	-8.19699e-10 	8.63601e-10
0.01      0.01    0.01    0.01    0.01    3.6 	0.0891488 	-0.00684652 	-0.0256802 	9.8566e-13 	-6.20206e-13 	2.56575e-13 	5.3033e-13 	-1.38171e-13 	1.96432e-13 	6.87791e-10 	9.56916e-10 	4.12605e-10 	1.33135e-09 	5.74053e-10 	2.47521e-10
0.01      0.01    0.01    0.01    0.01    3.69 	0.0891488 	-0.00684652 	-0.0256802 	9.8566e-13 	-6.20206e-13 	2.56575e-13 	5.3033e-13 	-1.38171e-13 	1.96432e-13 	6.87791e-10 	9.56916e-10 	4.12605e-10 	1.33135e-09 	5.74053e-10 	2.47521e-10
0.01      0.01    0.01    0.01    0.01    3.78 	0.0896809 	-0.00842043 	0.0450491 	4.74708e-13 	-2.26693e-13 	6.53565e-14 	2.47064e-13 	1.61423e-14 	1.83856e-13 	9.13548e-11 	3.60658e-10 	2.03309e-10 	1.42384e-09 	8.02642e-10 	4.52464e-10
0.01      0.01    0.01    0.01    0.01    3.87 	0.0896809 	-0.00842043 	0.0450491 	4.74708e-13 	-2.26693e-13 	6.53565e-14 	2.47064e-13 	1.61423e-14 	1.83856e-13 	9.13548e-11 	3.60658e-10 	2.03309e-10 	1.42384e-09 	8.02642e-10 	4.52464e-10
0.01      0.01    0.01    0.01    0.01    3.96 	0.112458 	0.0254365 	0.00830828 	4.72112e-13 	-1.88131e-13 	5.18145e-14 	1.40631e-13 	-2.06689e-15 	1.71501e-13 	6.09931e-10 	6.44564e-11 	-2.56751e-11 	6.81163e-12 	-2.7133e-12 	1.0808e-12
0.01      0.01    0.01    0.01    0.01    4.05 	0.112458 	0.0254365 	0.00830828 	4.72112e-13 	-1.88131e-13 	5.18145e-14 	1.40631e-13 	-2.06689e-15 	1.71501e-13 	6.09931e-10 	6.44564e-11 	-2.56751e-11 	6.81163e-12 	-2.7133e-12 	1.0808e-12
0.01      0.01    0.01    0.01    0.01    4.14 	0.12892 	-0.0100617 	-0.00655992 	6.20097e-13 	-3.51739e-13 	-1.48001e-14 	2.97345e-13 	5.08649e-14 	1.74171e-13 	1.32412e-09 	-1.18208e-09 	8.80164e-10 	1.05527e-09 	-7.85744e-10 	5.85059e-10
0.01      0.01    0.01    0.01    0.01    4.23 	0.12892 	-0.0100617 	-0.00655992 	6.20097e-13 	-3.51739e-13 	-1.48001e-14 	2.97345e-13 	5.08649e-14 	1.74171e-13 	1.32412e-09 	-1.18208e-09 	8.80164e-10 	1.05527e-09 	-7.85744e-10 	5.85059e-10
0.01      0.01    0.01    0.01    0.01    4.32 	-0.00302936 	0.0273643 	-0.00574766 	4.2996e-13 	-2.05061e-13 	-4.91956e-14 	2.22451e-13 	3.84073e-14 	2.12447e-13 	1.61228e-09 	-2.84851e-09 	-5.18185e-11 	5.0326e-09 	9.15504e-11 	1.66544e-12
0.01      0.01    0.01    0.01    0.01    4.41 	-0.00302936 	0.0273643 	-0.00574766 	4.2996e-13 	-2.05061e-13 	-4.91956e-14 	2.22451e-13 	3.84073e-14 	2.12447e-13 	1.61228e-09 	-2.84851e-09 	-5.18185e-11 	5.0326e-09 	9.15504e-11 	1.66544e-12
0.01      0.01    0.01    0.01    0.01    4.5 	-0.00302936 	0.0273643 	-0.00574766 	4.2996e-13 	-2.05061e-13 	-4.91956e-14 	2.22451e-13 	3.84073e-14 	2.12447e-13 	1.61228e-09 	-2.84851e-09 	-5.18185e-11 	5.0326e-09 	9.15504e-11 	1.66544e-12
0.02      0.02    0.02    0.02    0.02    0 	0.0938756 	0.034707 	-0.0150843 	4.83116e-13 	-2.15021e-13 	7.11307e-14 	2.32898e-13 	-3.51311e-14 	1.69579e-13 	5.70881e-10 	-7.55283e-10 	1.3043e-10 	1.00045e-09 	-1.729e-10 	2.99264e-11
0.02      0.02    0.02    0.02    0.02    0.09 	0.0938756 	0.034707 	-0.0150843 	4.83116e-13 	-2.15021e-13 	7.11307e-14 	2.32898e-13 	-3.51311e-14 	1.69579e-13 	5.70881e-10 	-7.55283e-10 	1.3043e-10 	1.00045e-09 	-1.729e-10 	2.99264e-11
0.02      0.02    0.02    0.02    0.02    0.18 	0.0938756 	0.034707 	-0.0150843 	4.83116e-13 	-2.15021e-13 	7.11307e-14 	2.32898e-13 	-3.51311e-14 	1.69579e-13 	5.70881e-10 	-7.55283e-10 	1.3043e-10 	1.00045e-09 	-1.729e-10 	2.99264e-11
0.02      0.02    0.02    0.02    0.02    0.27 	-0.000604352 	0.0582925 	0.0242579 	4.80889e-13 	-2.06212e-13 	-3.79347e-14 	3.18123e-13 	3.50352e-14 	1.54399e-13 	4.4899e-10 	2.13215e-09 	1.14163e-09 	1.01459e-08 	5.42613e-09 	2.90485e-09
0.02      0.02    0.02    0.02    0.02    0.36 	-0.000604352 	0.0582925 	0.0242579 	4.80889e-13 	-2.06212e-13 	-3.79347e-14 	3.18123e-13 	3.50352e-14 	1.54399e-13 	4.4899e-10 	2.13215e-09 	1.14163e-09 	1.01459e-08 	5.42613e-09 	2.90485e-09
0.02      0.02    0.02    0.02    0.02    0.45 	0.157072 	0.0124097 	0.0395783 	8.42139e-13 	-1.55574e-13 	2.92523e-13 	1.39237e-13 	4.01326e-14 	3.06406e-13 	9.61511e-09 	2.25389e-09 	-5.99561e-09 	5.33214e-10 	-1.40636e-09 	3.73899e-09
0.02      0.02    0.02    0.02    0.02    0.54 	0.157072 	0.0124097 	0.0395783 	8.42139e-13 	-1.55574e-13 	2.92523e-13 	1.39237e-13 	4.01326e-14 	3.06406e-13 	9.61511e-09 	2.25389e-09 	-5.99561e-09 	5.33214e-10 	-1.40636e-09 	3.73899e-09
0.02      0.02    0.02    0.02    0.02    0.63 	0.0879164 	-0.00207374 	-0.00670073 	7.24867e-13 	-1.42165e-13 	1.05748e-13 	1.56757e-13 	-7.16919e-15 	2.54426e-13 	9.53274e-09 	-1.01997e-09 	2.97861e-10 	1.09699e-10 	-3.2193e-11 	9.50455e-12
0.02      0.02    0.02    0.02    0.02    0.72 	0.0879164 	-0.00207374 	-0.00670073 	7.24867e-13 	-1.42165e-13 	1.05748e-13 	1.56757e-13 	-7.16919e-15 	2.54426e-13 	9.53274e-09 	-1.01997e-09 	2.97861e-10 	1.09699e-10 	-3.2193e-11 	9.50455e-12
0.02      0.02    0.02    0.02    0.02    0.81 	0.0633681 	0.0221015 	0.0204073 	6.55366e-13 	-2.08409e-13 	5.72087e-15 	2.24483e-13 	4.76125e-14 	1.96266e-13 	1.44774e-09 	-4.95058e-09 	1.64744e-09 	1.69294e-08 	-5.63399e-09 	1.87505e-09
0.02      0.02    0.02    0.02    0.02    0.9 	0.0633681 	0.0221015 	0.0204073 	6.55366e-13 	-2.08409e-13 	5.72087e-15 	2.24483e-13 	4.76125e-14 	1.96266e-13 	1.44774e-09 	-4.95058e-09 	1.64744e-09 	1.69294e-08 	-5.63399e-09 	1.87505e-09
0.02      0.02    0.02    0.02    0.02    0.99 	0.108376 	-0.0197417 	0.0137745 	5.82009e-13 	-1.24066e-13 	1.56998e-13 	2.00456e-13 	5.38435e-15 	2.18617e-13 	7.95427e-09 	7.60143e-10 	-1.29477e-09 	7.30665e-11 	-1.23143e-10 	2.12212e-10
0.02      0.02    0.02    0.02    0.02    1.08 	0.108376 	-0.0197417 	0.0137745 	5.82009e-13 	-1.24066e-13 	1.56998e-13 	2.00456e-13 	5.38435e-15 	2.18617e-13 	7.95427e-09 	7.60143e-10 	-1.29477e-09 	7.30665e-11 	-1.23143e-10 	2.12212e-10
0.02      0.02    0.02    0.02    0.02    1.17 	0.108376 	-0.0197417 	0.0137745 	5.82009e-13 	-1.24066e-13 	1.56998e-13 	2.00456e-13 	5.38435e-15 	2.18617e-13 	7.95427e-09 	7.60143e-10 	-1.29477e-09 	7.30665e-11 	-1.23143e-10 	2.12212e-10
0.02      0.02    0.02    0.02    0.02    1.26 	0.0550727 	-0.0138116 	-0.0409088 	4.4462e-13 	-2.20388e-13 	1.31771e-14 	3.24705e-13 	-1.14575e-14 	1.81944e-13 	3.84346e-09 	2.63576e-09 	6.0677e-09 	1.80824e-09 	4.1632e-09 	9.58581e-09
0.02      0.02    0.02    0.02    0.02    1.35 	0.0550727 	-0.0138116 	-0.0409088 	4.4462e-13 	-2.20388e-13 	1.31771e-14 	3.24705e-13 	-1.14575e-14 	1.81944e-13 	3.84346e-09 	2.63576e-09 	6.0677e-09 	1.80824e-09 	4.1632e-09 	9.58581e-09
0.02      0.02    0.02    0.02    0.02    1.44 	0.00206329 	0.0254102 	0.0137922 	5.52619e-13 	-2.73926e-13 	-2.29184e-14 	2.95463e-13 	3.45352e-14 	2.19754e-13 	7.92711e-09 	-8.87443e-09 	3.57341e-09 	9.93528e-09 	-4.00084e-09 	1.61137e-09
0.02      0.02    0.02    0.02    0.02    1.53 	0.00206329 	0.0254102 	0.0137922 	5.52619e-13 	-2.73926e-13 	-2.29184e-14 	2.95463e-13 	3.45352e-14 	2.19754e-13 	7.92711e-09 	-8.87443e-09 	3.57341e-09 	9.93528e-09 	-4.00084e-09 	1.61137e-09
0.02      0.02    0.02    0.02    0.02    1.62 	0.0203432 	0.0111153 	-0.0286552 	6.88528e-13 	-2.07962e-13 	-2.62198e-14 	2.0265e-13 	-6.2403e-14 	1.89013e-13 	1.13901e-08 	2.46744e-10 	4.0005e-09 	5.80469e-12 	8.60114e-11 	1.40601e-09
0.02      0.02    0.02    0.02    0.02    1.71 	0.0203432 	0.0111153 	-0.0286552 	6.88528e-13 	-2.07962e-13 	-2.62198e-14 	2.0265e-13 	-6.2403e-14 	1.89013e-13 	1.13901e-08 	2.46744e-10 	4.0005e-09 	5.80469e-12 	8.60114e-11 	1.40601e-09
0.02      0.02    0.02    0.02    0.02    1.8 	0.0893282 	0.0306696 	-0.0170353 	1.3097e-12 	-3.60625e-13 	-3.44664e-13 	2.26369e-13 	4.33515e-14 	1.41127e-13 	1.28762e-09 	5.26246e-10 	-1.76512e-09 	2.17413e-10 	-7.2418e-10 	2.42301e-09
0.02      0.02    0.02    0.02    0.02    1.89 	0.0893282 	0.0306696 	-0.0170353 	1.3097e-12 	-3.60625e-13 	-3.44664e-13 	2.26369e-13 	4.33515e-14 	1.41127e-13 	1.28762e-09 	5.26246e-10 	-1.76512e-09 	2.17413e-10 	-7.2418e-10 	2.42301e-09
0.02      0.02    0.02    0.02    0.02    1.98 	0.0937159 	-0.00493091 	0.0247431 	1.34709e-12 	-1.85286e-13 	-1.10191e-13 	2.21345e-13 	-4.71685e-15 	1.14994e-13 	2.54928e-10 	-1.98453e-09 	1.06675e-09 	1.56984e-08 	-8.42864e-09 	4.52581e-09
0.02      0.02    0.02    0.02    0.02    2.07 	0.0937159 	-0.00493091 	0.0247431 	1.34709e-12 	-1.85286e-13 	-1.10191e-13 	2.21345e-13 	-4.71685e-15 	1.14994e-13 	2.54928e-10 	-1.98453e-09 	1.06675e-09 	1.56984e-08 	-8.42864e-09 	4.52581e-09
0.02      0.02    0.02    0.02    0.02    2.16 	0.0277005 	0.0200898 	0.0351169 	5.65185e-13 	-1.06508e-13 	-8.13666e-14 	1.50847e-13 	-1.31617e-14 	1.38467e-13 	4.37715e-08 	-8.53833e-08 	-3.11863e-09 	1.66566e-07 	6.08216e-09 	2.22329e-10
0.02      0.02    0.02    0.02    0.02    2.25 	0.0277005 	0.0200898 	0.0351169 	5.65185e-13 	-1.06508e-13 	-8.13666e-14 	1.50847e-13 	-1.31617e-14 	1.38467e-13 	4.37715e-08 	-8.53833e-08 	-3.11863e-09 	1.66566e-07 	6.08216e-09 	2.22329e-10
0.02      0.02    0.02    0.02    0.02    2.34 	0.0277005 	0.0200898 	0.0351169 	5.65185e-13 	-1.06508e-13 	-8.13666e-14 	1.50847e-13 	-1.31617e-14 	1.38467e-13 	4.37715e-08 	-8.53833e-08 	-3.11863e-09 	1.66566e-07 	6.08216e-09 	2.22329e-10
0.02      0.02    0.02    0.02    0.02    2.43 	0.0469079 	0.0391914 	0.0265738 	3.97828e-13 	-1.42293e-13 	-4.2544e-15 	1.55328e-13 	-2.00179e-14 	2.6583e-13 	2.68875e-08 	2.33862e-08 	1.67777e-08 	2.03411e-08 	1.45931e-08 	1.04693e-08
0.02      0.02    0.02    0.02    0.02    2.52 	0.0469079 	0.0391914 	0.0265738 	3.97828e-13 	-1.42293e-13 	-4.2544e-15 	1.55328e-13 	-2.00179e-14 	2.6583e-13 	2.68875e-08 	2.33862e-08 	1.67777e-08 	2.03411e-08 	1.45931e-08 	1.04693e-08
0.02      0.02    0.02    0.02    0.02    2.61 	0.104333 	-0.0254204 	-0.0406266 	5.37087e-13 	-1.61047e-13 	-4.21481e-14 	2.10286e-13 	-5.41717e-15 	2.00042e-13 	2.52452e-08 	-7.5684e-09 	2.57435e-09 	2.27215e-09 	-7.72866e-10 	2.62908e-10
0.02      0.02    0.02    0.02    0.02    2.7 	0.104333 	-0.0254204 	-0.0406266 	5.37087e-13 	-1.61047e-13 	-4.21481e-14 	2.10286e-13 	-5.41717e-15 	2.00042e-13 	2.52452e-08 	-7.5684e-09 	2.57435e-09 	2.27215e-09 	-7.72866e-10 	2.62908e-10
0.02      0.02    0.02    0.02    0.02    2.79 	0.118381 	-0.0143396 	-0.00946537 	7.11991e-13 	-2.81273e-13 	9.15052e-16 	3.38929e-13 	-7.98443e-14 	2.22554e-13 	2.17448e-08 	-2.9776e-08 	-2.36855e-08 	4.07744e-08 	3.24328e-08 	2.58002e-08
0.02      0.02    0.02    0.02    0.02    2.88 	0.118381 	-0.0143396 	-0.00946537 	7.11991e-13 	-2.81273e-13 	9.15052e-16 	3.38929e-13 	-7.98443e-14 	2.22554e-13 	2.17448e-08 	-2.9776e-08 	-2.36855e-08 	4.07744e-08 	3.24328e-08 	2.58002e-08
0.02      0.02    0.02    0.02    0.02    2.97 	0.109704 	0.0288863 	-0.0117436 	8.46968e-13 	-2.78995e-13 	8.03244e-14 	2.99729e-13 	-3.96065e-14 	1.84052e-13 	8.04571e-09 	-8.5743e-09 	-5.84105e-09 	9.13807e-09 	6.22587e-09 	4.24345e-09
0.02      0.02    0.02    0.02    0.02    3.06 	0.109704 	0.0288863 	-0.0117436 	8.46968e-13 	-2.78995e-13 	8.03244e-14 	2.99729e-13 	-3.96065e-14 	1.84052e-13 	8.04571e-09 	-8.5743e-09 	-5.84105e-09 	9.13807e-09 	6.22587e-09 	4.24345e-09
0.02      0.02    0.02    0.02    0.02    3.15 	0.129282 	0.0603017 	0.00036059 	6.15691e-13 	-1.59942e-13 	5.58201e-14 	1.81302e-13 	-3.7282e-14 	2.06723e-13 	2.30293e-08 	1.47268e-08 	1.73078e-08 	9.41981e-09 	1.10676e-08 	1.30102e-08
0.02      0.02    0.02    0.02    0.02    3.24 	0.129282 	0.0603017 	0.00036059 	6.15691e-13 	-1.59942e-13 	5.58201e-14 	1.81302e-13 	-3.7282e-14 	2.06723e-13 	2.30293e-08 	1.47268e-08 	1.73078e-08 	9.41981e-09 	1.10676e-08 	1.30102e-08
0.02      0.02    0.02    0.02    0.02    3.33 	0.0387289 	-0.028549 	0.0158298 	4.82947e-13 	-2.49384e-13 	9.64922e-14 	2.52043e-13 	-5.62614e-14 	2.343e-13 	3.81632e-09 	-3.86032e-09 	4.11327e-09 	3.90502e-09 	-4.16084e-09 	4.43351e-09
0.02      0.02    0.02    0.02    0.02    3.42 	0.0387289 	-0.028549 	0.0158298 	4.82947e-13 	-2.49384e-13 	9.64922e-14 	2.52043e-13 	-5.62614e-14 	2.343e-13 	3.81632e-09 	-3.86032e-09 	4.11327e-09 	3.90502e-09 	-4.16084e-09 	4.43351e-09
0.02      0.02    0.02    0.02    0.02    3.51 	0.0387289 	-0.028549 	0.0158298 	4.82947e-13 	-2.49384e-13 	9.64922e-14 	2.52043e-13 	-5.62614e-14 	2.343e-13 	3.81632e-09 	-3.86032e-09 	4.11327e-09 	3.90502e-09 	-4.16084e-09 	4.43351e-09
0.02      0.02    0.02    0.02    0.02    3.6 	0.0890427 	-0.00699806 	-0.0257502 	9.86917e-13 	-6.20796e-13 	2.57617e-13 	5.30314e-13 	-1.38263e-13 	1.96366e-13 	3.51945e-09 	4.97094e-09 	2.26042e-09 	7.02253e-09 	3.19322e-09 	1.45251e-09
0.02      0.02    0.02    0.02    0.02    3.69 	0.0890427 	-0.00699806 	-0.0257502 	9.86917e-13 	-6.20796e-13 	2.57617e-13 	5.30314e-13 	-1.38263e-13 	1.96366e-13 	3.51945e-09 	4.97094e-09 	2.26042e-09 	7.02253e-09 	3.19322e-09 	1.45251e-09
0.02      0.02    0.02    0.02    0.02    3.78 	0.089723 	-0.00827371 	0.045128 	4.74848e-13 	-2.26801e-13 	6.52446e-14 	2.47026e-13 	1.61134e-14 	1.83842e-13 	5.21133e-10 	1.89373e-09 	1.03423e-09 	6.8915e-09 	3.76566e-09 	2.05804e-09
0.02      0.02    0.02    0.02    0.02    3.87 	0.089723 	-0.00827371 	0.045128 	4.74848e-13 	-2.26801e-13 	6.52446e-14 	2.47026e-13 	1.61134e-14 	1.83842e-13 	5.21133e-10 	1.89373e-09 	1.03423e-09 	6.8915e-09 	3.76566e-09 	2.05804e-09
0.02      0.02    0.02    0.02    0.02    3.96 	0.112567 	0.0254355 	0.0083014 	4.7189e-13 	-1.88019e-13 	5.17366e-14 	1.40485e-13 	-1.96156e-15 	1.71577e-13 	3.52391e-09 	8.45499e-11 	-1.95759e-10 	4.94353e-12 	-3.94227e-12 	1.11538e-11
0.02      0.02    0.02    0.02    0.02    4.05 	0.112567 	0.0254355 	0.0083014 	4.7189e-13 	-1.88019e-13 	5.17366e-14 	1.40485e-13 	-1.96156e-15 	1.71577e-13 	3.52391e-09 	8.45499e-11 	-1.95759e-10 	4.94353e-12 	-3.94227e-12 	1.11538e-11
0.02      0.02    0.02    0.02    0.02    4.14 	0.129072 	-0.0101815 	-0.00644751 	6.19806e-13 	-3.51721e-13 	-1.4747e-14 	2.97503e-13 	5.09102e-14 	1.74229e-13 	7.02253e-09 	-5.76165e-09 	5.04319e-09 	4.73165e-09 	-4.13415e-09 	3.62462e-09
0.02      0.02    0.02    0.02    0.02    4.23 	0.129072 	-0.0101815 	-0.00644751 	6.19806e-13 	-3.51721e-13 	-1.4747e-14 	2.97503e-13 	5.09102e-14 	1.74229e-13 	7.02253e-09 	-5.76165e-09 	5.04319e-09 	4.73165e-09 	-4.13415e-09 	3.62462e-09
0.02      0.02    0.02    0.02    0.02    4.32 	-0.00286992 	0.0270799 	-0.00573404 	4.30048e-13 	-2.05051e-13 	-4.9084e-14 	2.22346e-13 	3.83231e-14 	2.12405e-13 	8.01084e-09 	-1.42415e-08 	3.70232e-10 	2.53185e-08 	-6.59714e-10 	2.64911e-11
0.02      0.02    0.02    0.02    0.02    4.41 	-0.00286992 	0.0270799 	-0.00573404 	4.30048e-13 	-2.05051e-13 	-4.9084e-14 	2.22346e-13 	3.83231e-14 	2.12405e-13 	8.01084e-09 	-1.42415e-08 	3.70232e-10 	2.53185e-08 	-6.59714e-10 	2.64911e-11
0.02      0.02    0.02    0.02    0.02    4.5 	-0.00286992 	0.0270799 	-0.00573404 	4.30048e-13 	-2.05051e-13 	-4.9084e-14 	2.22346e-13 	3.83231e-14 	2.12405e-13 	8.01084e-09 	-1.42415e-08 	3.70232e-10 	2.53185e-08 	-6.59714e-10 	2.64911e-11
0.03      0.03    0.03    0.03    0.03    0 	0.0938399 	0.0347308 	-0.0150841 	4.82901e-13 	-2.15139e-13 	7.11403e-14 	2.33146e-13 	-3.51027e-14 	1.69477e-13 	1.13294e-09 	-1.27297e-09 	1.7526e-10 	1.46201e-09 	-2.08395e-10 	3.12929e-11
0.03      0.03    0.03    0.03    0.03    0.09 	0.0938399 	0.0347308 	-0.0150841 	4.82901e-13 	-2.15139e-13 	7.11403e-14 	2.33146e-13 	-3.51027e-14 	1.69477e-13 	1.13294e-09 	-1.27297e-09 	1.7526e-10 	1.46201e-09 	-2.08395e-10 	3.12929e-11
0.03      0.03    0.03    0.03    0.03    0.18 	0.0938399 	0.0347308 	-0.0150841 	4.82901e-13 	-2.15139e-13 	7.11403e-14 	2.33146e-13 	-3.51027e-14 	1.69477e-13 	1.13294e-09 	-1.27297e-09 	1.7526e-10 	1.46201e-09 	-2.08395e-10 	3.12929e-11
0.03      0.03    0.03    0.03    0.03    0.27 	-0.000657518 	0.0581475 	0.0241619 	4.81094e-13 	-2.06352e-13 	-3.78768e-14 	3.18232e-13 	3.49445e-14 	1.54374e-13 	1.39505e-09 	5.28064e-09 	3.07412e-09 	2.04493e-08 	1.18011e-08 	6.83407e-09
0.03      0.03    0.03    0.03    0.03    0.36 	-0.000657518 	0.0581475 	0.0241619 	4.81094e-13 	-2.06352e-13 	-3.78768e-14 	3.18232e-13 	3.49445e-14 	1.54374e-13 	1.39505e-09 	5.28064e-09 	3.07412e-09 	2.04493e-08 	1.18011e-08 	6.83407e-09
0.03      0.03    0.03    0.03    0.03    0.45 	0.156907 	0.0123983 	0.0396886 	8.41339e-13 	-1.55494e-13 	2.92122e-13 	1.39259e-13 	4.01685e-14 	3.06358e-13 	2.15594e-08 	3.71484e-09 	-1.37281e-08 	6.85608e-10 	-2.35584e-09 	8.74433e-09
0.03      0.03    0.03    0.03    0.03    0.54 	0.156907 	0.0123983 	0.0396886 	8.41339e-13 	-1.55494e-13 	2.92122e-13 	1.39259e-13 	4.01685e-14 	3.06358e-13 	2.15594e-08 	3.71484e-09 	-1.37281e-08 	6.85608e-10 	-2.35584e-09 	8.74433e-09
0.03      0.03    0.03    0.03    0.03    0.63 	0.0877512 	-0.00206232 	-0.00670466 	7.24926e-13 	-1.42188e-13 	1.05798e-13 	1.56708e-13 	-7.21041e-15 	2.54518e-13 	2.16481e-08 	-1.99422e-09 	5.98645e-10 	1.86379e-10 	-5.58772e-11 	1.68062e-11
0.03      0.03    0.03    0.03    0.03    0.72 	0.0877512 	-0.00206232 	-0.00670466 	7.24926e-13 	-1.42188e-13 	1.05798e-13 	1.56708e-13 	-7.21041e-15 	2.54518e-13 	2.16481e-08 	-1.99422e-09 	5.98645e-10 	1.86379e-10 	-5.58772e-11 	1.68062e-11
0.03      0.03    0.03    0.03    0.03    0.81 	0.0634254 	0.0218927 	0.0204863 	6.55496e-13 	-2.08505e-13 	5.79128e-15 	2.24537e-13 	4.7545e-14 	1.96197e-13 	3.01978e-09 	-1.05383e-08 	3.66075e-09 	3.67854e-08 	-1.27853e-08 	4.44881e-09
0.03      0.03    0.03    0.03    0.03    0.9 	0.0634254 	0.0218927 	0.0204863 	6.55496e-13 	-2.08505e-13 	5.79128e-15 	2.24537e-13 	4.7545e-14 	1.96197e-13 	3.01978e-09 	-1.05383e-08 	3.66075e-09 	3.67854e-08 	-1.27853e-08 	4.44881e-09
0.03      0.03    0.03    0.03    0.03    0.99 	0.108212 	-0.0197488 	0.0137927 	5.81487e-13 	-1.23894e-13 	1.56955e-13 	2.0031e-13 	5.36215e-15 	2.187e-13 	1.90917e-08 	1.49573e-09 	-2.67408e-09 	1.21052e-10 	-2.12691e-10 	3.79663e-10
0.03      0.03    0.03    0.03    0.03    1.08 	0.108212 	-0.0197488 	0.0137927 	5.81487e-13 	-1.23894e-13 	1.56955e-13 	2.0031e-13 	5.36215e-15 	2.187e-13 	1.90917e-08 	1.49573e-09 	-2.67408e-09 	1.21052e-10 	-2.12691e-10 	3.79663e-10
0.03      0.03    0.03    0.03    0.03    1.17 	0.108212 	-0.0197488 	0.0137927 	5.81487e-13 	-1.23894e-13 	1.56955e-13 	2.0031e-13 	5.36215e-15 	2.187e-13 	1.90917e-08 	1.49573e-09 	-2.67408e-09 	1.21052e-10 	-2.12691e-10 	3.79663e-10
0.03      0.03    0.03    0.03    0.03    1.26 	0.0549751 	-0.0138866 	-0.0410812 	4.44751e-13 	-2.20339e-13 	1.33347e-14 	3.24642e-13 	-1.1514e-14 	1.81999e-13 	8.14937e-09 	5.83882e-09 	1.34534e-08 	4.18783e-09 	9.64978e-09 	2.22359e-08
0.03      0.03    0.03    0.03    0.03    1.35 	0.0549751 	-0.0138866 	-0.0410812 	4.44751e-13 	-2.20339e-13 	1.33347e-14 	3.24642e-13 	-1.1514e-14 	1.81999e-13 	8.14937e-09 	5.83882e-09 	1.34534e-08 	4.18783e-09 	9.64978e-09 	2.22359e-08
0.03      0.03    0.03    0.03    0.03    1.44 	0.00220665 	0.0252472 	0.0138661 	5.53316e-13 	-2.74201e-13 	-2.27991e-14 	2.95649e-13 	3.44196e-14 	2.19737e-13 	1.73048e-08 	-1.95026e-08 	8.20345e-09 	2.19801e-08 	-9.24706e-09 	3.89424e-09
0.03      0.03    0.03    0.03    0.03    1.53 	0.00220665 	0.0252472 	0.0138661 	5.53316e-13 	-2.74201e-13 	-2.27991e-14 	2.95649e-13 	3.44196e-14 	2.19737e-13 	1.73048e-08 	-1.95026e-08 	8.20345e-09 	2.19801e-08 	-9.24706e-09 	3.89424e-09
0.03      0.03    0.03    0.03    0.03    1.62 	0.0201806 	0.0111173 	-0.0287213 	6.88492e-13 	-2.07814e-13 	-2.61465e-14 	2.02493e-13 	-6.23909e-14 	1.8908e-13 	2.37989e-08 	2.20732e-10 	8.82122e-09 	4.32862e-12 	7.82412e-11 	3.27526e-09
0.03      0.03    0.03    0.03    0.03    1.71 	0.0201806 	0.0111173 	-0.0287213 	6.88492e-13 	-2.07814e-13 	-2.61465e-14 	2.02493e-13 	-6.23909e-14 	1.8908e-13 	2.37989e-08 	2.20732e-10 	8.82122e-09 	4.32862e-12 	7.82412e-11 	3.27526e-09
0.03      0.03    0.03    0.03    0.03    1.8 	0.0893833 	0.0307128 	-0.0171337 	1.30992e-12 	-3.60496e-13 	-3.44567e-13 	2.26381e-13 	4.30617e-14 	1.41151e-13 	2.69099e-09 	1.44899e-09 	-4.07753e-09 	8.07612e-10 	-2.226e-09 	6.21229e-09
0.03      0.03    0.03    0.03    0.03    1.89 	0.0893833 	0.0307128 	-0.0171337 	1.30992e-12 	-3.60496e-13 	-3.44567e-13 	2.26381e-13 	4.30617e-14 	1.41151e-13 	2.69099e-09 	1.44899e-09 	-4.07753e-09 	8.07612e-10 	-2.226e-09 	6.21229e-09
0.03      0.03    0.03    0.03    0.03    1.98 	0.0936994 	-0.00470043 	0.0246212 	1.34673e-12 	-1.84724e-13 	-1.10528e-13 	2.21509e-13 	-4.67236e-15 	1.14884e-13 	4.63054e-10 	-4.12157e-09 	2.20797e-09 	3.7512e-08 	-2.0077e-08 	1.0746e-08
0.03      0.03    0.03    0.03    0.03    2.07 	0.0936994 	-0.00470043 	0.0246212 	1.34673e-12 	-1.84724e-13 	-1.10528e-13 	2.21509e-13 	-4.67236e-15 	1.14884e-13 	4.63054e-10 	-4.12157e-09 	2.20797e-09 	3.7512e-08 	-2.0077e-08 	1.0746e-08
0.03      0.03    0.03    0.03    0.03    2.16 	0.0273489 	0.0207544 	0.0351397 	5.64993e-13 	-1.06133e-13 	-8.14748e-14 	1.50747e-13 	-1.31687e-14 	1.38366e-13 	9.80811e-08 	-1.88919e-07 	-6.82667e-09 	3.63923e-07 	1.31508e-08 	4.75509e-10
0.03      0.03    0.03    0.03    0.03    2.25 	0.0273489 	0.0207544 	0.0351397 	5.64993e-13 	-1.06133e-13 	-8.14748e-14 	1.50747e-13 	-1.31687e-14 	1.38366e-13 	9.80811e-08 	-1.88919e-07 	-6.82667e-09 	3.63923e-07 	1.31508e-08 	4.75509e-10
0.03      0.03    0.03    0.03    0.03    2.34 	0.0273489 	0.0207544 	0.0351397 	5.64993e-13 	-1.06133e-13 	-8.14748e-14 	1.50747e-13 	-1.31687e-14 	1.38366e-13 	9.80811e-08 	-1.88919e-07 	-6.82667e-09 	3.63923e-07 	1.31508e-08 	4.75509e-10
0.03      0.03    0.03    0.03    0.03    2.43 	0.0471709 	0.0394306 	0.0267441 	3.97817e-13 	-1.4228e-13 	-4.39998e-15 	1.55323e-13 	-1.98734e-14 	2.658e-13 	5.85151e-08 	5.16809e-08 	3.69869e-08 	4.56512e-08 	3.26708e-08 	2.33814e-08
0.03      0.03    0.03    0.03    0.03    2.52 	0.0471709 	0.0394306 	0.0267441 	3.97817e-13 	-1.4228e-13 	-4.39998e-15 	1.55323e-13 	-1.98734e-14 	2.658e-13 	5.85151e-08 	5.16809e-08 	3.69869e-08 	4.56512e-08 	3.26708e-08 	2.33814e-08
0.03      0.03    0.03    0.03    0.03    2.61 	0.104059 	-0.0253174 	-0.0406573 	5.36895e-13 	-1.60952e-13 	-4.20152e-14 	2.10168e-13 	-5.44492e-15 	2.00039e-13 	5.77418e-08 	-1.89922e-08 	6.15489e-09 	6.27303e-09 	-2.02866e-09 	6.56862e-10
0.03      0.03    0.03    0.03    0.03    2.7 	0.104059 	-0.0253174 	-0.0406573 	5.36895e-13 	-1.60952e-13 	-4.20152e-14 	2.10168e-13 	-5.44492e-15 	2.00039e-13 	5.77418e-08 	-1.89922e-08 	6.15489e-09 	6.27303e-09 	-2.02866e-09 	6.56862e-10
0.03      0.03    0.03    0.03    0.03    2.79 	0.11862 	-0.0146532 	-0.00972391 	7.12267e-13 	-2.81352e-13 	9.3204e-16 	3.39215e-13 	-7.99496e-14 	2.22584e-13 	4.72781e-08 	-6.378e-08 	-5.14651e-08 	8.60531e-08 	6.9429e-08 	5.60237e-08
0.03      0.03    0.03    0.03    0.03    2.88 	0.11862 	-0.0146532 	-0.00972391 	7.12267e-13 	-2.81352e-13 	9.3204e-16 	3.39215e-13 	-7.99496e-14 	2.22584e-13 	4.72781e-08 	-6.378e-08 	-5.14651e-08 	8.60531e-08 	6.9429e-08 	5.60237e-08
0.03      0.03    0.03    0.03    0.03    2.97 	0.109546 	0.0290597 	-0.0116246 	8.4739e-13 	-2.79077e-13 	8.05593e-14 	2.99578e-13 	-3.976e-14 	1.84141e-13 	1.89085e-08 	-2.0303e-08 	-1.37924e-08 	2.18013e-08 	1.48109e-08 	1.00633e-08
0.03      0.03    0.03    0.03    0.03    3.06 	0.109546 	0.0290597 	-0.0116246 	8.4739e-13 	-2.79077e-13 	8.05593e-14 	2.99578e-13 	-3.976e-14 	1.84141e-13 	1.89085e-08 	-2.0303e-08 	-1.37924e-08 	2.18013e-08 	1.48109e-08 	1.00633e-08
0.03      0.03    0.03    0.03    0.03    3.15 	0.129539 	0.0604421 	0.000528218 	6.1572e-13 	-1.60263e-13 	5.62084e-14 	1.81429e-13 	-3.73366e-14 	2.0685e-13 	5.17106e-08 	3.13098e-08 	3.71768e-08 	1.89906e-08 	2.25416e-08 	2.67624e-08
0.03      0.03    0.03    0.03    0.03    3.24 	0.129539 	0.0604421 	0.000528218 	6.1572e-13 	-1.60263e-13 	5.62084e-14 	1.81429e-13 	-3.73366e-14 	2.0685e-13 	5.17106e-08 	3.13098e-08 	3.71768e-08 	1.89906e-08 	2.25416e-08 	2.67624e-08
0.03      0.03    0.03    0.03    0.03    3.33 	0.0386257 	-0.0284478 	0.0157238 	4.83283e-13 	-2.4928e-13 	9.64063e-14 	2.5178e-13 	-5.60282e-14 	2.34209e-13 	8.43338e-09 	-8.47434e-09 	8.9695e-09 	8.51621e-09 	-9.01405e-09 	9.54128e-09
0.03      0.03    0.03    0.03    0.03    3.42 	0.0386257 	-0.0284478 	0.0157238 	4.83283e-13 	-2.4928e-13 	9.64063e-14 	2.5178e-13 	-5.60282e-14 	2.34209e-13 	8.43338e-09 	-8.47434e-09 	8.9695e-09 	8.51621e-09 	-9.01405e-09 	9.54128e-09
0.03      0.03    0.03    0.03    0.03    3.51 	0.0386257 	-0.0284478 	0.0157238 	4.83283e-13 	-2.4928e-13 	9.64063e-14 	2.5178e-13 	-5.60282e-14 	2.34209e-13 	8.43338e-09 	-8.47434e-09 	8.9695e-09 	8.51621e-09 	-9.01405e-09 	9.54128e-09
0.03      0.03    0.03    0.03    0.03    3.6 	0.088953 	-0.0071449 	-0.0258057 	9.88162e-13 	-6.21373e-13 	2.58651e-13 	5.30295e-13 	-1.38351e-13 	1.96303e-13 	7.32023e-09 	1.08881e-08 	4.67176e-09 	1.62199e-08 	6.94723e-09 	2.98223e-09
0.03      0.03    0.03    0.03    0.03    3.69 	0.088953 	-0.0071449 	-0.0258057 	9.88162e-13 	-6.21373e-13 	2.58651e-13 	5.30295e-13 	-1.38351e-13 	1.96303e-13 	7.32023e-09 	1.08881e-08 	4.67176e-09 	1.62199e-08 	6.94723e-09 	2.98223e-09
0.03      0.03    0.03    0.03    0.03    3.78 	0.0897652 	-0.00815001 	0.0451892 	4.74989e-13 	-2.2691e-13 	6.51309e-14 	2.46989e-13 	1.60846e-14 	1.83831e-13 	1.26249e-09 	4.21761e-09 	2.22606e-09 	1.41443e-08 	7.47796e-09 	3.95641e-09
0.03      0.03    0.03    0.03    0.03    3.87 	0.0897652 	-0.00815001 	0.0451892 	4.74989e-13 	-2.2691e-13 	6.51309e-14 	2.46989e-13 	1.60846e-14 	1.83831e-13 	1.26249e-09 	4.21761e-09 	2.22606e-09 	1.41443e-08 	7.47796e-09 	3.95641e-09
0.03      0.03    0.03    0.03    0.03    3.96 	0.112664 	0.025433 	0.00828805 	4.71674e-13 	-1.87906e-13 	5.16578e-14 	1.40347e-13 	-1.85647e-15 	1.71658e-13 	7.84191e-09 	-1.17922e-12 	-6.64239e-10 	3.91332e-12 	3.06504e-12 	5.99971e-11
0.03      0.03    0.03    0.03    0.03    4.05 	0.112664 	0.025433 	0.00828805 	4.71674e-13 	-1.87906e-13 	5.16578e-14 	1.40347e-13 	-1.85647e-15 	1.71658e-13 	7.84191e-09 	-1.17922e-12 	-6.64239e-10 	3.91332e-12 	3.06504e-12 	5.99971e-11
0.03      0.03    0.03    0.03    0.03    4.14 	0.129212 	-0.0102947 	-0.00633766 	6.19517e-13 	-3.51699e-13 	-1.46936e-14 	2.97667e-13 	5.09549e-14 	1.74293e-13 	1.56938e-08 	-1.27169e-08 	1.1698e-08 	1.03084e-08 	-9.47498e-09 	8.72694e-09
0.03      0.03    0.03    0.03    0.03    4.23 	0.129212 	-0.0102947 	-0.00633766 	6.19517e-13 	-3.51699e-13 	-1.46936e-14 	2.97667e-13 	5.09549e-14 	1.74293e-13 	1.56938e-08 	-1.27169e-08 	1.1698e-08 	1.03084e-08 	-9.47498e-09 	8.72694e-09
0.03      0.03    0.03    0.03    0.03    4.32 	-0.00272612 	0.0268239 	-0.00570369 	4.30139e-13 	-2.0504e-13 	-4.89728e-14 	2.22244e-13 	3.82393e-14 	2.12365e-13 	1.73224e-08 	-3.08494e-08 	1.89362e-09 	5.494e-08 	-3.37433e-09 	2.48352e-10
0.03      0.03    0.03    0.03    0.03    4.41 	-0.00272612 	0.0268239 	-0.00570369 	4.30139e-13 	-2.0504e-13 	-4.89728e-14 	2.22244e-13 	3.82393e-14 	2.12365e-13 	1.73224e-08 	-3.08494e-08 	1.89362e-09 	5.494e-08 	-3.37433e-09 	2.48352e-10
0.03      0.03    0.03    0.03    0.03    4.5 	-0.00272612 	0.0268239 	-0.00570369 	4.30139e-13 	-2.0504e-13 	-4.89728e-14 	2.22244e-13 	3.82393e-14 	2.12365e-13 	1.73224e-08 	-3.08494e-08 	1.89362e-09 	5.494e-08 	-3.37433e-09 	2.48352e-10
