0.01    0.01    0.01    0.01    0.01    0 	0.152695 	0.0059723 	0.000262718 	4.48693e-13 	-1.18286e-13 	1.10932e-13 	1.18366e-13 	-3.6913e-14 	1.83198e-13 	1.18739e-10 	-1.80789e-11 	-2.15584e-10 	2.75266e-12 	3.28243e-11 	3.91416e-10
0.01    0.01    0.01    0.01    0.01    0.09 	0.152695 	0.0059723 	0.000262718 	4.48693e-13 	-1.18286e-13 	1.10932e-13 	1.18366e-13 	-3.6913e-14 	1.83198e-13 	1.18739e-10 	-1.80789e-11 	-2.15584e-10 	2.75266e-12 	3.28243e-11 	3.91416e-10
0.01    0.01    0.01    0.01    0.01    0.18 	0.152695 	0.0059723 	0.000262718 	4.48693e-13 	-1.18286e-13 	1.10932e-13 	1.18366e-13 	-3.6913e-14 	1.83198e-13 	1.18739e-10 	-1.80789e-11 	-2.15584e-10 	2.75266e-12 	3.28243e-11 	3.91416e-10
0.01    0.01    0.01    0.01    0.01    0.27 	0.173278 	-0.00188439 	-0.00865897 	3.94154e-13 	-9.96777e-14 	3.54548e-14 	1.39326e-13 	-1.3771e-15 	1.20176e-13 	1.03386e-10 	4.8389e-11 	1.32279e-10 	2.26481e-11 	6.19121e-11 	1.69246e-10
0.01    0.01    0.01    0.01    0.01    0.36 	0.173278 	-0.00188439 	-0.00865897 	3.94154e-13 	-9.96777e-14 	3.54548e-14 	1.39326e-13 	-1.3771e-15 	1.20176e-13 	1.03386e-10 	4.8389e-11 	1.32279e-10 	2.26481e-11 	6.19121e-11 	1.69246e-10
0.01    0.01    0.01    0.01    0.01    0.45 	0.150709 	0.00313392 	0.0108291 	3.19315e-13 	-5.14611e-14 	5.55735e-14 	1.33224e-13 	-1.09288e-14 	1.29392e-13 	1.33739e-11 	-5.74014e-13 	6.3827e-11 	2.46369e-14 	-2.73947e-12 	3.04613e-10
0.01    0.01    0.01    0.01    0.01    0.54 	0.150709 	0.00313392 	0.0108291 	3.19315e-13 	-5.14611e-14 	5.55735e-14 	1.33224e-13 	-1.09288e-14 	1.29392e-13 	1.33739e-11 	-5.74014e-13 	6.3827e-11 	2.46369e-14 	-2.73947e-12 	3.04613e-10
0.01    0.01    0.01    0.01    0.01    0.63 	0.145482 	-0.0156358 	-0.00854584 	4.2528e-13 	-1.32412e-13 	4.79206e-14 	2.11946e-13 	-2.10743e-14 	1.32081e-13 	9.67048e-10 	-2.27119e-10 	-4.10254e-10 	5.33407e-11 	9.63515e-11 	1.74043e-10
0.01    0.01    0.01    0.01    0.01    0.72 	0.145482 	-0.0156358 	-0.00854584 	4.2528e-13 	-1.32412e-13 	4.79206e-14 	2.11946e-13 	-2.10743e-14 	1.32081e-13 	9.67048e-10 	-2.27119e-10 	-4.10254e-10 	5.33407e-11 	9.63515e-11 	1.74043e-10
0.01    0.01    0.01    0.01    0.01    0.81 	0.140289 	-0.00614825 	-0.00143345 	3.03237e-13 	-8.14749e-14 	4.89478e-14 	1.92837e-13 	-6.59336e-14 	1.13534e-13 	2.2659e-14 	-1.92928e-12 	1.58786e-12 	1.64265e-10 	-1.35195e-10 	1.11269e-10
0.01    0.01    0.01    0.01    0.01    0.9 	0.140289 	-0.00614825 	-0.00143345 	3.03237e-13 	-8.14749e-14 	4.89478e-14 	1.92837e-13 	-6.59336e-14 	1.13534e-13 	2.2659e-14 	-1.92928e-12 	1.58786e-12 	1.64265e-10 	-1.35195e-10 	1.11269e-10
0.01    0.01    0.01    0.01    0.01    0.99 	0.138345 	-0.017959 	0.00228353 	2.87242e-13 	-8.37261e-14 	2.30382e-14 	1.26622e-13 	-1.55643e-14 	1.25264e-13 	6.5395e-10 	-1.71615e-10 	-3.85124e-10 	4.50364e-11 	1.01067e-10 	2.26807e-10
0.01    0.01    0.01    0.01    0.01    1.08 	0.138345 	-0.017959 	0.00228353 	2.87242e-13 	-8.37261e-14 	2.30382e-14 	1.26622e-13 	-1.55643e-14 	1.25264e-13 	6.5395e-10 	-1.71615e-10 	-3.85124e-10 	4.50364e-11 	1.01067e-10 	2.26807e-10
0.01    0.01    0.01    0.01    0.01    1.17 	0.138345 	-0.017959 	0.00228353 	2.87242e-13 	-8.37261e-14 	2.30382e-14 	1.26622e-13 	-1.55643e-14 	1.25264e-13 	6.5395e-10 	-1.71615e-10 	-3.85124e-10 	4.50364e-11 	1.01067e-10 	2.26807e-10
0.01    0.01    0.01    0.01    0.01    1.26 	0.139852 	0.00235247 	0.0106994 	2.36913e-13 	-5.58863e-14 	2.00116e-14 	1.0343e-13 	-2.126e-14 	1.73254e-13 	5.9874e-13 	-6.71659e-12 	-3.81634e-12 	7.53464e-11 	4.28115e-11 	2.43253e-11
0.01    0.01    0.01    0.01    0.01    1.35 	0.139852 	0.00235247 	0.0106994 	2.36913e-13 	-5.58863e-14 	2.00116e-14 	1.0343e-13 	-2.126e-14 	1.73254e-13 	5.9874e-13 	-6.71659e-12 	-3.81634e-12 	7.53464e-11 	4.28115e-11 	2.43253e-11
0.01    0.01    0.01    0.01    0.01    1.44 	0.135525 	-0.00652225 	0.00307023 	3.08044e-13 	-1.29757e-13 	7.67467e-14 	1.61817e-13 	-6.72284e-14 	1.44608e-13 	2.74221e-12 	-3.63555e-11 	5.89321e-12 	4.81991e-10 	-7.81306e-11 	1.2665e-11
0.01    0.01    0.01    0.01    0.01    1.53 	0.135525 	-0.00652225 	0.00307023 	3.08044e-13 	-1.29757e-13 	7.67467e-14 	1.61817e-13 	-6.72284e-14 	1.44608e-13 	2.74221e-12 	-3.63555e-11 	5.89321e-12 	4.81991e-10 	-7.81306e-11 	1.2665e-11
0.01    0.01    0.01    0.01    0.01    1.62 	0.134337 	7.97271e-05 	0.0137096 	3.07758e-13 	-2.54966e-14 	1.11218e-14 	1.93424e-13 	-1.12289e-14 	8.40583e-14 	1.43548e-09 	1.16214e-09 	9.30929e-11 	9.40847e-10 	7.53664e-11 	6.03722e-12
0.01    0.01    0.01    0.01    0.01    1.71 	0.134337 	7.97271e-05 	0.0137096 	3.07758e-13 	-2.54966e-14 	1.11218e-14 	1.93424e-13 	-1.12289e-14 	8.40583e-14 	1.43548e-09 	1.16214e-09 	9.30929e-11 	9.40847e-10 	7.53664e-11 	6.03722e-12
0.01    0.01    0.01    0.01    0.01    1.8 	0.129806 	0.0075233 	0.0267884 	2.95582e-13 	-4.78068e-14 	-2.06996e-17 	1.22589e-13 	-2.36857e-14 	1.30751e-13 	5.12768e-11 	-4.2132e-11 	-2.05701e-10 	3.4618e-11 	1.69016e-10 	8.2519e-10
0.01    0.01    0.01    0.01    0.01    1.89 	0.129806 	0.0075233 	0.0267884 	2.95582e-13 	-4.78068e-14 	-2.06996e-17 	1.22589e-13 	-2.36857e-14 	1.30751e-13 	5.12768e-11 	-4.2132e-11 	-2.05701e-10 	3.4618e-11 	1.69016e-10 	8.2519e-10
0.01    0.01    0.01    0.01    0.01    1.98 	0.159485 	-0.0104734 	0.00339473 	2.88593e-13 	-3.52916e-14 	-6.22577e-14 	7.77343e-14 	-9.7872e-15 	2.06991e-13 	3.62717e-10 	-2.95593e-11 	-1.56878e-10 	2.40891e-12 	1.27846e-11 	6.78508e-11
0.01    0.01    0.01    0.01    0.01    2.07 	0.159485 	-0.0104734 	0.00339473 	2.88593e-13 	-3.52916e-14 	-6.22577e-14 	7.77343e-14 	-9.7872e-15 	2.06991e-13 	3.62717e-10 	-2.95593e-11 	-1.56878e-10 	2.40891e-12 	1.27846e-11 	6.78508e-11
0.01    0.01    0.01    0.01    0.01    2.16 	0.155604 	-0.00145789 	-0.00203606 	2.39055e-13 	-3.81814e-14 	-2.52279e-14 	7.91784e-14 	1.06098e-14 	1.45582e-13 	1.15214e-11 	3.56913e-12 	-6.36771e-11 	1.10566e-12 	-1.97261e-11 	3.51934e-10
0.01    0.01    0.01    0.01    0.01    2.25 	0.155604 	-0.00145789 	-0.00203606 	2.39055e-13 	-3.81814e-14 	-2.52279e-14 	7.91784e-14 	1.06098e-14 	1.45582e-13 	1.15214e-11 	3.56913e-12 	-6.36771e-11 	1.10566e-12 	-1.97261e-11 	3.51934e-10
0.01    0.01    0.01    0.01    0.01    2.34 	0.155604 	-0.00145789 	-0.00203606 	2.39055e-13 	-3.81814e-14 	-2.52279e-14 	7.91784e-14 	1.06098e-14 	1.45582e-13 	1.15214e-11 	3.56913e-12 	-6.36771e-11 	1.10566e-12 	-1.97261e-11 	3.51934e-10
0.01    0.01    0.01    0.01    0.01    2.43 	0.16174 	-0.00506331 	-0.00743246 	2.54348e-13 	-2.85962e-14 	-2.69633e-14 	8.99914e-14 	5.53393e-15 	9.9976e-14 	2.05214e-10 	-1.48526e-10 	2.02445e-12 	1.07498e-10 	-1.46522e-12 	1.99714e-14
0.01    0.01    0.01    0.01    0.01    2.52 	0.16174 	-0.00506331 	-0.00743246 	2.54348e-13 	-2.85962e-14 	-2.69633e-14 	8.99914e-14 	5.53393e-15 	9.9976e-14 	2.05214e-10 	-1.48526e-10 	2.02445e-12 	1.07498e-10 	-1.46522e-12 	1.99714e-14
0.01    0.01    0.01    0.01    0.01    2.61 	0.15934 	-0.0174947 	0.00396338 	2.71429e-13 	-4.83147e-14 	-3.11432e-14 	9.25855e-14 	2.80434e-15 	1.02832e-13 	6.13881e-11 	-4.87155e-11 	-4.17979e-11 	3.8659e-11 	3.31694e-11 	2.84594e-11
0.01    0.01    0.01    0.01    0.01    2.7 	0.15934 	-0.0174947 	0.00396338 	2.71429e-13 	-4.83147e-14 	-3.11432e-14 	9.25855e-14 	2.80434e-15 	1.02832e-13 	6.13881e-11 	-4.87155e-11 	-4.17979e-11 	3.8659e-11 	3.31694e-11 	2.84594e-11
0.01    0.01    0.01    0.01    0.01    2.79 	0.151898 	0.00738264 	0.000972713 	2.49024e-13 	-2.3116e-14 	-4.54503e-14 	9.54133e-14 	-1.06487e-14 	1.11331e-13 	2.93451e-10 	-1.26387e-10 	-2.25708e-10 	5.44336e-11 	9.72102e-11 	1.73603e-10
0.01    0.01    0.01    0.01    0.01    2.88 	0.151898 	0.00738264 	0.000972713 	2.49024e-13 	-2.3116e-14 	-4.54503e-14 	9.54133e-14 	-1.06487e-14 	1.11331e-13 	2.93451e-10 	-1.26387e-10 	-2.25708e-10 	5.44336e-11 	9.72102e-11 	1.73603e-10
0.01    0.01    0.01    0.01    0.01    2.97 	0.16711 	0.00472877 	0.0046539 	3.05939e-13 	3.02273e-14 	-4.1388e-14 	7.26752e-14 	2.69603e-14 	1.4818e-13 	4.34042e-12 	1.95742e-11 	-9.36218e-13 	8.82752e-11 	-4.22212e-12 	2.0194e-13
0.01    0.01    0.01    0.01    0.01    3.06 	0.16711 	0.00472877 	0.0046539 	3.05939e-13 	3.02273e-14 	-4.1388e-14 	7.26752e-14 	2.69603e-14 	1.4818e-13 	4.34042e-12 	1.95742e-11 	-9.36218e-13 	8.82752e-11 	-4.22212e-12 	2.0194e-13
0.01    0.01    0.01    0.01    0.01    3.15 	0.152706 	-0.022118 	-0.00549556 	2.50639e-13 	3.83482e-14 	2.88868e-15 	7.18805e-14 	-2.21746e-14 	1.29887e-13 	1.27982e-11 	-5.79582e-11 	4.23374e-12 	2.6247e-10 	-1.9173e-11 	1.40055e-12
0.01    0.01    0.01    0.01    0.01    3.24 	0.152706 	-0.022118 	-0.00549556 	2.50639e-13 	3.83482e-14 	2.88868e-15 	7.18805e-14 	-2.21746e-14 	1.29887e-13 	1.27982e-11 	-5.79582e-11 	4.23374e-12 	2.6247e-10 	-1.9173e-11 	1.40055e-12
0.01    0.01    0.01    0.01    0.01    3.33 	0.182816 	-0.00765243 	0.00481171 	2.74871e-13 	-1.94922e-15 	3.44019e-14 	1.1282e-13 	-3.24742e-14 	1.03734e-13 	4.59829e-11 	9.60692e-11 	-7.27718e-11 	2.00711e-10 	-1.52037e-10 	1.15167e-10
0.01    0.01    0.01    0.01    0.01    3.42 	0.182816 	-0.00765243 	0.00481171 	2.74871e-13 	-1.94922e-15 	3.44019e-14 	1.1282e-13 	-3.24742e-14 	1.03734e-13 	4.59829e-11 	9.60692e-11 	-7.27718e-11 	2.00711e-10 	-1.52037e-10 	1.15167e-10
0.01    0.01    0.01    0.01    0.01    3.51 	0.182816 	-0.00765243 	0.00481171 	2.74871e-13 	-1.94922e-15 	3.44019e-14 	1.1282e-13 	-3.24742e-14 	1.03734e-13 	4.59829e-11 	9.60692e-11 	-7.27718e-11 	2.00711e-10 	-1.52037e-10 	1.15167e-10
0.01    0.01    0.01    0.01    0.01    3.6 	0.144616 	0.00163356 	0.00429363 	3.22712e-13 	-9.05239e-14 	5.81147e-14 	1.00267e-13 	-2.59554e-14 	1.46852e-13 	1.93089e-10 	1.92709e-11 	4.66698e-11 	1.9233e-12 	4.65779e-12 	1.12801e-11
0.01    0.01    0.01    0.01    0.01    3.69 	0.144616 	0.00163356 	0.00429363 	3.22712e-13 	-9.05239e-14 	5.81147e-14 	1.00267e-13 	-2.59554e-14 	1.46852e-13 	1.93089e-10 	1.92709e-11 	4.66698e-11 	1.9233e-12 	4.65779e-12 	1.12801e-11
0.01    0.01    0.01    0.01    0.01    3.78 	0.165331 	-0.00322228 	0.00556111 	2.38372e-13 	-2.77815e-14 	3.2749e-14 	6.6933e-14 	1.02005e-15 	1.27893e-13 	1.10751e-10 	3.35171e-11 	-2.33628e-11 	1.01434e-11 	-7.07036e-12 	4.92834e-12
0.01    0.01    0.01    0.01    0.01    3.87 	0.165331 	-0.00322228 	0.00556111 	2.38372e-13 	-2.77815e-14 	3.2749e-14 	6.6933e-14 	1.02005e-15 	1.27893e-13 	1.10751e-10 	3.35171e-11 	-2.33628e-11 	1.01434e-11 	-7.07036e-12 	4.92834e-12
0.01    0.01    0.01    0.01    0.01    3.96 	0.162473 	-0.00492953 	-7.868e-05 	2.55542e-13 	-9.26867e-15 	4.68007e-14 	7.3128e-14 	-3.22701e-14 	1.29885e-13 	1.82511e-10 	-7.83592e-11 	3.51626e-11 	3.36428e-11 	-1.50967e-11 	6.77446e-12
0.01    0.01    0.01    0.01    0.01    4.05 	0.162473 	-0.00492953 	-7.868e-05 	2.55542e-13 	-9.26867e-15 	4.68007e-14 	7.3128e-14 	-3.22701e-14 	1.29885e-13 	1.82511e-10 	-7.83592e-11 	3.51626e-11 	3.36428e-11 	-1.50967e-11 	6.77446e-12
0.01    0.01    0.01    0.01    0.01    4.14 	0.175463 	-0.00543814 	-0.0122669 	4.67748e-13 	-1.74977e-13 	6.37943e-14 	1.76694e-13 	-3.41347e-14 	1.32162e-13 	1.71505e-10 	1.16656e-10 	-1.29971e-10 	7.93479e-11 	-8.8405e-11 	9.8496e-11
0.01    0.01    0.01    0.01    0.01    4.23 	0.175463 	-0.00543814 	-0.0122669 	4.67748e-13 	-1.74977e-13 	6.37943e-14 	1.76694e-13 	-3.41347e-14 	1.32162e-13 	1.71505e-10 	1.16656e-10 	-1.29971e-10 	7.93479e-11 	-8.8405e-11 	9.8496e-11
0.01    0.01    0.01    0.01    0.01    4.32 	0.156404 	0.0139339 	0.00260637 	5.0204e-13 	-1.44913e-13 	9.64688e-14 	1.53474e-13 	-4.26932e-14 	1.58555e-13 	3.71167e-10 	-2.66365e-10 	-2.84796e-10 	1.91154e-10 	2.04381e-10 	2.18523e-10
0.01    0.01    0.01    0.01    0.01    4.41 	0.156404 	0.0139339 	0.00260637 	5.0204e-13 	-1.44913e-13 	9.64688e-14 	1.53474e-13 	-4.26932e-14 	1.58555e-13 	3.71167e-10 	-2.66365e-10 	-2.84796e-10 	1.91154e-10 	2.04381e-10 	2.18523e-10
0.01    0.01    0.01    0.01    0.01    4.5 	0.156404 	0.0139339 	0.00260637 	5.0204e-13 	-1.44913e-13 	9.64688e-14 	1.53474e-13 	-4.26932e-14 	1.58555e-13 	3.71167e-10 	-2.66365e-10 	-2.84796e-10 	1.91154e-10 	2.04381e-10 	2.18523e-10
0.02    0.02    0.02    0.02    0.02    0 	0.152652 	0.00597758 	0.000339661 	4.48583e-13 	-1.18281e-13 	1.11001e-13 	1.18356e-13 	-3.69373e-14 	1.83167e-13 	5.9034e-10 	-7.75063e-11 	-1.05412e-09 	1.02108e-11 	1.38429e-10 	1.88233e-09
0.02    0.02    0.02    0.02    0.02    0.09 	0.152652 	0.00597758 	0.000339661 	4.48583e-13 	-1.18281e-13 	1.11001e-13 	1.18356e-13 	-3.69373e-14 	1.83167e-13 	5.9034e-10 	-7.75063e-11 	-1.05412e-09 	1.02108e-11 	1.38429e-10 	1.88233e-09
0.02    0.02    0.02    0.02    0.02    0.18 	0.152652 	0.00597758 	0.000339661 	4.48583e-13 	-1.18281e-13 	1.11001e-13 	1.18356e-13 	-3.69373e-14 	1.83167e-13 	5.9034e-10 	-7.75063e-11 	-1.05412e-09 	1.02108e-11 	1.38429e-10 	1.88233e-09
0.02    0.02    0.02    0.02    0.02    0.27 	0.173317 	-0.0018667 	-0.00860916 	3.94075e-13 	-9.95984e-14 	3.55563e-14 	1.39253e-13 	-1.39139e-15 	1.20235e-13 	4.74833e-10 	2.21539e-10 	6.14726e-10 	1.03414e-10 	2.86812e-10 	7.95847e-10
0.02    0.02    0.02    0.02    0.02    0.36 	0.173317 	-0.0018667 	-0.00860916 	3.94075e-13 	-9.95984e-14 	3.55563e-14 	1.39253e-13 	-1.39139e-15 	1.20235e-13 	4.74833e-10 	2.21539e-10 	6.14726e-10 	1.03414e-10 	2.86812e-10 	7.95847e-10
0.02    0.02    0.02    0.02    0.02    0.45 	0.150694 	0.00313768 	0.0107588 	3.19134e-13 	-5.12819e-14 	5.54631e-14 	1.33209e-13 	-1.08894e-14 	1.29307e-13 	6.95934e-11 	-1.2941e-11 	3.27268e-10 	2.61668e-12 	-6.07851e-11 	1.53904e-09
0.02    0.02    0.02    0.02    0.02    0.54 	0.150694 	0.00313768 	0.0107588 	3.19134e-13 	-5.12819e-14 	5.54631e-14 	1.33209e-13 	-1.08894e-14 	1.29307e-13 	6.95934e-11 	-1.2941e-11 	3.27268e-10 	2.61668e-12 	-6.07851e-11 	1.53904e-09
0.02    0.02    0.02    0.02    0.02    0.63 	0.145359 	-0.0156057 	-0.00849373 	4.25096e-13 	-1.3224e-13 	4.80275e-14 	2.1191e-13 	-2.11043e-14 	1.32076e-13 	4.75805e-09 	-1.1525e-09 	-2.01797e-09 	2.79191e-10 	4.88793e-10 	8.55857e-10
0.02    0.02    0.02    0.02    0.02    0.72 	0.145359 	-0.0156057 	-0.00849373 	4.25096e-13 	-1.3224e-13 	4.80275e-14 	2.1191e-13 	-2.11043e-14 	1.32076e-13 	4.75805e-09 	-1.1525e-09 	-2.01797e-09 	2.79191e-10 	4.88793e-10 	8.55857e-10
0.02    0.02    0.02    0.02    0.02    0.81 	0.140288 	-0.0062011 	-0.00138916 	3.03225e-13 	-8.14311e-14 	4.89559e-14 	1.92742e-13 	-6.59815e-14 	1.136e-13 	2.77868e-14 	2.33174e-12 	-1.96152e-12 	8.58963e-10 	-7.15185e-10 	5.95504e-10
0.02    0.02    0.02    0.02    0.02    0.9 	0.140288 	-0.0062011 	-0.00138916 	3.03225e-13 	-8.14311e-14 	4.89559e-14 	1.92742e-13 	-6.59815e-14 	1.136e-13 	2.77868e-14 	2.33174e-12 	-1.96152e-12 	8.58963e-10 	-7.15185e-10 	5.95504e-10
0.02    0.02    0.02    0.02    0.02    0.99 	0.138447 	-0.0179838 	0.00222567 	2.87326e-13 	-8.37178e-14 	2.30192e-14 	1.26591e-13 	-1.55493e-14 	1.25224e-13 	3.2419e-09 	-8.10869e-10 	-1.86534e-09 	2.02922e-10 	4.66646e-10 	1.07336e-09
0.02    0.02    0.02    0.02    0.02    1.08 	0.138447 	-0.0179838 	0.00222567 	2.87326e-13 	-8.37178e-14 	2.30192e-14 	1.26591e-13 	-1.55493e-14 	1.25224e-13 	3.2419e-09 	-8.10869e-10 	-1.86534e-09 	2.02922e-10 	4.66646e-10 	1.07336e-09
0.02    0.02    0.02    0.02    0.02    1.17 	0.138447 	-0.0179838 	0.00222567 	2.87326e-13 	-8.37178e-14 	2.30192e-14 	1.26591e-13 	-1.55493e-14 	1.25224e-13 	3.2419e-09 	-8.10869e-10 	-1.86534e-09 	2.02922e-10 	4.66646e-10 	1.07336e-09
0.02    0.02    0.02    0.02    0.02    1.26 	0.139855 	0.00231859 	0.0106795 	2.36916e-13 	-5.59731e-14 	1.99567e-14 	1.03491e-13 	-2.11946e-14 	1.73096e-13 	3.74013e-12 	-3.6866e-11 	-2.1473e-11 	3.64156e-10 	2.12025e-10 	1.23458e-10
0.02    0.02    0.02    0.02    0.02    1.35 	0.139855 	0.00231859 	0.0106795 	2.36916e-13 	-5.59731e-14 	1.99567e-14 	1.03491e-13 	-2.11946e-14 	1.73096e-13 	3.74013e-12 	-3.6866e-11 	-2.1473e-11 	3.64156e-10 	2.12025e-10 	1.23458e-10
0.02    0.02    0.02    0.02    0.02    1.44 	0.135532 	-0.00661231 	0.00308089 	3.07917e-13 	-1.29728e-13 	7.67332e-14 	1.61868e-13 	-6.72519e-14 	1.44612e-13 	1.30143e-11 	-1.80336e-10 	2.36474e-11 	2.49943e-09 	-3.27385e-10 	4.31553e-11
0.02    0.02    0.02    0.02    0.02    1.53 	0.135532 	-0.00661231 	0.00308089 	3.07917e-13 	-1.29728e-13 	7.67332e-14 	1.61868e-13 	-6.72519e-14 	1.44612e-13 	1.30143e-11 	-1.80336e-10 	2.36474e-11 	2.49943e-09 	-3.27385e-10 	4.31553e-11
0.02    0.02    0.02    0.02    0.02    1.62 	0.134488 	0.00020022 	0.0137209 	3.0784e-13 	-2.54519e-14 	1.11296e-14 	1.93422e-13 	-1.12844e-14 	8.40427e-14 	7.11666e-09 	5.71743e-09 	5.1145e-10 	4.59338e-09 	4.10846e-10 	3.67995e-11
0.02    0.02    0.02    0.02    0.02    1.71 	0.134488 	0.00020022 	0.0137209 	3.0784e-13 	-2.54519e-14 	1.11296e-14 	1.93422e-13 	-1.12844e-14 	8.40427e-14 	7.11666e-09 	5.71743e-09 	5.1145e-10 	4.59338e-09 	4.10846e-10 	3.67995e-11
0.02    0.02    0.02    0.02    0.02    1.8 	0.129777 	0.00754578 	0.0269027 	2.9546e-13 	-4.77811e-14 	2.09665e-17 	1.22615e-13 	-2.37038e-14 	1.30723e-13 	2.52745e-10 	-2.02517e-10 	-1.01822e-09 	1.62283e-10 	8.15857e-10 	4.10202e-09
0.02    0.02    0.02    0.02    0.02    1.89 	0.129777 	0.00754578 	0.0269027 	2.9546e-13 	-4.77811e-14 	2.09665e-17 	1.22615e-13 	-2.37038e-14 	1.30723e-13 	2.52745e-10 	-2.02517e-10 	-1.01822e-09 	1.62283e-10 	8.15857e-10 	4.10202e-09
0.02    0.02    0.02    0.02    0.02    1.98 	0.15941 	-0.0104681 	0.00342639 	2.88527e-13 	-3.52398e-14 	-6.22623e-14 	7.77273e-14 	-9.78807e-15 	2.07075e-13 	1.76878e-09 	-1.30914e-10 	-7.53438e-10 	9.7055e-12 	5.57729e-11 	3.20946e-10
0.02    0.02    0.02    0.02    0.02    2.07 	0.15941 	-0.0104681 	0.00342639 	2.88527e-13 	-3.52398e-14 	-6.22623e-14 	7.77273e-14 	-9.78807e-15 	2.07075e-13 	1.76878e-09 	-1.30914e-10 	-7.53438e-10 	9.7055e-12 	5.57729e-11 	3.20946e-10
0.02    0.02    0.02    0.02    0.02    2.16 	0.155592 	-0.00146072 	-0.00196088 	2.38995e-13 	-3.81993e-14 	-2.52031e-14 	7.91675e-14 	1.06032e-14 	1.45632e-13 	4.81497e-11 	1.27468e-11 	-2.91247e-10 	3.39548e-12 	-7.68897e-11 	1.76393e-09
0.02    0.02    0.02    0.02    0.02    2.25 	0.155592 	-0.00146072 	-0.00196088 	2.38995e-13 	-3.81993e-14 	-2.52031e-14 	7.91675e-14 	1.06032e-14 	1.45632e-13 	4.81497e-11 	1.27468e-11 	-2.91247e-10 	3.39548e-12 	-7.68897e-11 	1.76393e-09
0.02    0.02    0.02    0.02    0.02    2.34 	0.155592 	-0.00146072 	-0.00196088 	2.38995e-13 	-3.81993e-14 	-2.52031e-14 	7.91675e-14 	1.06032e-14 	1.45632e-13 	4.81497e-11 	1.27468e-11 	-2.91247e-10 	3.39548e-12 	-7.68897e-11 	1.76393e-09
0.02    0.02    0.02    0.02    0.02    2.43 	0.161794 	-0.0051058 	-0.00743061 	2.5438e-13 	-2.85852e-14 	-2.69774e-14 	8.99444e-14 	5.55603e-15 	1.00015e-13 	9.27755e-10 	-7.18454e-10 	2.4608e-11 	5.567e-10 	-1.91709e-11 	6.93736e-13
0.02    0.02    0.02    0.02    0.02    2.52 	0.161794 	-0.0051058 	-0.00743061 	2.5438e-13 	-2.85852e-14 	-2.69774e-14 	8.99444e-14 	5.55603e-15 	1.00015e-13 	9.27755e-10 	-7.18454e-10 	2.4608e-11 	5.567e-10 	-1.91709e-11 	6.93736e-13
0.02    0.02    0.02    0.02    0.02    2.61 	0.159371 	-0.0175196 	0.00394092 	2.71504e-13 	-4.82174e-14 	-3.11266e-14 	9.25955e-14 	2.75231e-15 	1.02766e-13 	3.09296e-10 	-2.4501e-10 	-2.17377e-10 	1.94094e-10 	1.7219e-10 	1.52794e-10
0.02    0.02    0.02    0.02    0.02    2.7 	0.159371 	-0.0175196 	0.00394092 	2.71504e-13 	-4.82174e-14 	-3.11266e-14 	9.25955e-14 	2.75231e-15 	1.02766e-13 	3.09296e-10 	-2.4501e-10 	-2.17377e-10 	1.94094e-10 	1.7219e-10 	1.52794e-10
0.02    0.02    0.02    0.02    0.02    2.79 	0.151827 	0.00741199 	0.00102617 	2.48942e-13 	-2.30911e-14 	-4.54054e-14 	9.54491e-14 	-1.06871e-14 	1.11314e-13 	1.53347e-09 	-6.43862e-10 	-1.16563e-09 	2.70366e-10 	4.89441e-10 	8.86053e-10
0.02    0.02    0.02    0.02    0.02    2.88 	0.151827 	0.00741199 	0.00102617 	2.48942e-13 	-2.30911e-14 	-4.54054e-14 	9.54491e-14 	-1.06871e-14 	1.11314e-13 	1.53347e-09 	-6.43862e-10 	-1.16563e-09 	2.70366e-10 	4.89441e-10 	8.86053e-10
0.02    0.02    0.02    0.02    0.02    2.97 	0.16712 	0.00476287 	0.00465282 	3.05843e-13 	3.02097e-14 	-4.14724e-14 	7.26953e-14 	2.69573e-14 	1.48187e-13 	2.93129e-11 	1.06315e-10 	-3.84116e-12 	3.88105e-10 	-1.41272e-11 	5.20757e-13
0.02    0.02    0.02    0.02    0.02    3.06 	0.16712 	0.00476287 	0.00465282 	3.05843e-13 	3.02097e-14 	-4.14724e-14 	7.26953e-14 	2.69573e-14 	1.48187e-13 	2.93129e-11 	1.06315e-10 	-3.84116e-12 	3.88105e-10 	-1.41272e-11 	5.20757e-13
0.02    0.02    0.02    0.02    0.02    3.15 	0.152688 	-0.0220543 	-0.00550002 	2.50753e-13 	3.84569e-14 	2.91564e-15 	7.18839e-14 	-2.2118e-14 	1.29852e-13 	8.81149e-11 	-3.3541e-10 	2.3692e-11 	1.28099e-09 	-9.05156e-11 	6.39751e-12
0.02    0.02    0.02    0.02    0.02    3.24 	0.152688 	-0.0220543 	-0.00550002 	2.50753e-13 	3.84569e-14 	2.91564e-15 	7.18839e-14 	-2.2118e-14 	1.29852e-13 	8.81149e-11 	-3.3541e-10 	2.3692e-11 	1.28099e-09 	-9.05156e-11 	6.39751e-12
0.02    0.02    0.02    0.02    0.02    3.33 	0.182788 	-0.00771321 	0.00485284 	2.74781e-13 	-1.80505e-15 	3.44406e-14 	1.12929e-13 	-3.24408e-14 	1.03717e-13 	2.33743e-10 	5.08505e-10 	-3.56233e-10 	1.10652e-09 	-7.74826e-10 	5.43009e-10
0.02    0.02    0.02    0.02    0.02    3.42 	0.182788 	-0.00771321 	0.00485284 	2.74781e-13 	-1.80505e-15 	3.44406e-14 	1.12929e-13 	-3.24408e-14 	1.03717e-13 	2.33743e-10 	5.08505e-10 	-3.56233e-10 	1.10652e-09 	-7.74826e-10 	5.43009e-10
0.02    0.02    0.02    0.02    0.02    3.51 	0.182788 	-0.00771321 	0.00485284 	2.74781e-13 	-1.80505e-15 	3.44406e-14 	1.12929e-13 	-3.24408e-14 	1.03717e-13 	2.33743e-10 	5.08505e-10 	-3.56233e-10 	1.10652e-09 	-7.74826e-10 	5.43009e-10
0.02    0.02    0.02    0.02    0.02    3.6 	0.144559 	0.00162849 	0.00427895 	3.22815e-13 	-9.05671e-14 	5.8112e-14 	1.0031e-13 	-2.59622e-14 	1.46858e-13 	1.01241e-09 	9.2072e-11 	2.53987e-10 	8.38473e-12 	2.30957e-11 	6.37392e-11
0.02    0.02    0.02    0.02    0.02    3.69 	0.144559 	0.00162849 	0.00427895 	3.22815e-13 	-9.05671e-14 	5.8112e-14 	1.0031e-13 	-2.59622e-14 	1.46858e-13 	1.01241e-09 	9.2072e-11 	2.53987e-10 	8.38473e-12 	2.30957e-11 	6.37392e-11
0.02    0.02    0.02    0.02    0.02    3.78 	0.16529 	-0.00323569 	0.00557133 	2.38384e-13 	-2.78169e-14 	3.27267e-14 	6.69546e-14 	1.04835e-15 	1.27898e-13 	5.33724e-10 	1.70318e-10 	-1.26965e-10 	5.43772e-11 	-4.05467e-11 	3.02489e-11
0.02    0.02    0.02    0.02    0.02    3.87 	0.16529 	-0.00323569 	0.00557133 	2.38384e-13 	-2.78169e-14 	3.27267e-14 	6.69546e-14 	1.04835e-15 	1.27898e-13 	5.33724e-10 	1.70318e-10 	-1.26965e-10 	5.43772e-11 	-4.05467e-11 	3.02489e-11
0.02    0.02    0.02    0.02    0.02    3.96 	0.162418 	-0.00490569 	-8.7862e-05 	2.55369e-13 	-9.16485e-15 	4.67408e-14 	7.31058e-14 	-3.2171e-14 	1.2989e-13 	9.38585e-10 	-4.04474e-10 	1.64038e-10 	1.74306e-10 	-7.06823e-11 	2.87183e-11
0.02    0.02    0.02    0.02    0.02    4.05 	0.162418 	-0.00490569 	-8.7862e-05 	2.55369e-13 	-9.16485e-15 	4.67408e-14 	7.31058e-14 	-3.2171e-14 	1.2989e-13 	9.38585e-10 	-4.04474e-10 	1.64038e-10 	1.74306e-10 	-7.06823e-11 	2.87183e-11
0.02    0.02    0.02    0.02    0.02    4.14 	0.175412 	-0.00547529 	-0.0122276 	4.67508e-13 	-1.74883e-13 	6.39743e-14 	1.76609e-13 	-3.42436e-14 	1.3222e-13 	8.29581e-10 	5.89939e-10 	-6.35252e-10 	4.19727e-10 	-4.51826e-10 	4.86478e-10
0.02    0.02    0.02    0.02    0.02    4.23 	0.175412 	-0.00547529 	-0.0122276 	4.67508e-13 	-1.74883e-13 	6.39743e-14 	1.76609e-13 	-3.42436e-14 	1.3222e-13 	8.29581e-10 	5.89939e-10 	-6.35252e-10 	4.19727e-10 	-4.51826e-10 	4.86478e-10
0.02    0.02    0.02    0.02    0.02    4.32 	0.15648 	0.0138781 	0.00254707 	5.02732e-13 	-1.45197e-13 	9.64698e-14 	1.53624e-13 	-4.26964e-14 	1.58633e-13 	1.84243e-09 	-1.33651e-09 	-1.42093e-09 	9.69545e-10 	1.03078e-09 	1.09589e-09
0.02    0.02    0.02    0.02    0.02    4.41 	0.15648 	0.0138781 	0.00254707 	5.02732e-13 	-1.45197e-13 	9.64698e-14 	1.53624e-13 	-4.26964e-14 	1.58633e-13 	1.84243e-09 	-1.33651e-09 	-1.42093e-09 	9.69545e-10 	1.03078e-09 	1.09589e-09
0.02    0.02    0.02    0.02    0.02    4.5 	0.15648 	0.0138781 	0.00254707 	5.02732e-13 	-1.45197e-13 	9.64698e-14 	1.53624e-13 	-4.26964e-14 	1.58633e-13 	1.84243e-09 	-1.33651e-09 	-1.42093e-09 	9.69545e-10 	1.03078e-09 	1.09589e-09
0.03    0.03    0.03    0.03    0.03    0 	0.152611 	0.0059836 	0.000417032 	4.48477e-13 	-1.18277e-13 	1.11071e-13 	1.18349e-13 	-3.69612e-14 	1.83138e-13 	1.32331e-09 	-1.77399e-10 	-2.40394e-09 	2.38274e-11 	3.22398e-10 	4.36783e-09
0.03    0.03    0.03    0.03    0.03    0.09 	0.152611 	0.0059836 	0.000417032 	4.48477e-13 	-1.18277e-13 	1.11071e-13 	1.18349e-13 	-3.69612e-14 	1.83138e-13 	1.32331e-09 	-1.77399e-10 	-2.40394e-09 	2.38274e-11 	3.22398e-10 	4.36783e-09
0.03    0.03    0.03    0.03    0.03    0.18 	0.152611 	0.0059836 	0.000417032 	4.48477e-13 	-1.18277e-13 	1.11071e-13 	1.18349e-13 	-3.69612e-14 	1.83138e-13 	1.32331e-09 	-1.77399e-10 	-2.40394e-09 	2.38274e-11 	3.22398e-10 	4.36783e-09
0.03    0.03    0.03    0.03    0.03    0.27 	0.173357 	-0.00185237 	-0.00855795 	3.93995e-13 	-9.95184e-14 	3.56573e-14 	1.39182e-13 	-1.4057e-15 	1.20296e-13 	1.13523e-09 	4.79509e-10 	1.4563e-09 	2.0365e-10 	6.15436e-10 	1.86828e-09
0.03    0.03    0.03    0.03    0.03    0.36 	0.173357 	-0.00185237 	-0.00855795 	3.93995e-13 	-9.95184e-14 	3.56573e-14 	1.39182e-13 	-1.4057e-15 	1.20296e-13 	1.13523e-09 	4.79509e-10 	1.4563e-09 	2.0365e-10 	6.15436e-10 	1.86828e-09
0.03    0.03    0.03    0.03    0.03    0.45 	0.15068 	0.00314264 	0.0106903 	3.18956e-13 	-5.11034e-14 	5.53528e-14 	1.33198e-13 	-1.08502e-14 	1.29226e-13 	1.57506e-10 	-4.02553e-11 	7.45693e-10 	1.07745e-11 	-1.90718e-10 	3.53053e-09
0.03    0.03    0.03    0.03    0.03    0.54 	0.15068 	0.00314264 	0.0106903 	3.18956e-13 	-5.11034e-14 	5.53528e-14 	1.33198e-13 	-1.08502e-14 	1.29226e-13 	1.57506e-10 	-4.02553e-11 	7.45693e-10 	1.07745e-11 	-1.90718e-10 	3.53053e-09
0.03    0.03    0.03    0.03    0.03    0.63 	0.145236 	-0.0155765 	-0.00844278 	4.24917e-13 	-1.32069e-13 	4.81337e-14 	2.11876e-13 	-2.11341e-14 	1.32072e-13 	1.10177e-08 	-2.66077e-09 	-4.64278e-09 	6.42609e-10 	1.12125e-09 	1.95648e-09
0.03    0.03    0.03    0.03    0.03    0.72 	0.145236 	-0.0155765 	-0.00844278 	4.24917e-13 	-1.32069e-13 	4.81337e-14 	2.11876e-13 	-2.11341e-14 	1.32072e-13 	1.10177e-08 	-2.66077e-09 	-4.64278e-09 	6.42609e-10 	1.12125e-09 	1.95648e-09
0.03    0.03    0.03    0.03    0.03    0.81 	0.140288 	-0.00625049 	-0.0013459 	3.03217e-13 	-8.13875e-14 	4.89637e-14 	1.9265e-13 	-6.60279e-14 	1.1367e-13 	1.02168e-13 	1.21624e-11 	-1.03919e-11 	1.92749e-09 	-1.63642e-09 	1.38959e-09
0.03    0.03    0.03    0.03    0.03    0.9 	0.140288 	-0.00625049 	-0.0013459 	3.03217e-13 	-8.13875e-14 	4.89637e-14 	1.9265e-13 	-6.60279e-14 	1.1367e-13 	1.02168e-13 	1.21624e-11 	-1.03919e-11 	1.92749e-09 	-1.63642e-09 	1.38959e-09
0.03    0.03    0.03    0.03    0.03    0.99 	0.138547 	-0.0180061 	0.00216785 	2.87412e-13 	-8.37087e-14 	2.30006e-14 	1.26563e-13 	-1.55347e-14 	1.25188e-13 	7.44286e-09 	-1.78058e-09 	-4.28447e-09 	4.26449e-10 	1.02501e-09 	2.46642e-09
0.03    0.03    0.03    0.03    0.03    1.08 	0.138547 	-0.0180061 	0.00216785 	2.87412e-13 	-8.37087e-14 	2.30006e-14 	1.26563e-13 	-1.55347e-14 	1.25188e-13 	7.44286e-09 	-1.78058e-09 	-4.28447e-09 	4.26449e-10 	1.02501e-09 	2.46642e-09
0.03    0.03    0.03    0.03    0.03    1.17 	0.138547 	-0.0180061 	0.00216785 	2.87412e-13 	-8.37087e-14 	2.30006e-14 	1.26563e-13 	-1.55347e-14 	1.25188e-13 	7.44286e-09 	-1.78058e-09 	-4.28447e-09 	4.26449e-10 	1.02501e-09 	2.46642e-09
0.03    0.03    0.03    0.03    0.03    1.26 	0.139859 	0.00228381 	0.0106598 	2.36924e-13 	-5.60592e-14 	1.99017e-14 	1.03556e-13 	-2.11291e-14 	1.72943e-13 	8.582e-12 	-8.57637e-11 	-4.9584e-11 	8.58129e-10 	4.9599e-10 	2.86697e-10
0.03    0.03    0.03    0.03    0.03    1.35 	0.139859 	0.00228381 	0.0106598 	2.36924e-13 	-5.60592e-14 	1.99017e-14 	1.03556e-13 	-2.11291e-14 	1.72943e-13 	8.582e-12 	-8.57637e-11 	-4.9584e-11 	8.58129e-10 	4.9599e-10 	2.86697e-10
0.03    0.03    0.03    0.03    0.03    1.44 	0.135538 	-0.00669921 	0.00309382 	3.07793e-13 	-1.29697e-13 	7.67179e-14 	1.61923e-13 	-6.7274e-14 	1.44619e-13 	3.0773e-11 	-4.19804e-10 	5.66303e-11 	5.72808e-09 	-7.72184e-10 	1.04397e-10
0.03    0.03    0.03    0.03    0.03    1.53 	0.135538 	-0.00669921 	0.00309382 	3.07793e-13 	-1.29697e-13 	7.67179e-14 	1.61923e-13 	-6.7274e-14 	1.44619e-13 	3.0773e-11 	-4.19804e-10 	5.66303e-11 	5.72808e-09 	-7.72184e-10 	1.04397e-10
0.03    0.03    0.03    0.03    0.03    1.62 	0.134637 	0.000316998 	0.0137311 	3.07923e-13 	-2.54079e-14 	1.11372e-14 	1.93423e-13 	-1.13403e-14 	8.40314e-14 	1.64595e-08 	1.30904e-08 	1.17404e-09 	1.04115e-08 	9.33759e-10 	8.37862e-11
0.03    0.03    0.03    0.03    0.03    1.71 	0.134637 	0.000316998 	0.0137311 	3.07923e-13 	-2.54079e-14 	1.11372e-14 	1.93423e-13 	-1.13403e-14 	8.40314e-14 	1.64595e-08 	1.30904e-08 	1.17404e-09 	1.04115e-08 	9.33759e-10 	8.37862e-11
0.03    0.03    0.03    0.03    0.03    1.8 	0.129749 	0.00756889 	0.027015 	2.95341e-13 	-4.77556e-14 	6.15793e-17 	1.22645e-13 	-2.37214e-14 	1.30698e-13 	5.84865e-10 	-4.71946e-10 	-2.348e-09 	3.80847e-10 	1.89464e-09 	9.42644e-09
0.03    0.03    0.03    0.03    0.03    1.89 	0.129749 	0.00756889 	0.027015 	2.95341e-13 	-4.77556e-14 	6.15793e-17 	1.22645e-13 	-2.37214e-14 	1.30698e-13 	5.84865e-10 	-4.71946e-10 	-2.348e-09 	3.80847e-10 	1.89464e-09 	9.42644e-09
0.03    0.03    0.03    0.03    0.03    1.98 	0.159334 	-0.0104602 	0.00345858 	2.88465e-13 	-3.51883e-14 	-6.22666e-14 	7.7724e-14 	-9.7888e-15 	2.0716e-13 	4.13874e-09 	-3.49844e-10 	-1.759e-09 	2.98347e-11 	1.48678e-10 	7.47599e-10
0.03    0.03    0.03    0.03    0.03    2.07 	0.159334 	-0.0104602 	0.00345858 	2.88465e-13 	-3.51883e-14 	-6.22666e-14 	7.7724e-14 	-9.7888e-15 	2.0716e-13 	4.13874e-09 	-3.49844e-10 	-1.759e-09 	2.98347e-11 	1.48678e-10 	7.47599e-10
0.03    0.03    0.03    0.03    0.03    2.16 	0.15558 	-0.00146324 	-0.00188553 	2.38938e-13 	-3.82169e-14 	-2.51783e-14 	7.9159e-14 	1.05965e-14 	1.45685e-13 	1.09378e-10 	2.59661e-11 	-6.71656e-10 	6.21409e-12 	-1.59202e-10 	4.12634e-09
0.03    0.03    0.03    0.03    0.03    2.25 	0.15558 	-0.00146324 	-0.00188553 	2.38938e-13 	-3.82169e-14 	-2.51783e-14 	7.9159e-14 	1.05965e-14 	1.45685e-13 	1.09378e-10 	2.59661e-11 	-6.71656e-10 	6.21409e-12 	-1.59202e-10 	4.12634e-09
0.03    0.03    0.03    0.03    0.03    2.34 	0.15558 	-0.00146324 	-0.00188553 	2.38938e-13 	-3.82169e-14 	-2.51783e-14 	7.9159e-14 	1.05965e-14 	1.45685e-13 	1.09378e-10 	2.59661e-11 	-6.71656e-10 	6.21409e-12 	-1.59202e-10 	4.12634e-09
0.03    0.03    0.03    0.03    0.03    2.43 	0.161847 	-0.00514717 	-0.00742843 	2.54413e-13 	-2.85741e-14 	-2.69912e-14 	8.98994e-14 	5.5781e-15 	1.00057e-13 	2.10641e-09 	-1.64394e-09 	7.0085e-11 	1.28326e-09 	-5.48054e-11 	2.40107e-12
0.03    0.03    0.03    0.03    0.03    2.52 	0.161847 	-0.00514717 	-0.00742843 	2.54413e-13 	-2.85741e-14 	-2.69912e-14 	8.98994e-14 	5.5781e-15 	1.00057e-13 	2.10641e-09 	-1.64394e-09 	7.0085e-11 	1.28326e-09 	-5.48054e-11 	2.40107e-12
0.03    0.03    0.03    0.03    0.03    2.61 	0.159403 	-0.0175433 	0.00391881 	2.71581e-13 	-4.81202e-14 	-3.111e-14 	9.26075e-14 	2.70049e-15 	1.02703e-13 	7.22512e-10 	-5.61767e-10 	-5.09443e-10 	4.36865e-10 	3.96093e-10 	3.59223e-10
0.03    0.03    0.03    0.03    0.03    2.7 	0.159403 	-0.0175433 	0.00391881 	2.71581e-13 	-4.81202e-14 	-3.111e-14 	9.26075e-14 	2.70049e-15 	1.02703e-13 	7.22512e-10 	-5.61767e-10 	-5.09443e-10 	4.36865e-10 	3.96093e-10 	3.59223e-10
0.03    0.03    0.03    0.03    0.03    2.79 	0.151757 	0.00744051 	0.00107885 	2.48862e-13 	-2.30665e-14 	-4.53606e-14 	9.54864e-14 	-1.07254e-14 	1.11298e-13 	3.59856e-09 	-1.48949e-09 	-2.71871e-09 	6.16592e-10 	1.12537e-09 	2.05403e-09
0.03    0.03    0.03    0.03    0.03    2.88 	0.151757 	0.00744051 	0.00107885 	2.48862e-13 	-2.30665e-14 	-4.53606e-14 	9.54864e-14 	-1.07254e-14 	1.11298e-13 	3.59856e-09 	-1.48949e-09 	-2.71871e-09 	6.16592e-10 	1.12537e-09 	2.05403e-09
0.03    0.03    0.03    0.03    0.03    2.97 	0.167131 	0.00479471 	0.00465115 	3.05751e-13 	3.01915e-14 	-4.15563e-14 	7.27181e-14 	2.69537e-14 	1.48196e-13 	7.48289e-11 	2.48932e-10 	-1.02485e-11 	8.32285e-10 	-3.41577e-11 	1.41935e-12
0.03    0.03    0.03    0.03    0.03    3.06 	0.167131 	0.00479471 	0.00465115 	3.05751e-13 	3.01915e-14 	-4.15563e-14 	7.27181e-14 	2.69537e-14 	1.48196e-13 	7.48289e-11 	2.48932e-10 	-1.02485e-11 	8.32285e-10 	-3.41577e-11 	1.41935e-12
0.03    0.03    0.03    0.03    0.03    3.15 	0.152671 	-0.0219902 	-0.00550479 	2.50868e-13 	3.85653e-14 	2.9426e-15 	7.18897e-14 	-2.20616e-14 	1.29819e-13 	2.13121e-10 	-7.96799e-10 	5.75645e-11 	2.98237e-09 	-2.15449e-10 	1.55685e-11
0.03    0.03    0.03    0.03    0.03    3.24 	0.152671 	-0.0219902 	-0.00550479 	2.50868e-13 	3.85653e-14 	2.9426e-15 	7.18897e-14 	-2.20616e-14 	1.29819e-13 	2.13121e-10 	-7.96799e-10 	5.75645e-11 	2.98237e-09 	-2.15449e-10 	1.55685e-11
0.03    0.03    0.03    0.03    0.03    3.33 	0.182761 	-0.00777386 	0.00489487 	2.74693e-13 	-1.66149e-15 	3.44791e-14 	1.1304e-13 	-3.24072e-14 	1.03702e-13 	5.40975e-10 	1.19531e-09 	-8.2778e-10 	2.64155e-09 	-1.82898e-09 	1.26674e-09
0.03    0.03    0.03    0.03    0.03    3.42 	0.182761 	-0.00777386 	0.00489487 	2.74693e-13 	-1.66149e-15 	3.44791e-14 	1.1304e-13 	-3.24072e-14 	1.03702e-13 	5.40975e-10 	1.19531e-09 	-8.2778e-10 	2.64155e-09 	-1.82898e-09 	1.26674e-09
0.03    0.03    0.03    0.03    0.03    3.51 	0.182761 	-0.00777386 	0.00489487 	2.74693e-13 	-1.66149e-15 	3.44791e-14 	1.1304e-13 	-3.24072e-14 	1.03702e-13 	5.40975e-10 	1.19531e-09 	-8.2778e-10 	2.64155e-09 	-1.82898e-09 	1.26674e-09
0.03    0.03    0.03    0.03    0.03    3.6 	0.144503 	0.00162235 	0.00426382 	3.22919e-13 	-9.06093e-14 	5.81088e-14 	1.00355e-13 	-2.59688e-14 	1.46866e-13 	2.33562e-09 	2.28238e-10 	6.05638e-10 	2.23654e-11 	5.92442e-11 	1.57133e-10
0.03    0.03    0.03    0.03    0.03    3.69 	0.144503 	0.00162235 	0.00426382 	3.22919e-13 	-9.06093e-14 	5.81088e-14 	1.00355e-13 	-2.59688e-14 	1.46866e-13 	2.33562e-09 	2.28238e-10 	6.05638e-10 	2.23654e-11 	5.92442e-11 	1.57133e-10
0.03    0.03    0.03    0.03    0.03    3.78 	0.165249 	-0.00324904 	0.00558 	2.38397e-13 	-2.78521e-14 	3.27046e-14 	6.69777e-14 	1.07653e-15 	1.27904e-13 	1.2257e-09 	3.97915e-10 	-2.83528e-10 	1.29213e-10 	-9.20496e-11 	6.56628e-11
0.03    0.03    0.03    0.03    0.03    3.87 	0.165249 	-0.00324904 	0.00558 	2.38397e-13 	-2.78521e-14 	3.27046e-14 	6.69777e-14 	1.07653e-15 	1.27904e-13 	1.2257e-09 	3.97915e-10 	-2.83528e-10 	1.29213e-10 	-9.20496e-11 	6.56628e-11
0.03    0.03    0.03    0.03    0.03    3.96 	0.162362 	-0.00488003 	-9.59383e-05 	2.55198e-13 	-9.06149e-15 	4.66815e-14 	7.30859e-14 	-3.20721e-14 	1.29897e-13 	2.23077e-09 	-9.83517e-10 	3.6124e-10 	4.33739e-10 	-1.59123e-10 	5.86951e-11
0.03    0.03    0.03    0.03    0.03    4.05 	0.162362 	-0.00488003 	-9.59383e-05 	2.55198e-13 	-9.06149e-15 	4.66815e-14 	7.30859e-14 	-3.20721e-14 	1.29897e-13 	2.23077e-09 	-9.83517e-10 	3.6124e-10 	4.33739e-10 	-1.59123e-10 	5.86951e-11
0.03    0.03    0.03    0.03    0.03    4.14 	0.175364 	-0.00551296 	-0.0121879 	4.67271e-13 	-1.74789e-13 	6.41536e-14 	1.76527e-13 	-3.43523e-14 	1.3228e-13 	1.82567e-09 	1.35486e-09 	-1.4415e-09 	1.00645e-09 	-1.0705e-09 	1.13875e-09
0.03    0.03    0.03    0.03    0.03    4.23 	0.175364 	-0.00551296 	-0.0121879 	4.67271e-13 	-1.74789e-13 	6.41536e-14 	1.76527e-13 	-3.43523e-14 	1.3228e-13 	1.82567e-09 	1.35486e-09 	-1.4415e-09 	1.00645e-09 	-1.0705e-09 	1.13875e-09
0.03    0.03    0.03    0.03    0.03    4.32 	0.156554 	0.0138228 	0.00248618 	5.03421e-13 	-1.45478e-13 	9.64707e-14 	1.53774e-13 	-4.26993e-14 	1.58711e-13 	4.1576e-09 	-3.06204e-09 	-3.29423e-09 	2.25544e-09 	2.42669e-09 	2.61117e-09
0.03    0.03    0.03    0.03    0.03    4.41 	0.156554 	0.0138228 	0.00248618 	5.03421e-13 	-1.45478e-13 	9.64707e-14 	1.53774e-13 	-4.26993e-14 	1.58711e-13 	4.1576e-09 	-3.06204e-09 	-3.29423e-09 	2.25544e-09 	2.42669e-09 	2.61117e-09
0.03    0.03    0.03    0.03    0.03    4.5 	0.156554 	0.0138228 	0.00248618 	5.03421e-13 	-1.45478e-13 	9.64707e-14 	1.53774e-13 	-4.26993e-14 	1.58711e-13 	4.1576e-09 	-3.06204e-09 	-3.29423e-09 	2.25544e-09 	2.42669e-09 	2.61117e-09
