0.01      0.01    0.01    0.01    0.01    0 	0.00975706 	0.00842188 	0.0398696 	1.23096e-12 	1.08052e-13 	-2.80871e-13 	5.6273e-13 	3.5195e-13 	1.17777e-12 	2.83406e-10 	5.04417e-10 	-6.33967e-10 	8.9778e-10 	-1.12836e-09 	1.41815e-09
0.01      0.01    0.01    0.01    0.01    0.09 	0.00975706 	0.00842188 	0.0398696 	1.23096e-12 	1.08052e-13 	-2.80871e-13 	5.6273e-13 	3.5195e-13 	1.17777e-12 	2.83406e-10 	5.04417e-10 	-6.33967e-10 	8.9778e-10 	-1.12836e-09 	1.41815e-09
0.01      0.01    0.01    0.01    0.01    0.18 	0.00975706 	0.00842188 	0.0398696 	1.23096e-12 	1.08052e-13 	-2.80871e-13 	5.6273e-13 	3.5195e-13 	1.17777e-12 	2.83406e-10 	5.04417e-10 	-6.33967e-10 	8.9778e-10 	-1.12836e-09 	1.41815e-09
0.01      0.01    0.01    0.01    0.01    0.27 	0.0230879 	-0.00326026 	0.0489545 	1.57194e-12 	-4.81141e-13 	1.73052e-12 	8.83319e-13 	-1.18283e-12 	3.3129e-12 	1.07173e-10 	1.62482e-11 	-4.61847e-10 	2.46334e-12 	-7.00193e-11 	1.99026e-09
0.01      0.01    0.01    0.01    0.01    0.36 	0.0230879 	-0.00326026 	0.0489545 	1.57194e-12 	-4.81141e-13 	1.73052e-12 	8.83319e-13 	-1.18283e-12 	3.3129e-12 	1.07173e-10 	1.62482e-11 	-4.61847e-10 	2.46334e-12 	-7.00193e-11 	1.99026e-09
0.01      0.01    0.01    0.01    0.01    0.45 	0.0783804 	0.0182805 	0.00653098 	1.54541e-12 	-3.88626e-13 	-7.66069e-13 	7.06912e-13 	3.45877e-13 	1.56067e-12 	2.20128e-08 	6.17531e-09 	5.20449e-08 	1.73237e-09 	1.46003e-08 	1.2305e-07
0.01      0.01    0.01    0.01    0.01    0.54 	0.0783804 	0.0182805 	0.00653098 	1.54541e-12 	-3.88626e-13 	-7.66069e-13 	7.06912e-13 	3.45877e-13 	1.56067e-12 	2.20128e-08 	6.17531e-09 	5.20449e-08 	1.73237e-09 	1.46003e-08 	1.2305e-07
0.01      0.01    0.01    0.01    0.01    0.63 	0.0162978 	0.00336227 	0.0799928 	1.38859e-12 	8.84652e-14 	-1.147e-14 	7.1327e-13 	6.06682e-13 	2.12615e-12 	5.08108e-10 	6.07278e-12 	1.12968e-10 	7.25805e-14 	1.35017e-12 	2.51165e-11
0.01      0.01    0.01    0.01    0.01    0.72 	0.0162978 	0.00336227 	0.0799928 	1.38859e-12 	8.84652e-14 	-1.147e-14 	7.1327e-13 	6.06682e-13 	2.12615e-12 	5.08108e-10 	6.07278e-12 	1.12968e-10 	7.25805e-14 	1.35017e-12 	2.51165e-11
0.01      0.01    0.01    0.01    0.01    0.81 	0.0423908 	0.0411408 	0.0898185 	5.99883e-13 	1.453e-13 	9.79502e-14 	7.63656e-13 	4.84774e-13 	1.85245e-12 	6.15501e-10 	1.60856e-10 	-9.91332e-10 	4.20384e-11 	-2.59076e-10 	1.59665e-09
0.01      0.01    0.01    0.01    0.01    0.9 	0.0423908 	0.0411408 	0.0898185 	5.99883e-13 	1.453e-13 	9.79502e-14 	7.63656e-13 	4.84774e-13 	1.85245e-12 	6.15501e-10 	1.60856e-10 	-9.91332e-10 	4.20384e-11 	-2.59076e-10 	1.59665e-09
0.01      0.01    0.01    0.01    0.01    0.99 	0.0456562 	0.043137 	0.0297328 	5.81389e-13 	1.70166e-13 	2.84599e-13 	8.6846e-13 	-8.08207e-13 	2.6281e-12 	2.73248e-13 	-9.31917e-12 	-1.21286e-11 	3.17831e-10 	4.13645e-10 	5.38344e-10
0.01      0.01    0.01    0.01    0.01    1.08 	0.0456562 	0.043137 	0.0297328 	5.81389e-13 	1.70166e-13 	2.84599e-13 	8.6846e-13 	-8.08207e-13 	2.6281e-12 	2.73248e-13 	-9.31917e-12 	-1.21286e-11 	3.17831e-10 	4.13645e-10 	5.38344e-10
0.01      0.01    0.01    0.01    0.01    1.17 	0.0456562 	0.043137 	0.0297328 	5.81389e-13 	1.70166e-13 	2.84599e-13 	8.6846e-13 	-8.08207e-13 	2.6281e-12 	2.73248e-13 	-9.31917e-12 	-1.21286e-11 	3.17831e-10 	4.13645e-10 	5.38344e-10
0.01      0.01    0.01    0.01    0.01    1.26 	0.0536165 	0.0468141 	0.0389771 	1.64522e-12 	8.70382e-13 	-7.3624e-13 	4.66574e-13 	9.27103e-14 	2.10104e-12 	2.02586e-11 	4.59021e-11 	8.23491e-11 	1.04005e-10 	1.86587e-10 	3.3474e-10
0.01      0.01    0.01    0.01    0.01    1.35 	0.0536165 	0.0468141 	0.0389771 	1.64522e-12 	8.70382e-13 	-7.3624e-13 	4.66574e-13 	9.27103e-14 	2.10104e-12 	2.02586e-11 	4.59021e-11 	8.23491e-11 	1.04005e-10 	1.86587e-10 	3.3474e-10
0.01      0.01    0.01    0.01    0.01    1.44 	0.051544 	0.028565 	-0.0407464 	1.33879e-12 	-5.0337e-14 	-1.77079e-12 	3.61953e-13 	6.93378e-13 	2.33592e-12 	6.49772e-11 	1.5919e-11 	4.8022e-10 	3.90007e-12 	1.17651e-10 	3.54911e-09
0.01      0.01    0.01    0.01    0.01    1.53 	0.051544 	0.028565 	-0.0407464 	1.33879e-12 	-5.0337e-14 	-1.77079e-12 	3.61953e-13 	6.93378e-13 	2.33592e-12 	6.49772e-11 	1.5919e-11 	4.8022e-10 	3.90007e-12 	1.17651e-10 	3.54911e-09
0.01      0.01    0.01    0.01    0.01    1.62 	0.044448 	0.0266439 	0.0718788 	8.17916e-13 	-7.47852e-14 	2.18303e-13 	2.86471e-13 	1.91008e-14 	7.03556e-13 	1.02535e-09 	5.20792e-10 	-4.91021e-10 	2.64519e-10 	-2.49398e-10 	2.35141e-10
0.01      0.01    0.01    0.01    0.01    1.71 	0.044448 	0.0266439 	0.0718788 	8.17916e-13 	-7.47852e-14 	2.18303e-13 	2.86471e-13 	1.91008e-14 	7.03556e-13 	1.02535e-09 	5.20792e-10 	-4.91021e-10 	2.64519e-10 	-2.49398e-10 	2.35141e-10
0.01      0.01    0.01    0.01    0.01    1.8 	0.0466875 	0.0401944 	-0.0373959 	1.88882e-13 	1.60043e-14 	-3.653e-14 	1.45983e-13 	-1.13263e-13 	1.64548e-12 	1.92943e-10 	-3.17143e-11 	-2.37332e-10 	5.21293e-12 	3.90105e-11 	2.91932e-10
0.01      0.01    0.01    0.01    0.01    1.89 	0.0466875 	0.0401944 	-0.0373959 	1.88882e-13 	1.60043e-14 	-3.653e-14 	1.45983e-13 	-1.13263e-13 	1.64548e-12 	1.92943e-10 	-3.17143e-11 	-2.37332e-10 	5.21293e-12 	3.90105e-11 	2.91932e-10
0.01      0.01    0.01    0.01    0.01    1.98 	0.0342009 	0.0291936 	-0.0505616 	3.54074e-13 	1.16266e-14 	5.30477e-13 	3.57368e-13 	-6.92998e-13 	3.04355e-12 	3.90303e-10 	2.48595e-10 	-9.32339e-10 	1.58337e-10 	-5.93832e-10 	2.22713e-09
0.01      0.01    0.01    0.01    0.01    2.07 	0.0342009 	0.0291936 	-0.0505616 	3.54074e-13 	1.16266e-14 	5.30477e-13 	3.57368e-13 	-6.92998e-13 	3.04355e-12 	3.90303e-10 	2.48595e-10 	-9.32339e-10 	1.58337e-10 	-5.93832e-10 	2.22713e-09
0.01      0.01    0.01    0.01    0.01    2.16 	0.0493651 	0.0256483 	-0.00456939 	3.31262e-13 	1.30242e-13 	9.2399e-14 	7.88226e-13 	-1.13241e-12 	2.50049e-12 	1.85468e-10 	-8.57685e-11 	5.25473e-10 	3.96631e-11 	-2.43002e-10 	1.48879e-09
0.01      0.01    0.01    0.01    0.01    2.25 	0.0493651 	0.0256483 	-0.00456939 	3.31262e-13 	1.30242e-13 	9.2399e-14 	7.88226e-13 	-1.13241e-12 	2.50049e-12 	1.85468e-10 	-8.57685e-11 	5.25473e-10 	3.96631e-11 	-2.43002e-10 	1.48879e-09
0.01      0.01    0.01    0.01    0.01    2.34 	0.0493651 	0.0256483 	-0.00456939 	3.31262e-13 	1.30242e-13 	9.2399e-14 	7.88226e-13 	-1.13241e-12 	2.50049e-12 	1.85468e-10 	-8.57685e-11 	5.25473e-10 	3.96631e-11 	-2.43002e-10 	1.48879e-09
0.01      0.01    0.01    0.01    0.01    2.43 	0.0269819 	0.00758993 	0.0477999 	5.04803e-13 	1.52174e-13 	4.76659e-14 	1.19807e-12 	-1.10934e-12 	2.43423e-12 	3.59264e-09 	6.63912e-10 	-2.42951e-09 	1.2269e-10 	-4.48968e-10 	1.64294e-09
0.01      0.01    0.01    0.01    0.01    2.52 	0.0269819 	0.00758993 	0.0477999 	5.04803e-13 	1.52174e-13 	4.76659e-14 	1.19807e-12 	-1.10934e-12 	2.43423e-12 	3.59264e-09 	6.63912e-10 	-2.42951e-09 	1.2269e-10 	-4.48968e-10 	1.64294e-09
0.01      0.01    0.01    0.01    0.01    2.61 	0.0593803 	0.0492003 	-0.0566946 	5.04527e-13 	1.22727e-13 	5.3609e-14 	4.60506e-13 	1.1233e-14 	5.9441e-13 	1.27416e-09 	6.49757e-11 	-1.7926e-09 	3.31344e-12 	-9.14138e-11 	2.52199e-09
0.01      0.01    0.01    0.01    0.01    2.7 	0.0593803 	0.0492003 	-0.0566946 	5.04527e-13 	1.22727e-13 	5.3609e-14 	4.60506e-13 	1.1233e-14 	5.9441e-13 	1.27416e-09 	6.49757e-11 	-1.7926e-09 	3.31344e-12 	-9.14138e-11 	2.52199e-09
0.01      0.01    0.01    0.01    0.01    2.79 	0.0972231 	0.07108 	-0.0322213 	7.62854e-13 	4.10391e-14 	2.38781e-13 	5.76012e-13 	-9.49577e-15 	4.81139e-13 	2.04887e-09 	1.49997e-09 	3.98325e-10 	1.09813e-09 	2.91613e-10 	7.74392e-11
0.01      0.01    0.01    0.01    0.01    2.88 	0.0972231 	0.07108 	-0.0322213 	7.62854e-13 	4.10391e-14 	2.38781e-13 	5.76012e-13 	-9.49577e-15 	4.81139e-13 	2.04887e-09 	1.49997e-09 	3.98325e-10 	1.09813e-09 	2.91613e-10 	7.74392e-11
0.01      0.01    0.01    0.01    0.01    2.97 	0.0633654 	0.0268721 	0.0256173 	1.42997e-12 	-2.80101e-13 	-1.64453e-13 	6.65929e-13 	2.00401e-13 	1.06544e-12 	5.07797e-09 	1.38884e-10 	2.14304e-09 	3.7985e-12 	5.86125e-11 	9.04416e-10
0.01      0.01    0.01    0.01    0.01    3.06 	0.0633654 	0.0268721 	0.0256173 	1.42997e-12 	-2.80101e-13 	-1.64453e-13 	6.65929e-13 	2.00401e-13 	1.06544e-12 	5.07797e-09 	1.38884e-10 	2.14304e-09 	3.7985e-12 	5.86125e-11 	9.04416e-10
0.01      0.01    0.01    0.01    0.01    3.15 	0.0136616 	0.00439034 	0.0278065 	4.07253e-12 	4.65887e-13 	2.5304e-12 	4.14667e-13 	-1.1187e-13 	1.78113e-12 	2.33336e-09 	1.74352e-09 	-2.43753e-09 	1.30278e-09 	-1.82136e-09 	2.54636e-09
0.01      0.01    0.01    0.01    0.01    3.24 	0.0136616 	0.00439034 	0.0278065 	4.07253e-12 	4.65887e-13 	2.5304e-12 	4.14667e-13 	-1.1187e-13 	1.78113e-12 	2.33336e-09 	1.74352e-09 	-2.43753e-09 	1.30278e-09 	-1.82136e-09 	2.54636e-09
0.01      0.01    0.01    0.01    0.01    3.33 	0.0244689 	0.0158953 	-0.0016958 	2.5177e-12 	-2.6221e-13 	4.77579e-12 	1.27166e-12 	-1.93151e-12 	7.28416e-12 	1.57916e-09 	7.32345e-10 	-5.98448e-10 	3.39628e-10 	-2.77533e-10 	2.26791e-10
0.01      0.01    0.01    0.01    0.01    3.42 	0.0244689 	0.0158953 	-0.0016958 	2.5177e-12 	-2.6221e-13 	4.77579e-12 	1.27166e-12 	-1.93151e-12 	7.28416e-12 	1.57916e-09 	7.32345e-10 	-5.98448e-10 	3.39628e-10 	-2.77533e-10 	2.26791e-10
0.01      0.01    0.01    0.01    0.01    3.51 	0.0244689 	0.0158953 	-0.0016958 	2.5177e-12 	-2.6221e-13 	4.77579e-12 	1.27166e-12 	-1.93151e-12 	7.28416e-12 	1.57916e-09 	7.32345e-10 	-5.98448e-10 	3.39628e-10 	-2.77533e-10 	2.26791e-10
0.01      0.01    0.01    0.01    0.01    3.6 	0.0843249 	0.0412741 	-0.0514571 	1.68958e-12 	-2.16525e-13 	1.62961e-13 	4.06996e-13 	-1.59273e-14 	1.19753e-12 	7.58984e-09 	7.71255e-10 	3.37747e-09 	7.83725e-11 	3.43207e-10 	1.50297e-09
0.01      0.01    0.01    0.01    0.01    3.69 	0.0843249 	0.0412741 	-0.0514571 	1.68958e-12 	-2.16525e-13 	1.62961e-13 	4.06996e-13 	-1.59273e-14 	1.19753e-12 	7.58984e-09 	7.71255e-10 	3.37747e-09 	7.83725e-11 	3.43207e-10 	1.50297e-09
0.01      0.01    0.01    0.01    0.01    3.78 	0.0592004 	0.0155066 	-0.0595004 	4.08061e-12 	-8.13484e-13 	5.17947e-13 	8.50533e-13 	-8.66302e-14 	1.12839e-12 	5.35447e-10 	-1.96727e-10 	-1.67715e-09 	7.22787e-11 	6.16196e-10 	5.25323e-09
0.01      0.01    0.01    0.01    0.01    3.87 	0.0592004 	0.0155066 	-0.0595004 	4.08061e-12 	-8.13484e-13 	5.17947e-13 	8.50533e-13 	-8.66302e-14 	1.12839e-12 	5.35447e-10 	-1.96727e-10 	-1.67715e-09 	7.22787e-11 	6.16196e-10 	5.25323e-09
0.01      0.01    0.01    0.01    0.01    3.96 	0.0313602 	0.0130968 	0.0834049 	7.17033e-13 	5.47623e-14 	-1.67518e-13 	1.15919e-12 	-2.56072e-13 	8.81183e-13 	2.54885e-09 	2.63108e-09 	8.53966e-11 	2.71596e-09 	8.81517e-11 	2.86113e-12
0.01      0.01    0.01    0.01    0.01    4.05 	0.0313602 	0.0130968 	0.0834049 	7.17033e-13 	5.47623e-14 	-1.67518e-13 	1.15919e-12 	-2.56072e-13 	8.81183e-13 	2.54885e-09 	2.63108e-09 	8.53966e-11 	2.71596e-09 	8.81517e-11 	2.86113e-12
0.01      0.01    0.01    0.01    0.01    4.14 	0.0660118 	0.0509014 	0.0642546 	5.73221e-13 	1.18484e-13 	-9.01389e-15 	9.89771e-13 	-3.77476e-13 	1.19283e-12 	1.87855e-11 	9.15097e-12 	-1.02139e-10 	4.4577e-12 	-4.9755e-11 	5.55344e-10
0.01      0.01    0.01    0.01    0.01    4.23 	0.0660118 	0.0509014 	0.0642546 	5.73221e-13 	1.18484e-13 	-9.01389e-15 	9.89771e-13 	-3.77476e-13 	1.19283e-12 	1.87855e-11 	9.15097e-12 	-1.02139e-10 	4.4577e-12 	-4.9755e-11 	5.55344e-10
0.01      0.01    0.01    0.01    0.01    4.32 	-0.00295046 	-0.00708765 	0.051749 	6.00635e-13 	9.58598e-14 	3.43529e-13 	5.76282e-13 	-9.19324e-14 	6.43182e-13 	3.36063e-09 	6.04932e-10 	-4.24486e-09 	1.08891e-10 	-7.64099e-10 	5.36175e-09
0.01      0.01    0.01    0.01    0.01    4.41 	-0.00295046 	-0.00708765 	0.051749 	6.00635e-13 	9.58598e-14 	3.43529e-13 	5.76282e-13 	-9.19324e-14 	6.43182e-13 	3.36063e-09 	6.04932e-10 	-4.24486e-09 	1.08891e-10 	-7.64099e-10 	5.36175e-09
0.01      0.01    0.01    0.01    0.01    4.5 	-0.00295046 	-0.00708765 	0.051749 	6.00635e-13 	9.58598e-14 	3.43529e-13 	5.76282e-13 	-9.19324e-14 	6.43182e-13 	3.36063e-09 	6.04932e-10 	-4.24486e-09 	1.08891e-10 	-7.64099e-10 	5.36175e-09
0.02      0.02    0.02    0.02    0.02    0 	0.0096929 	0.00830402 	0.0400119 	1.22952e-12 	1.07838e-13 	-2.80032e-13 	5.61445e-13 	3.50289e-13 	1.17573e-12 	1.33363e-09 	2.41221e-09 	-2.97014e-09 	4.36546e-09 	-5.3716e-09 	6.61503e-09
0.02      0.02    0.02    0.02    0.02    0.09 	0.0096929 	0.00830402 	0.0400119 	1.22952e-12 	1.07838e-13 	-2.80032e-13 	5.61445e-13 	3.50289e-13 	1.17573e-12 	1.33363e-09 	2.41221e-09 	-2.97014e-09 	4.36546e-09 	-5.3716e-09 	6.61503e-09
0.02      0.02    0.02    0.02    0.02    0.18 	0.0096929 	0.00830402 	0.0400119 	1.22952e-12 	1.07838e-13 	-2.80032e-13 	5.61445e-13 	3.50289e-13 	1.17573e-12 	1.33363e-09 	2.41221e-09 	-2.97014e-09 	4.36546e-09 	-5.3716e-09 	6.61503e-09
0.02      0.02    0.02    0.02    0.02    0.27 	0.0230703 	-0.00329269 	0.0491341 	1.57869e-12 	-4.78114e-13 	1.73361e-12 	8.75188e-13 	-1.17599e-12 	3.31022e-12 	2.01487e-10 	1.91025e-10 	-1.37759e-09 	2.27806e-10 	-1.44734e-09 	9.96814e-09
0.02      0.02    0.02    0.02    0.02    0.36 	0.0230703 	-0.00329269 	0.0491341 	1.57869e-12 	-4.78114e-13 	1.73361e-12 	8.75188e-13 	-1.17599e-12 	3.31022e-12 	2.01487e-10 	1.91025e-10 	-1.37759e-09 	2.27806e-10 	-1.44734e-09 	9.96814e-09
0.02      0.02    0.02    0.02    0.02    0.45 	0.0778522 	0.01805 	0.00514373 	1.53766e-12 	-3.87314e-13 	-7.75259e-13 	7.10115e-13 	3.54494e-13 	1.5674e-12 	9.52254e-08 	3.58027e-08 	2.39962e-07 	1.37279e-08 	9.07263e-08 	6.05662e-07
0.02      0.02    0.02    0.02    0.02    0.54 	0.0778522 	0.01805 	0.00514373 	1.53766e-12 	-3.87314e-13 	-7.75259e-13 	7.10115e-13 	3.54494e-13 	1.5674e-12 	9.52254e-08 	3.58027e-08 	2.39962e-07 	1.37279e-08 	9.07263e-08 	6.05662e-07
0.02      0.02    0.02    0.02    0.02    0.63 	0.0163933 	0.0033643 	0.0800162 	1.38888e-12 	8.86318e-14 	-1.42871e-14 	7.10728e-13 	6.03732e-13 	2.11963e-12 	2.84669e-09 	1.98358e-11 	7.0805e-10 	3.91522e-12 	1.93493e-12 	1.78633e-10
0.02      0.02    0.02    0.02    0.02    0.72 	0.0163933 	0.0033643 	0.0800162 	1.38888e-12 	8.86318e-14 	-1.42871e-14 	7.10728e-13 	6.03732e-13 	2.11963e-12 	2.84669e-09 	1.98358e-11 	7.0805e-10 	3.91522e-12 	1.93493e-12 	1.78633e-10
0.02      0.02    0.02    0.02    0.02    0.81 	0.0422966 	0.0411145 	0.089979 	5.99956e-13 	1.45356e-13 	9.79329e-14 	7.63445e-13 	4.82838e-13 	1.84788e-12 	2.86726e-09 	7.77246e-10 	-4.79283e-09 	2.11029e-10 	-1.29989e-09 	8.01357e-09
0.02      0.02    0.02    0.02    0.02    0.9 	0.0422966 	0.0411145 	0.089979 	5.99956e-13 	1.45356e-13 	9.79329e-14 	7.63445e-13 	4.82838e-13 	1.84788e-12 	2.86726e-09 	7.77246e-10 	-4.79283e-09 	2.11029e-10 	-1.29989e-09 	8.01357e-09
0.02      0.02    0.02    0.02    0.02    0.99 	0.0456662 	0.0432069 	0.0298278 	5.81066e-13 	1.70528e-13 	2.83439e-13 	8.68388e-13 	-8.07676e-13 	2.62745e-12 	1.49763e-11 	1.30609e-10 	1.75998e-10 	1.53247e-09 	2.06345e-09 	2.77918e-09
0.02      0.02    0.02    0.02    0.02    1.08 	0.0456662 	0.0432069 	0.0298278 	5.81066e-13 	1.70528e-13 	2.83439e-13 	8.68388e-13 	-8.07676e-13 	2.62745e-12 	1.49763e-11 	1.30609e-10 	1.75998e-10 	1.53247e-09 	2.06345e-09 	2.77918e-09
0.02      0.02    0.02    0.02    0.02    1.17 	0.0456662 	0.0432069 	0.0298278 	5.81066e-13 	1.70528e-13 	2.83439e-13 	8.68388e-13 	-8.07676e-13 	2.62745e-12 	1.49763e-11 	1.30609e-10 	1.75998e-10 	1.53247e-09 	2.06345e-09 	2.77918e-09
0.02      0.02    0.02    0.02    0.02    1.26 	0.0536418 	0.0468424 	0.0390523 	1.64251e-12 	8.69489e-13 	-7.34177e-13 	4.66675e-13 	9.20627e-14 	2.10347e-12 	1.63083e-10 	2.26871e-10 	5.29017e-10 	3.33793e-10 	7.57587e-10 	1.74279e-09
0.02      0.02    0.02    0.02    0.02    1.35 	0.0536418 	0.0468424 	0.0390523 	1.64251e-12 	8.69489e-13 	-7.34177e-13 	4.66675e-13 	9.20627e-14 	2.10347e-12 	1.63083e-10 	2.26871e-10 	5.29017e-10 	3.33793e-10 	7.57587e-10 	1.74279e-09
0.02      0.02    0.02    0.02    0.02    1.44 	0.0515284 	0.0285573 	-0.0409847 	1.339e-12 	-5.07714e-14 	-1.76979e-12 	3.62044e-13 	6.91941e-13 	2.3325e-12 	1.41395e-10 	5.80508e-11 	1.55453e-09 	2.68039e-11 	6.45608e-10 	1.7813e-08
0.02      0.02    0.02    0.02    0.02    1.53 	0.0515284 	0.0285573 	-0.0409847 	1.339e-12 	-5.07714e-14 	-1.76979e-12 	3.62044e-13 	6.91941e-13 	2.3325e-12 	1.41395e-10 	5.80508e-11 	1.55453e-09 	2.68039e-11 	6.45608e-10 	1.7813e-08
0.02      0.02    0.02    0.02    0.02    1.62 	0.0443384 	0.026549 	0.0719352 	8.17544e-13 	-7.50352e-14 	2.17134e-13 	2.86681e-13 	1.96839e-14 	7.03954e-13 	4.27772e-09 	3.06648e-09 	-2.09667e-09 	2.27079e-09 	-1.52143e-09 	1.0339e-09
0.02      0.02    0.02    0.02    0.02    1.71 	0.0443384 	0.026549 	0.0719352 	8.17544e-13 	-7.50352e-14 	2.17134e-13 	2.86681e-13 	1.96839e-14 	7.03954e-13 	4.27772e-09 	3.06648e-09 	-2.09667e-09 	2.27079e-09 	-1.52143e-09 	1.0339e-09
0.02      0.02    0.02    0.02    0.02    1.8 	0.0466382 	0.0402015 	-0.0373172 	1.89457e-13 	1.60036e-14 	-3.56809e-14 	1.46454e-13 	-1.13802e-13 	1.64803e-12 	8.09995e-10 	-1.2702e-10 	-1.20635e-09 	2.04092e-11 	1.89514e-10 	1.80466e-09
0.02      0.02    0.02    0.02    0.02    1.89 	0.0466382 	0.0402015 	-0.0373172 	1.89457e-13 	1.60036e-14 	-3.56809e-14 	1.46454e-13 	-1.13802e-13 	1.64803e-12 	8.09995e-10 	-1.2702e-10 	-1.20635e-09 	2.04092e-11 	1.89514e-10 	1.80466e-09
0.02      0.02    0.02    0.02    0.02    1.98 	0.0341498 	0.0291343 	-0.0503586 	3.53849e-13 	1.16588e-14 	5.30929e-13 	3.578e-13 	-6.95136e-13 	3.05068e-12 	1.14888e-09 	1.05856e-09 	-3.72932e-09 	1.00292e-09 	-3.51961e-09 	1.23582e-08
0.02      0.02    0.02    0.02    0.02    2.07 	0.0341498 	0.0291343 	-0.0503586 	3.53849e-13 	1.16588e-14 	5.30929e-13 	3.578e-13 	-6.95136e-13 	3.05068e-12 	1.14888e-09 	1.05856e-09 	-3.72932e-09 	1.00292e-09 	-3.51961e-09 	1.23582e-08
0.02      0.02    0.02    0.02    0.02    2.16 	0.0493298 	0.025687 	-0.00471606 	3.30887e-13 	1.3038e-13 	9.19447e-14 	7.87847e-13 	-1.13179e-12 	2.49718e-12 	5.55154e-10 	-4.24502e-10 	1.96987e-09 	3.61029e-10 	-1.55656e-09 	7.07291e-09
0.02      0.02    0.02    0.02    0.02    2.25 	0.0493298 	0.025687 	-0.00471606 	3.30887e-13 	1.3038e-13 	9.19447e-14 	7.87847e-13 	-1.13179e-12 	2.49718e-12 	5.55154e-10 	-4.24502e-10 	1.96987e-09 	3.61029e-10 	-1.55656e-09 	7.07291e-09
0.02      0.02    0.02    0.02    0.02    2.34 	0.0493298 	0.025687 	-0.00471606 	3.30887e-13 	1.3038e-13 	9.19447e-14 	7.87847e-13 	-1.13179e-12 	2.49718e-12 	5.55154e-10 	-4.24502e-10 	1.96987e-09 	3.61029e-10 	-1.55656e-09 	7.07291e-09
0.02      0.02    0.02    0.02    0.02    2.43 	0.0267846 	0.00751643 	0.0479621 	5.05641e-13 	1.52355e-13 	4.72194e-14 	1.20012e-12 	-1.11301e-12 	2.44169e-12 	1.42124e-08 	4.10313e-09 	-1.07846e-08 	1.26892e-09 	-3.17418e-09 	8.22735e-09
0.02      0.02    0.02    0.02    0.02    2.52 	0.0267846 	0.00751643 	0.0479621 	5.05641e-13 	1.52355e-13 	4.72194e-14 	1.20012e-12 	-1.11301e-12 	2.44169e-12 	1.42124e-08 	4.10313e-09 	-1.07846e-08 	1.26892e-09 	-3.17418e-09 	8.22735e-09
0.02      0.02    0.02    0.02    0.02    2.61 	0.0592931 	0.0491546 	-0.0564872 	5.04756e-13 	1.22362e-13 	5.33299e-14 	4.59913e-13 	1.0655e-14 	5.94173e-13 	3.4234e-09 	1.12205e-09 	-6.69137e-09 	4.28312e-10 	-2.30965e-09 	1.33215e-08
0.02      0.02    0.02    0.02    0.02    2.7 	0.0592931 	0.0491546 	-0.0564872 	5.04756e-13 	1.22362e-13 	5.33299e-14 	4.59913e-13 	1.0655e-14 	5.94173e-13 	3.4234e-09 	1.12205e-09 	-6.69137e-09 	4.28312e-10 	-2.30965e-09 	1.33215e-08
0.02      0.02    0.02    0.02    0.02    2.79 	0.0974191 	0.0712233 	-0.0321863 	7.62061e-13 	4.02098e-14 	2.38449e-13 	5.75097e-13 	-9.74344e-15 	4.80227e-13 	1.15027e-08 	8.37646e-09 	2.03816e-09 	6.10132e-09 	1.48693e-09 	3.6635e-10
0.02      0.02    0.02    0.02    0.02    2.88 	0.0974191 	0.0712233 	-0.0321863 	7.62061e-13 	4.02098e-14 	2.38449e-13 	5.75097e-13 	-9.74344e-15 	4.80227e-13 	1.15027e-08 	8.37646e-09 	2.03816e-09 	6.10132e-09 	1.48693e-09 	3.6635e-10
0.02      0.02    0.02    0.02    0.02    2.97 	0.0631312 	0.0268271 	0.0254916 	1.42364e-12 	-2.80754e-13 	-1.67677e-13 	6.67171e-13 	2.02086e-13 	1.06396e-12 	1.96875e-08 	2.53202e-09 	9.73684e-09 	3.72681e-10 	1.28144e-09 	4.8344e-09
0.02      0.02    0.02    0.02    0.02    3.06 	0.0631312 	0.0268271 	0.0254916 	1.42364e-12 	-2.80754e-13 	-1.67677e-13 	6.67171e-13 	2.02086e-13 	1.06396e-12 	1.96875e-08 	2.53202e-09 	9.73684e-09 	3.72681e-10 	1.28144e-09 	4.8344e-09
0.02      0.02    0.02    0.02    0.02    3.15 	0.013511 	0.00422728 	0.028007 	4.08832e-12 	4.74973e-13 	2.52805e-12 	4.1439e-13 	-1.09133e-13 	1.77587e-12 	8.56928e-09 	8.08213e-09 	-1.04333e-08 	7.71851e-09 	-9.91329e-09 	1.27602e-08
0.02      0.02    0.02    0.02    0.02    3.24 	0.013511 	0.00422728 	0.028007 	4.08832e-12 	4.74973e-13 	2.52805e-12 	4.1439e-13 	-1.09133e-13 	1.77587e-12 	8.56928e-09 	8.08213e-09 	-1.04333e-08 	7.71851e-09 	-9.91329e-09 	1.27602e-08
0.02      0.02    0.02    0.02    0.02    3.33 	0.024347 	0.0158113 	-0.00161734 	2.51288e-12 	-2.60585e-13 	4.77576e-12 	1.27301e-12 	-1.93711e-12 	7.31002e-12 	5.53641e-09 	3.42488e-09 	-3.01979e-09 	2.14664e-09 	-1.88872e-09 	1.67427e-09
0.02      0.02    0.02    0.02    0.02    3.42 	0.024347 	0.0158113 	-0.00161734 	2.51288e-12 	-2.60585e-13 	4.77576e-12 	1.27301e-12 	-1.93711e-12 	7.31002e-12 	5.53641e-09 	3.42488e-09 	-3.01979e-09 	2.14664e-09 	-1.88872e-09 	1.67427e-09
0.02      0.02    0.02    0.02    0.02    3.51 	0.024347 	0.0158113 	-0.00161734 	2.51288e-12 	-2.60585e-13 	4.77576e-12 	1.27301e-12 	-1.93711e-12 	7.31002e-12 	5.53641e-09 	3.42488e-09 	-3.01979e-09 	2.14664e-09 	-1.88872e-09 	1.67427e-09
0.02      0.02    0.02    0.02    0.02    3.6 	0.08405 	0.0411841 	-0.0516156 	1.68493e-12 	-2.16207e-13 	1.69451e-13 	4.06803e-13 	-1.76258e-14 	1.19745e-12 	2.80207e-08 	6.73348e-09 	1.47814e-08 	1.72863e-09 	3.61264e-09 	7.83147e-09
0.02      0.02    0.02    0.02    0.02    3.69 	0.08405 	0.0411841 	-0.0516156 	1.68493e-12 	-2.16207e-13 	1.69451e-13 	4.06803e-13 	-1.76258e-14 	1.19745e-12 	2.80207e-08 	6.73348e-09 	1.47814e-08 	1.72863e-09 	3.61264e-09 	7.83147e-09
0.02      0.02    0.02    0.02    0.02    3.78 	0.0591603 	0.01548 	-0.0592312 	4.08108e-12 	-8.14011e-13 	5.40119e-13 	8.52285e-13 	-9.103e-14 	1.12909e-12 	1.06746e-09 	7.22448e-11 	-4.91681e-09 	9.37614e-11 	-6.49373e-10 	2.37839e-08
0.02      0.02    0.02    0.02    0.02    3.87 	0.0591603 	0.01548 	-0.0592312 	4.08108e-12 	-8.14011e-13 	5.40119e-13 	8.52285e-13 	-9.103e-14 	1.12909e-12 	1.06746e-09 	7.22448e-11 	-4.91681e-09 	9.37614e-11 	-6.49373e-10 	2.37839e-08
0.02      0.02    0.02    0.02    0.02    3.96 	0.0311695 	0.0128858 	0.0833736 	7.18296e-13 	5.56721e-14 	-1.66866e-13 	1.16311e-12 	-2.55778e-13 	8.81007e-13 	1.17815e-08 	1.27559e-08 	1.41831e-09 	1.38149e-08 	1.54326e-09 	1.85679e-10
0.02      0.02    0.02    0.02    0.02    4.05 	0.0311695 	0.0128858 	0.0833736 	7.18296e-13 	5.56721e-14 	-1.66866e-13 	1.16311e-12 	-2.55778e-13 	8.81007e-13 	1.17815e-08 	1.27559e-08 	1.41831e-09 	1.38149e-08 	1.54326e-09 	1.85679e-10
0.02      0.02    0.02    0.02    0.02    4.14 	0.0660076 	0.050871 	0.0643497 	5.73749e-13 	1.18596e-13 	-8.72675e-15 	9.90955e-13 	-3.78107e-13 	1.19246e-12 	2.47995e-11 	5.54806e-11 	-2.42336e-10 	1.85571e-10 	-7.01982e-10 	2.78668e-09
0.02      0.02    0.02    0.02    0.02    4.23 	0.0660076 	0.050871 	0.0643497 	5.73749e-13 	1.18596e-13 	-8.72675e-15 	9.90955e-13 	-3.78107e-13 	1.19246e-12 	2.47995e-11 	5.54806e-11 	-2.42336e-10 	1.85571e-10 	-7.01982e-10 	2.78668e-09
0.02      0.02    0.02    0.02    0.02    4.32 	-0.00314522 	-0.00717193 	0.0520332 	6.00796e-13 	9.60018e-14 	3.43657e-13 	5.76979e-13 	-9.22758e-14 	6.44181e-13 	1.34694e-08 	4.55564e-09 	-1.8597e-08 	1.6104e-09 	-6.35183e-09 	2.5735e-08
0.02      0.02    0.02    0.02    0.02    4.41 	-0.00314522 	-0.00717193 	0.0520332 	6.00796e-13 	9.60018e-14 	3.43657e-13 	5.76979e-13 	-9.22758e-14 	6.44181e-13 	1.34694e-08 	4.55564e-09 	-1.8597e-08 	1.6104e-09 	-6.35183e-09 	2.5735e-08
0.02      0.02    0.02    0.02    0.02    4.5 	-0.00314522 	-0.00717193 	0.0520332 	6.00796e-13 	9.60018e-14 	3.43657e-13 	5.76979e-13 	-9.22758e-14 	6.44181e-13 	1.34694e-08 	4.55564e-09 	-1.8597e-08 	1.6104e-09 	-6.35183e-09 	2.5735e-08
0.03      0.03    0.03    0.03    0.03    0 	0.00962909 	0.00819793 	0.0401395 	1.22814e-12 	1.0764e-13 	-2.7924e-13 	5.60147e-13 	3.48675e-13 	1.17374e-12 	3.01418e-09 	5.36561e-09 	-6.47391e-09 	9.55996e-09 	-1.15314e-08 	1.39165e-08
0.03      0.03    0.03    0.03    0.03    0.09 	0.00962909 	0.00819793 	0.0401395 	1.22814e-12 	1.0764e-13 	-2.7924e-13 	5.60147e-13 	3.48675e-13 	1.17374e-12 	3.01418e-09 	5.36561e-09 	-6.47391e-09 	9.55996e-09 	-1.15314e-08 	1.39165e-08
0.03      0.03    0.03    0.03    0.03    0.18 	0.00962909 	0.00819793 	0.0401395 	1.22814e-12 	1.0764e-13 	-2.7924e-13 	5.60147e-13 	3.48675e-13 	1.17374e-12 	3.01418e-09 	5.36561e-09 	-6.47391e-09 	9.55996e-09 	-1.15314e-08 	1.39165e-08
0.03      0.03    0.03    0.03    0.03    0.27 	0.0230603 	-0.0032896 	0.0493349 	1.58548e-12 	-4.74988e-13 	1.7365e-12 	8.67187e-13 	-1.16903e-12 	3.30738e-12 	2.68996e-10 	2.25577e-10 	-2.50161e-09 	2.2704e-10 	-2.0857e-09 	2.55853e-08
0.03      0.03    0.03    0.03    0.03    0.36 	0.0230603 	-0.0032896 	0.0493349 	1.58548e-12 	-4.74988e-13 	1.7365e-12 	8.67187e-13 	-1.16903e-12 	3.30738e-12 	2.68996e-10 	2.25577e-10 	-2.50161e-09 	2.2704e-10 	-2.0857e-09 	2.55853e-08
0.03      0.03    0.03    0.03    0.03    0.45 	0.0773992 	0.0177926 	0.00375963 	1.53014e-12 	-3.85994e-13 	-7.84259e-13 	7.13271e-13 	3.63078e-13 	1.57427e-12 	1.89759e-07 	8.59298e-08 	5.15589e-07 	3.96785e-08 	2.35356e-07 	1.40562e-06
0.03      0.03    0.03    0.03    0.03    0.54 	0.0773992 	0.0177926 	0.00375963 	1.53014e-12 	-3.85994e-13 	-7.84259e-13 	7.13271e-13 	3.63078e-13 	1.57427e-12 	1.89759e-07 	8.59298e-08 	5.15589e-07 	3.96785e-08 	2.35356e-07 	1.40562e-06
0.03      0.03    0.03    0.03    0.03    0.63 	0.0164738 	0.00336616 	0.0800086 	1.38919e-12 	8.88189e-14 	-1.70618e-14 	7.08172e-13 	6.0083e-13 	2.11317e-12 	5.74801e-09 	1.52675e-10 	7.75578e-10 	8.28555e-12 	1.44781e-11 	1.50727e-10
0.03      0.03    0.03    0.03    0.03    0.72 	0.0164738 	0.00336616 	0.0800086 	1.38919e-12 	8.88189e-14 	-1.70618e-14 	7.08172e-13 	6.0083e-13 	2.11317e-12 	5.74801e-09 	1.52675e-10 	7.75578e-10 	8.28555e-12 	1.44781e-11 	1.50727e-10
0.03      0.03    0.03    0.03    0.03    0.81 	0.0422062 	0.0410793 	0.0901454 	6.00024e-13 	1.45415e-13 	9.79108e-14 	7.63226e-13 	4.80925e-13 	1.84337e-12 	6.3848e-09 	2.00664e-09 	-1.10904e-08 	6.37036e-10 	-3.495e-09 	1.92787e-08
0.03      0.03    0.03    0.03    0.03    0.9 	0.0422062 	0.0410793 	0.0901454 	6.00024e-13 	1.45415e-13 	9.79108e-14 	7.63226e-13 	4.80925e-13 	1.84337e-12 	6.3848e-09 	2.00664e-09 	-1.10904e-08 	6.37036e-10 	-3.495e-09 	1.92787e-08
0.03      0.03    0.03    0.03    0.03    0.99 	0.0456905 	0.0432769 	0.0299227 	5.8083e-13 	1.70869e-13 	2.82252e-13 	8.68364e-13 	-8.07053e-13 	2.62664e-12 	1.52998e-10 	6.90004e-10 	9.28542e-10 	3.61495e-09 	4.86211e-09 	6.54019e-09
0.03      0.03    0.03    0.03    0.03    1.08 	0.0456905 	0.0432769 	0.0299227 	5.8083e-13 	1.70869e-13 	2.82252e-13 	8.68364e-13 	-8.07053e-13 	2.62664e-12 	1.52998e-10 	6.90004e-10 	9.28542e-10 	3.61495e-09 	4.86211e-09 	6.54019e-09
0.03      0.03    0.03    0.03    0.03    1.17 	0.0456905 	0.0432769 	0.0299227 	5.8083e-13 	1.70869e-13 	2.82252e-13 	8.68364e-13 	-8.07053e-13 	2.62664e-12 	1.52998e-10 	6.90004e-10 	9.28542e-10 	3.61495e-09 	4.86211e-09 	6.54019e-09
0.03      0.03    0.03    0.03    0.03    1.26 	0.053672 	0.0468674 	0.0391241 	1.6398e-12 	8.68571e-13 	-7.32112e-13 	4.66795e-13 	9.14205e-14 	2.1059e-12 	5.11749e-10 	5.44526e-10 	1.41414e-09 	6.06475e-10 	1.5412e-09 	3.95815e-09
0.03      0.03    0.03    0.03    0.03    1.35 	0.053672 	0.0468674 	0.0391241 	1.6398e-12 	8.68571e-13 	-7.32112e-13 	4.66795e-13 	9.14205e-14 	2.1059e-12 	5.11749e-10 	5.44526e-10 	1.41414e-09 	6.06475e-10 	1.5412e-09 	3.95815e-09
0.03      0.03    0.03    0.03    0.03    1.44 	0.0515271 	0.0285593 	-0.0412064 	1.33918e-12 	-5.11961e-14 	-1.76868e-12 	3.62157e-13 	6.90477e-13 	2.32899e-12 	1.46451e-10 	4.86434e-11 	2.2022e-09 	1.97664e-11 	6.50492e-10 	3.93649e-08
0.03      0.03    0.03    0.03    0.03    1.53 	0.0515271 	0.0285593 	-0.0412064 	1.33918e-12 	-5.11961e-14 	-1.76868e-12 	3.62157e-13 	6.90477e-13 	2.32899e-12 	1.46451e-10 	4.86434e-11 	2.2022e-09 	1.97664e-11 	6.50492e-10 	3.93649e-08
0.03      0.03    0.03    0.03    0.03    1.62 	0.044248 	0.0264465 	0.0720026 	8.17177e-13 	-7.52883e-14 	2.15954e-13 	2.86882e-13 	2.02766e-14 	7.04358e-13 	8.03268e-09 	7.12726e-09 	-4.63595e-09 	6.50267e-09 	-4.19401e-09 	2.7171e-09
0.03      0.03    0.03    0.03    0.03    1.71 	0.044248 	0.0264465 	0.0720026 	8.17177e-13 	-7.52883e-14 	2.15954e-13 	2.86882e-13 	2.02766e-14 	7.04358e-13 	8.03268e-09 	7.12726e-09 	-4.63595e-09 	6.50267e-09 	-4.19401e-09 	2.7171e-09
0.03      0.03    0.03    0.03    0.03    1.8 	0.0465872 	0.0401956 	-0.0372555 	1.90058e-13 	1.60033e-14 	-3.48365e-14 	1.46952e-13 	-1.14333e-13 	1.6505e-12 	1.88885e-09 	-1.00839e-10 	-2.64001e-09 	1.57055e-11 	1.50713e-10 	3.70455e-09
0.03      0.03    0.03    0.03    0.03    1.89 	0.0465872 	0.0401956 	-0.0372555 	1.90058e-13 	1.60033e-14 	-3.48365e-14 	1.46952e-13 	-1.14333e-13 	1.6505e-12 	1.88885e-09 	-1.00839e-10 	-2.64001e-09 	1.57055e-11 	1.50713e-10 	3.70455e-09
0.03      0.03    0.03    0.03    0.03    1.98 	0.0341111 	0.029076 	-0.0501655 	3.53679e-13 	1.16895e-14 	5.31351e-13 	3.58284e-13 	-6.97233e-13 	3.05773e-12 	1.89053e-09 	2.11189e-09 	-7.25348e-09 	2.42915e-09 	-8.31348e-09 	2.84643e-08
0.03      0.03    0.03    0.03    0.03    2.07 	0.0341111 	0.029076 	-0.0501655 	3.53679e-13 	1.16895e-14 	5.31351e-13 	3.58284e-13 	-6.97233e-13 	3.05773e-12 	1.89053e-09 	2.11189e-09 	-7.25348e-09 	2.42915e-09 	-8.31348e-09 	2.84643e-08
0.03      0.03    0.03    0.03    0.03    2.16 	0.0493163 	0.0257337 	-0.0048227 	3.30572e-13 	1.30507e-13 	9.14949e-14 	7.875e-13 	-1.13111e-12 	2.49383e-12 	7.09792e-10 	-8.54905e-10 	2.99052e-09 	1.21722e-09 	-3.88763e-09 	1.30467e-08
0.03      0.03    0.03    0.03    0.03    2.25 	0.0493163 	0.0257337 	-0.0048227 	3.30572e-13 	1.30507e-13 	9.14949e-14 	7.875e-13 	-1.13111e-12 	2.49383e-12 	7.09792e-10 	-8.54905e-10 	2.99052e-09 	1.21722e-09 	-3.88763e-09 	1.30467e-08
0.03      0.03    0.03    0.03    0.03    2.34 	0.0493163 	0.0257337 	-0.0048227 	3.30572e-13 	1.30507e-13 	9.14949e-14 	7.875e-13 	-1.13111e-12 	2.49383e-12 	7.09792e-10 	-8.54905e-10 	2.99052e-09 	1.21722e-09 	-3.88763e-09 	1.30467e-08
0.03      0.03    0.03    0.03    0.03    2.43 	0.0266132 	0.00742879 	0.0481248 	5.06575e-13 	1.52512e-13 	4.67742e-14 	1.20214e-12 	-1.1165e-12 	2.44898e-12 	2.72606e-08 	1.04891e-08 	-2.28036e-08 	4.22785e-09 	-8.92517e-09 	1.9195e-08
0.03      0.03    0.03    0.03    0.03    2.52 	0.0266132 	0.00742879 	0.0481248 	5.06575e-13 	1.52512e-13 	4.67742e-14 	1.20214e-12 	-1.1165e-12 	2.44898e-12 	2.72606e-08 	1.04891e-08 	-2.28036e-08 	4.22785e-09 	-8.92517e-09 	1.9195e-08
0.03      0.03    0.03    0.03    0.03    2.61 	0.0592224 	0.0491326 	-0.0563152 	5.04981e-13 	1.22002e-13 	5.30529e-14 	4.59318e-13 	1.00804e-14 	5.9394e-13 	5.95303e-09 	2.02149e-09 	-1.27153e-08 	7.27338e-10 	-4.40315e-09 	2.74498e-08
0.03      0.03    0.03    0.03    0.03    2.7 	0.0592224 	0.0491326 	-0.0563152 	5.04981e-13 	1.22002e-13 	5.30529e-14 	4.59318e-13 	1.00804e-14 	5.9394e-13 	5.95303e-09 	2.02149e-09 	-1.27153e-08 	7.27338e-10 	-4.40315e-09 	2.74498e-08
0.03      0.03    0.03    0.03    0.03    2.79 	0.0976146 	0.0713623 	-0.0321257 	7.61255e-13 	3.93878e-14 	2.38119e-13 	5.74191e-13 	-9.98535e-15 	4.79317e-13 	2.73347e-08 	1.98443e-08 	6.28938e-09 	1.44084e-08 	4.56425e-09 	1.48576e-09
0.03      0.03    0.03    0.03    0.03    2.88 	0.0976146 	0.0713623 	-0.0321257 	7.61255e-13 	3.93878e-14 	2.38119e-13 	5.74191e-13 	-9.98535e-15 	4.79317e-13 	2.73347e-08 	1.98443e-08 	6.28938e-09 	1.44084e-08 	4.56425e-09 	1.48576e-09
0.03      0.03    0.03    0.03    0.03    2.97 	0.0629171 	0.0267644 	0.0253779 	1.41734e-12 	-2.81396e-13 	-1.70857e-13 	6.68382e-13 	2.03775e-13 	1.0625e-12 	3.99733e-08 	7.79851e-09 	2.05707e-08 	1.64519e-09 	4.05862e-09 	1.06063e-08
0.03      0.03    0.03    0.03    0.03    3.06 	0.0629171 	0.0267644 	0.0253779 	1.41734e-12 	-2.81396e-13 	-1.70857e-13 	6.68382e-13 	2.03775e-13 	1.0625e-12 	3.99733e-08 	7.79851e-09 	2.05707e-08 	1.64519e-09 	4.05862e-09 	1.06063e-08
0.03      0.03    0.03    0.03    0.03    3.15 	0.0133838 	0.00407911 	0.0281767 	4.10402e-12 	4.84072e-13 	2.52567e-12 	4.14257e-13 	-1.06417e-13 	1.77065e-12 	1.60017e-08 	1.67394e-08 	-2.04554e-08 	1.76692e-08 	-2.15028e-08 	2.622e-08
0.03      0.03    0.03    0.03    0.03    3.24 	0.0133838 	0.00407911 	0.0281767 	4.10402e-12 	4.84072e-13 	2.52567e-12 	4.14257e-13 	-1.06417e-13 	1.77065e-12 	1.60017e-08 	1.67394e-08 	-2.04554e-08 	1.76692e-08 	-2.15028e-08 	2.622e-08
0.03      0.03    0.03    0.03    0.03    3.33 	0.0242356 	0.0157505 	-0.00154414 	2.50823e-12 	-2.58951e-13 	4.77527e-12 	1.27458e-12 	-1.94253e-12 	7.33555e-12 	1.12034e-08 	6.6428e-09 	-6.66443e-09 	3.96103e-09 	-3.95816e-09 	3.99661e-09
0.03      0.03    0.03    0.03    0.03    3.42 	0.0242356 	0.0157505 	-0.00154414 	2.50823e-12 	-2.58951e-13 	4.77527e-12 	1.27458e-12 	-1.94253e-12 	7.33555e-12 	1.12034e-08 	6.6428e-09 	-6.66443e-09 	3.96103e-09 	-3.95816e-09 	3.99661e-09
0.03      0.03    0.03    0.03    0.03    3.51 	0.0242356 	0.0157505 	-0.00154414 	2.50823e-12 	-2.58951e-13 	4.77527e-12 	1.27458e-12 	-1.94253e-12 	7.33555e-12 	1.12034e-08 	6.6428e-09 	-6.66443e-09 	3.96103e-09 	-3.95816e-09 	3.99661e-09
0.03      0.03    0.03    0.03    0.03    3.6 	0.083813 	0.0410903 	-0.0517397 	1.68038e-12 	-2.15903e-13 	1.75918e-13 	4.06611e-13 	-1.93225e-14 	1.19741e-12 	5.39916e-08 	1.64297e-08 	2.89523e-08 	5.19496e-09 	8.86324e-09 	1.55524e-08
0.03      0.03    0.03    0.03    0.03    3.69 	0.083813 	0.0410903 	-0.0517397 	1.68038e-12 	-2.15903e-13 	1.75918e-13 	4.06611e-13 	-1.93225e-14 	1.19741e-12 	5.39916e-08 	1.64297e-08 	2.89523e-08 	5.19496e-09 	8.86324e-09 	1.55524e-08
0.03      0.03    0.03    0.03    0.03    3.78 	0.0591537 	0.0154502 	-0.0589666 	4.08108e-12 	-8.1443e-13 	5.62124e-13 	8.54047e-13 	-9.54063e-14 	1.12985e-12 	1.11079e-09 	3.8765e-10 	-7.06093e-09 	3.67549e-10 	-3.81043e-09 	5.32802e-08
0.03      0.03    0.03    0.03    0.03    3.87 	0.0591537 	0.0154502 	-0.0589666 	4.08108e-12 	-8.1443e-13 	5.62124e-13 	8.54047e-13 	-9.54063e-14 	1.12985e-12 	1.11079e-09 	3.8765e-10 	-7.06093e-09 	3.67549e-10 	-3.81043e-09 	5.32802e-08
0.03      0.03    0.03    0.03    0.03    3.96 	0.0309793 	0.012673 	0.0833311 	7.19537e-13 	5.65887e-14 	-1.66226e-13 	1.16701e-12 	-2.55472e-13 	8.80824e-13 	2.691e-08 	2.95861e-08 	4.45976e-09 	3.25344e-08 	4.91733e-09 	7.73708e-10
0.03      0.03    0.03    0.03    0.03    4.05 	0.0309793 	0.012673 	0.0833311 	7.19537e-13 	5.65887e-14 	-1.66226e-13 	1.16701e-12 	-2.55472e-13 	8.80824e-13 	2.691e-08 	2.95861e-08 	4.45976e-09 	3.25344e-08 	4.91733e-09 	7.73708e-10
0.03      0.03    0.03    0.03    0.03    4.14 	0.0660061 	0.0508504 	0.0644606 	5.74255e-13 	1.18716e-13 	-8.44271e-15 	9.92138e-13 	-3.78749e-13 	1.1921e-12 	2.39513e-11 	8.427e-11 	-3.62178e-10 	4.26341e-10 	-1.75916e-09 	7.4071e-09
0.03      0.03    0.03    0.03    0.03    4.23 	0.0660061 	0.0508504 	0.0644606 	5.74255e-13 	1.18716e-13 	-8.44271e-15 	9.92138e-13 	-3.78749e-13 	1.1921e-12 	2.39513e-11 	8.427e-11 	-3.62178e-10 	4.26341e-10 	-1.75916e-09 	7.4071e-09
0.03      0.03    0.03    0.03    0.03    4.32 	-0.0032963 	-0.00725351 	0.0523046 	6.00942e-13 	9.61467e-14 	3.43792e-13 	5.77663e-13 	-9.26248e-14 	6.45164e-13 	2.49279e-08 	1.03732e-08 	-3.7786e-08 	4.45082e-09 	-1.59223e-08 	5.76049e-08
0.03      0.03    0.03    0.03    0.03    4.41 	-0.0032963 	-0.00725351 	0.0523046 	6.00942e-13 	9.61467e-14 	3.43792e-13 	5.77663e-13 	-9.26248e-14 	6.45164e-13 	2.49279e-08 	1.03732e-08 	-3.7786e-08 	4.45082e-09 	-1.59223e-08 	5.76049e-08
0.03      0.03    0.03    0.03    0.03    4.5 	-0.0032963 	-0.00725351 	0.0523046 	6.00942e-13 	9.61467e-14 	3.43792e-13 	5.77663e-13 	-9.26248e-14 	6.45164e-13 	2.49279e-08 	1.03732e-08 	-3.7786e-08 	4.45082e-09 	-1.59223e-08 	5.76049e-08
