0.01      0.01    0.01    0.01    0.01    0 	0.170139 	0.0104029 	-0.00390508 	8.11543e-13 	8.10925e-14 	1.07235e-13 	4.0689e-13 	-1.73599e-13 	8.59766e-13 	4.23756e-11 	2.33915e-10 	9.71404e-11 	1.29122e-09 	5.36219e-10 	2.22681e-10
0.01      0.01    0.01    0.01    0.01    0.09 	0.170139 	0.0104029 	-0.00390508 	8.11543e-13 	8.10925e-14 	1.07235e-13 	4.0689e-13 	-1.73599e-13 	8.59766e-13 	4.23756e-11 	2.33915e-10 	9.71404e-11 	1.29122e-09 	5.36219e-10 	2.22681e-10
0.01      0.01    0.01    0.01    0.01    0.18 	0.170139 	0.0104029 	-0.00390508 	8.11543e-13 	8.10925e-14 	1.07235e-13 	4.0689e-13 	-1.73599e-13 	8.59766e-13 	4.23756e-11 	2.33915e-10 	9.71404e-11 	1.29122e-09 	5.36219e-10 	2.22681e-10
0.01      0.01    0.01    0.01    0.01    0.27 	0.208083 	0.00853322 	-0.0342656 	6.29317e-13 	-7.20895e-14 	-4.36578e-14 	3.65143e-13 	7.57846e-15 	4.00471e-13 	1.28365e-09 	2.65382e-09 	9.67847e-10 	5.48649e-09 	2.00092e-09 	7.29737e-10
0.01      0.01    0.01    0.01    0.01    0.36 	0.208083 	0.00853322 	-0.0342656 	6.29317e-13 	-7.20895e-14 	-4.36578e-14 	3.65143e-13 	7.57846e-15 	4.00471e-13 	1.28365e-09 	2.65382e-09 	9.67847e-10 	5.48649e-09 	2.00092e-09 	7.29737e-10
0.01      0.01    0.01    0.01    0.01    0.45 	0.178977 	-0.00261025 	-0.0222744 	5.23534e-13 	2.15083e-14 	4.45662e-14 	4.4274e-13 	1.03475e-13 	3.53996e-13 	6.52606e-10 	2.7275e-09 	8.8256e-10 	1.13993e-08 	3.68857e-09 	1.19354e-09
0.01      0.01    0.01    0.01    0.01    0.54 	0.178977 	-0.00261025 	-0.0222744 	5.23534e-13 	2.15083e-14 	4.45662e-14 	4.4274e-13 	1.03475e-13 	3.53996e-13 	6.52606e-10 	2.7275e-09 	8.8256e-10 	1.13993e-08 	3.68857e-09 	1.19354e-09
0.01      0.01    0.01    0.01    0.01    0.63 	0.18173 	-0.00589367 	0.0276022 	6.91983e-13 	7.89889e-14 	1.80418e-13 	5.59264e-13 	-1.07275e-13 	8.96944e-13 	1.71806e-09 	1.34121e-09 	2.57966e-10 	1.04702e-09 	2.01382e-10 	3.87334e-11
0.01      0.01    0.01    0.01    0.01    0.72 	0.18173 	-0.00589367 	0.0276022 	6.91983e-13 	7.89889e-14 	1.80418e-13 	5.59264e-13 	-1.07275e-13 	8.96944e-13 	1.71806e-09 	1.34121e-09 	2.57966e-10 	1.04702e-09 	2.01382e-10 	3.87334e-11
0.01      0.01    0.01    0.01    0.01    0.81 	0.18197 	-0.00409058 	-0.0124333 	6.58495e-13 	-6.62023e-14 	1.78789e-13 	5.46254e-13 	2.97822e-13 	6.87852e-13 	1.13318e-09 	1.0179e-09 	4.65466e-10 	9.14339e-10 	4.18111e-10 	1.91195e-10
0.01      0.01    0.01    0.01    0.01    0.9 	0.18197 	-0.00409058 	-0.0124333 	6.58495e-13 	-6.62023e-14 	1.78789e-13 	5.46254e-13 	2.97822e-13 	6.87852e-13 	1.13318e-09 	1.0179e-09 	4.65466e-10 	9.14339e-10 	4.18111e-10 	1.91195e-10
0.01      0.01    0.01    0.01    0.01    0.99 	0.115784 	0.00639782 	0.0194929 	4.61019e-13 	-1.13479e-13 	9.88486e-14 	2.64121e-13 	3.34098e-14 	3.93987e-13 	6.93263e-12 	-9.44598e-12 	-3.02679e-11 	1.28705e-11 	4.12411e-11 	1.32149e-10
0.01      0.01    0.01    0.01    0.01    1.08 	0.115784 	0.00639782 	0.0194929 	4.61019e-13 	-1.13479e-13 	9.88486e-14 	2.64121e-13 	3.34098e-14 	3.93987e-13 	6.93263e-12 	-9.44598e-12 	-3.02679e-11 	1.28705e-11 	4.12411e-11 	1.32149e-10
0.01      0.01    0.01    0.01    0.01    1.17 	0.115784 	0.00639782 	0.0194929 	4.61019e-13 	-1.13479e-13 	9.88486e-14 	2.64121e-13 	3.34098e-14 	3.93987e-13 	6.93263e-12 	-9.44598e-12 	-3.02679e-11 	1.28705e-11 	4.12411e-11 	1.32149e-10
0.01      0.01    0.01    0.01    0.01    1.26 	0.104399 	0.0115687 	0.000148959 	5.90799e-13 	-1.50867e-13 	2.15411e-14 	2.68306e-13 	5.14198e-14 	4.34682e-13 	3.59473e-11 	-2.94776e-11 	9.1589e-11 	2.41723e-11 	-7.51049e-11 	2.33357e-10
0.01      0.01    0.01    0.01    0.01    1.35 	0.11766 	0.00852163 	0.00681717 	5.75762e-13 	-1.35484e-13 	5.36491e-14 	2.66156e-13 	3.46943e-14 	4.50611e-13 	2.56079e-11 	-6.50919e-11 	5.77326e-11 	1.65455e-10 	-1.46749e-10 	1.30157e-10
0.01      0.01    0.01    0.01    0.01    1.44 	0.123206 	0.0121221 	0.0226104 	4.96019e-13 	-1.0621e-13 	1.29526e-13 	2.34216e-13 	-1.79666e-14 	4.42527e-13 	5.95088e-12 	-4.90337e-11 	4.55709e-11 	4.04025e-10 	-3.75492e-10 	3.48974e-10
0.01      0.01    0.01    0.01    0.01    1.53 	0.123206 	0.0121221 	0.0226104 	4.96019e-13 	-1.0621e-13 	1.29526e-13 	2.34216e-13 	-1.79666e-14 	4.42527e-13 	5.95088e-12 	-4.90337e-11 	4.55709e-11 	4.04025e-10 	-3.75492e-10 	3.48974e-10
0.01      0.01    0.01    0.01    0.01    1.62 	0.119143 	0.011383 	-0.00696832 	4.94658e-13 	-5.08601e-14 	9.48458e-14 	2.46762e-13 	-3.93933e-14 	5.58918e-13 	7.39477e-11 	7.447e-11 	-2.38718e-10 	7.49959e-11 	-2.40404e-10 	7.70629e-10
0.01      0.01    0.01    0.01    0.01    1.71 	0.127067 	0.0153522 	-0.0130016 	4.37775e-13 	-3.76874e-14 	8.72679e-14 	2.38964e-13 	-6.07941e-14 	5.36421e-13 	1.24377e-10 	-1.09209e-10 	4.27406e-12 	9.58917e-11 	-3.75285e-12 	1.46873e-13
0.01      0.01    0.01    0.01    0.01    1.8 	0.0517526 	0.00740733 	-0.0236225 	4.76129e-13 	-7.94257e-14 	-9.69014e-14 	2.10038e-13 	-5.15514e-14 	4.35657e-13 	2.28578e-10 	7.15185e-12 	-5.15505e-11 	2.2377e-13 	-1.61293e-12 	1.1626e-11
0.01      0.01    0.01    0.01    0.01    1.89 	0.0517526 	0.00740733 	-0.0236225 	4.76129e-13 	-7.94257e-14 	-9.69014e-14 	2.10038e-13 	-5.15514e-14 	4.35657e-13 	2.28578e-10 	7.15185e-12 	-5.15505e-11 	2.2377e-13 	-1.61293e-12 	1.1626e-11
0.01      0.01    0.01    0.01    0.01    1.98 	0.0909821 	-0.00103009 	-0.0117771 	7.29187e-13 	-1.27504e-13 	-1.86537e-13 	2.56739e-13 	-2.75794e-14 	4.31753e-13 	4.87203e-11 	3.4439e-11 	3.85749e-11 	2.4344e-11 	2.72675e-11 	3.05421e-11
0.01      0.01    0.01    0.01    0.01    2.07 	0.0909821 	-0.00103009 	-0.0117771 	7.29187e-13 	-1.27504e-13 	-1.86537e-13 	2.56739e-13 	-2.75794e-14 	4.31753e-13 	4.87203e-11 	3.4439e-11 	3.85749e-11 	2.4344e-11 	2.72675e-11 	3.05421e-11
0.01      0.01    0.01    0.01    0.01    2.16 	0.145514 	-0.0104036 	-0.0393122 	4.80698e-13 	-7.68203e-14 	-6.93838e-14 	2.50654e-13 	-9.24604e-14 	4.29421e-13 	2.80284e-10 	-3.06762e-11 	2.2137e-10 	3.35742e-12 	-2.42282e-11 	1.74839e-10
0.01      0.01    0.01    0.01    0.01    2.25 	0.145514 	-0.0104036 	-0.0393122 	4.80698e-13 	-7.68203e-14 	-6.93838e-14 	2.50654e-13 	-9.24604e-14 	4.29421e-13 	2.80284e-10 	-3.06762e-11 	2.2137e-10 	3.35742e-12 	-2.42282e-11 	1.74839e-10
0.01      0.01    0.01    0.01    0.01    2.34 	0.145514 	-0.0104036 	-0.0393122 	4.80698e-13 	-7.68203e-14 	-6.93838e-14 	2.50654e-13 	-9.24604e-14 	4.29421e-13 	2.80284e-10 	-3.06762e-11 	2.2137e-10 	3.35742e-12 	-2.42282e-11 	1.74839e-10
0.01      0.01    0.01    0.01    0.01    2.43 	0.106197 	0.00539373 	-0.050808 	4.54732e-13 	-5.78509e-14 	-5.73678e-14 	2.428e-13 	-1.17394e-13 	4.31037e-13 	4.33126e-14 	1.29454e-12 	-6.98052e-12 	3.86914e-11 	-2.08635e-10 	1.12502e-09
0.01      0.01    0.01    0.01    0.01    2.52 	0.114613 	0.0111052 	-0.0197509 	4.18002e-13 	-6.26809e-14 	-2.95831e-14 	2.3235e-13 	-1.16904e-13 	4.41609e-13 	7.7969e-11 	-8.37365e-11 	-1.74874e-11 	8.99306e-11 	1.8781e-11 	3.92219e-12
0.01      0.01    0.01    0.01    0.01    2.61 	0.138408 	0.00495395 	-0.000179493 	4.19423e-13 	-8.00493e-14 	-8.64503e-14 	2.27514e-13 	-3.05145e-14 	3.68062e-13 	3.08016e-10 	9.59262e-11 	-5.73591e-10 	2.98746e-11 	-1.78635e-10 	1.06815e-09
0.01      0.01    0.01    0.01    0.01    2.7 	0.101401 	-0.0147674 	-0.0190141 	5.24385e-13 	-1.66518e-13 	-1.13742e-13 	2.69476e-13 	1.02079e-14 	3.45643e-13 	2.48529e-09 	1.79813e-09 	-1.12864e-09 	1.30097e-09 	-8.16585e-10 	5.1255e-10
0.01      0.01    0.01    0.01    0.01    2.79 	0.192077 	-0.0325456 	-0.0388975 	5.77389e-13 	-2.17185e-13 	-9.46564e-14 	3.58072e-13 	5.95548e-15 	2.73149e-13 	6.42875e-11 	9.92161e-11 	1.14612e-10 	1.53122e-10 	1.76883e-10 	2.04331e-10
0.01      0.01    0.01    0.01    0.01    2.88 	0.192077 	-0.0325456 	-0.0388975 	5.77389e-13 	-2.17185e-13 	-9.46564e-14 	3.58072e-13 	5.95548e-15 	2.73149e-13 	6.42875e-11 	9.92161e-11 	1.14612e-10 	1.53122e-10 	1.76883e-10 	2.04331e-10
0.01      0.01    0.01    0.01    0.01    2.97 	0.166157 	-0.0277744 	0.00582171 	4.82214e-13 	-1.78275e-13 	-2.65602e-15 	2.58453e-13 	8.64901e-15 	2.77287e-13 	3.80236e-10 	5.10914e-11 	9.40697e-11 	6.86502e-12 	1.26399e-11 	2.32727e-11
0.01      0.01    0.01    0.01    0.01    3.06 	0.166157 	-0.0277744 	0.00582171 	4.82214e-13 	-1.78275e-13 	-2.65602e-15 	2.58453e-13 	8.64901e-15 	2.77287e-13 	3.80236e-10 	5.10914e-11 	9.40697e-11 	6.86502e-12 	1.26399e-11 	2.32727e-11
0.01      0.01    0.01    0.01    0.01    3.15 	0.142478 	0.00143127 	-0.0222495 	5.63556e-13 	-1.60955e-13 	-6.22789e-14 	2.52986e-13 	7.27194e-14 	3.35192e-13 	3.56514e-09 	5.5536e-10 	-5.9679e-10 	8.65112e-11 	-9.29649e-11 	9.99001e-11
0.01      0.01    0.01    0.01    0.01    3.24 	0.142478 	0.00143127 	-0.0222495 	5.63556e-13 	-1.60955e-13 	-6.22789e-14 	2.52986e-13 	7.27194e-14 	3.35192e-13 	3.56514e-09 	5.5536e-10 	-5.9679e-10 	8.65112e-11 	-9.29649e-11 	9.99001e-11
0.01      0.01    0.01    0.01    0.01    3.33 	0.156265 	0.00847473 	0.00434694 	5.68253e-13 	-2.07861e-13 	-5.55366e-14 	3.44998e-13 	3.5233e-15 	3.12954e-13 	2.3248e-09 	-5.07416e-10 	1.31672e-09 	1.1075e-10 	-2.8739e-10 	7.45763e-10
0.01      0.01    0.01    0.01    0.01    3.42 	0.061018 	-0.00360593 	0.011842 	5.91193e-13 	-2.15931e-13 	-3.48998e-14 	2.91937e-13 	1.7301e-14 	3.20594e-13 	2.73321e-09 	5.14747e-10 	1.2228e-10 	9.69424e-11 	2.3029e-11 	5.47059e-12
0.01      0.01    0.01    0.01    0.01    3.51 	0.061018 	-0.00360593 	0.011842 	5.91193e-13 	-2.15931e-13 	-3.48998e-14 	2.91937e-13 	1.7301e-14 	3.20594e-13 	2.73321e-09 	5.14747e-10 	1.2228e-10 	9.69424e-11 	2.3029e-11 	5.47059e-12
0.01      0.01    0.01    0.01    0.01    3.6 	0.151386 	-0.00409449 	0.0357241 	5.51715e-13 	-1.82835e-13 	2.62539e-14 	2.53073e-13 	1.35024e-14 	3.06196e-13 	7.48152e-14 	7.05953e-12 	-7.13789e-12 	6.66162e-10 	-6.73556e-10 	6.81032e-10
0.01      0.01    0.01    0.01    0.01    3.69 	0.151386 	-0.00409449 	0.0357241 	5.51715e-13 	-1.82835e-13 	2.62539e-14 	2.53073e-13 	1.35024e-14 	3.06196e-13 	7.48152e-14 	7.05953e-12 	-7.13789e-12 	6.66162e-10 	-6.73556e-10 	6.81032e-10
0.01      0.01    0.01    0.01    0.01    3.78 	0.109389 	0.0132864 	-0.00884268 	6.06734e-13 	-2.22171e-13 	3.47915e-14 	2.61499e-13 	2.71524e-15 	3.30719e-13 	4.88232e-09 	3.22679e-09 	5.63789e-10 	2.13263e-09 	3.72616e-10 	6.51038e-11
0.01      0.01    0.01    0.01    0.01    3.87 	0.109389 	0.0132864 	-0.00884268 	6.06734e-13 	-2.22171e-13 	3.47915e-14 	2.61499e-13 	2.71524e-15 	3.30719e-13 	4.88232e-09 	3.22679e-09 	5.63789e-10 	2.13263e-09 	3.72616e-10 	6.51038e-11
0.01      0.01    0.01    0.01    0.01    3.96 	0.12124 	0.00224817 	-0.0122238 	6.90016e-13 	-2.19804e-13 	-7.92976e-15 	2.48048e-13 	2.52971e-14 	2.49873e-13 	1.59564e-09 	1.12764e-09 	8.19087e-10 	7.96906e-10 	5.7885e-10 	4.2046e-10
0.01      0.01    0.01    0.01    0.01    4.05 	0.12124 	0.00224817 	-0.0122238 	6.90016e-13 	-2.19804e-13 	-7.92976e-15 	2.48048e-13 	2.52971e-14 	2.49873e-13 	1.59564e-09 	1.12764e-09 	8.19087e-10 	7.96906e-10 	5.7885e-10 	4.2046e-10
0.01      0.01    0.01    0.01    0.01    4.14 	0.108695 	-0.0425146 	0.0253213 	1.00614e-12 	-3.30495e-13 	-4.84028e-14 	3.26701e-13 	6.91856e-15 	2.81506e-13 	4.93702e-10 	-2.00842e-10 	3.86312e-10 	8.17042e-11 	-1.57155e-10 	3.02282e-10
0.01      0.01    0.01    0.01    0.01    4.23 	0.038906 	0.0320467 	0.0415899 	1.51404e-12 	-5.90777e-13 	1.11955e-13 	2.94527e-13 	-7.51394e-14 	3.0782e-13 	3.45204e-09 	-2.38844e-10 	1.91736e-09 	1.65254e-11 	-1.3266e-10 	1.06495e-09
0.01      0.01    0.01    0.01    0.01    4.32 	0.113635 	0.0223259 	0.023092 	6.10719e-13 	-2.18258e-13 	-1.1263e-14 	2.26822e-13 	-4.85001e-15 	2.37627e-13 	1.02847e-10 	-6.30425e-11 	1.78502e-10 	3.86435e-11 	-1.09417e-10 	3.09808e-10
0.01      0.01    0.01    0.01    0.01    4.41 	0.113635 	0.0223259 	0.023092 	6.10719e-13 	-2.18258e-13 	-1.1263e-14 	2.26822e-13 	-4.85001e-15 	2.37627e-13 	1.02847e-10 	-6.30425e-11 	1.78502e-10 	3.86435e-11 	-1.09417e-10 	3.09808e-10
0.01      0.01    0.01    0.01    0.01    4.5 	0.113635 	0.0223259 	0.023092 	6.10719e-13 	-2.18258e-13 	-1.1263e-14 	2.26822e-13 	-4.85001e-15 	2.37627e-13 	1.02847e-10 	-6.30425e-11 	1.78502e-10 	3.86435e-11 	-1.09417e-10 	3.09808e-10
0.02      0.02    0.02    0.02    0.02    0 	0.170092 	0.0103725 	-0.00397624 	8.11599e-13 	8.0805e-14 	1.07448e-13 	4.06696e-13 	-1.7382e-13 	8.60795e-13 	5.01357e-10 	7.79772e-10 	8.31572e-10 	1.77589e-09 	1.34856e-09 	1.38816e-09
0.02      0.02    0.02    0.02    0.02    0.09 	0.170092 	0.0103725 	-0.00397624 	8.11599e-13 	8.0805e-14 	1.07448e-13 	4.06696e-13 	-1.7382e-13 	8.60795e-13 	5.01357e-10 	7.79772e-10 	8.31572e-10 	1.77589e-09 	1.34856e-09 	1.38816e-09
0.02      0.02    0.02    0.02    0.02    0.18 	0.170092 	0.0103725 	-0.00397624 	8.11599e-13 	8.0805e-14 	1.07448e-13 	4.06696e-13 	-1.7382e-13 	8.60795e-13 	5.01357e-10 	7.79772e-10 	8.31572e-10 	1.77589e-09 	1.34856e-09 	1.38816e-09
0.02      0.02    0.02    0.02    0.02    0.27 	0.207916 	0.00837367 	-0.0343727 	6.29046e-13 	-7.21136e-14 	-4.36848e-14 	3.65233e-13 	7.77401e-15 	4.00637e-13 	7.99562e-09 	1.0277e-08 	5.30318e-09 	1.40086e-08 	6.82124e-09 	3.52847e-09
0.02      0.02    0.02    0.02    0.02    0.36 	0.207916 	0.00837367 	-0.0343727 	6.29046e-13 	-7.21136e-14 	-4.36848e-14 	3.65233e-13 	7.77401e-15 	4.00637e-13 	7.99562e-09 	1.0277e-08 	5.30318e-09 	1.40086e-08 	6.82124e-09 	3.52847e-09
0.02      0.02    0.02    0.02    0.02    0.45 	0.17886 	-0.0029233 	-0.0224065 	5.23287e-13 	2.11707e-14 	4.46942e-14 	4.43245e-13 	1.03735e-13 	3.53906e-13 	3.92863e-09 	1.23692e-08 	4.73194e-09 	3.9827e-08 	1.50446e-08 	5.72406e-09
0.02      0.02    0.02    0.02    0.02    0.54 	0.17886 	-0.0029233 	-0.0224065 	5.23287e-13 	2.11707e-14 	4.46942e-14 	4.43245e-13 	1.03735e-13 	3.53906e-13 	3.92863e-09 	1.23692e-08 	4.73194e-09 	3.9827e-08 	1.50446e-08 	5.72406e-09
0.02      0.02    0.02    0.02    0.02    0.63 	0.181547 	-0.00589596 	0.0275779 	6.9216e-13 	7.89217e-14 	1.80696e-13 	5.59303e-13 	-1.06991e-13 	8.97358e-13 	9.74636e-09 	2.27532e-09 	1.43377e-09 	8.9856e-10 	3.71518e-10 	2.2548e-10
0.02      0.02    0.02    0.02    0.02    0.72 	0.181547 	-0.00589596 	0.0275779 	6.9216e-13 	7.89217e-14 	1.80696e-13 	5.59303e-13 	-1.06991e-13 	8.97358e-13 	9.74636e-09 	2.27532e-09 	1.43377e-09 	8.9856e-10 	3.71518e-10 	2.2548e-10
0.02      0.02    0.02    0.02    0.02    0.81 	0.181826 	-0.00410893 	-0.0124765 	6.58614e-13 	-6.63585e-14 	1.79294e-13 	5.46468e-13 	2.97378e-13 	6.89069e-13 	6.16591e-09 	2.20808e-09 	2.05788e-09 	1.05071e-09 	7.75356e-10 	6.9251e-10
0.02      0.02    0.02    0.02    0.02    0.9 	0.181826 	-0.00410893 	-0.0124765 	6.58614e-13 	-6.63585e-14 	1.79294e-13 	5.46468e-13 	2.97378e-13 	6.89069e-13 	6.16591e-09 	2.20808e-09 	2.05788e-09 	1.05071e-09 	7.75356e-10 	6.9251e-10
0.02      0.02    0.02    0.02    0.02    0.99 	0.115815 	0.00639349 	0.0194381 	4.61138e-13 	-1.1373e-13 	9.88263e-14 	2.64372e-13 	3.32548e-14 	3.93766e-13 	2.02237e-10 	-5.41965e-11 	-4.09017e-10 	2.15168e-11 	1.25047e-10 	8.61346e-10
0.02      0.02    0.02    0.02    0.02    1.08 	0.115815 	0.00639349 	0.0194381 	4.61138e-13 	-1.1373e-13 	9.88263e-14 	2.64372e-13 	3.32548e-14 	3.93766e-13 	2.02237e-10 	-5.41965e-11 	-4.09017e-10 	2.15168e-11 	1.25047e-10 	8.61346e-10
0.02      0.02    0.02    0.02    0.02    1.17 	0.115815 	0.00639349 	0.0194381 	4.61138e-13 	-1.1373e-13 	9.88263e-14 	2.64372e-13 	3.32548e-14 	3.93766e-13 	2.02237e-10 	-5.41965e-11 	-4.09017e-10 	2.15168e-11 	1.25047e-10 	8.61346e-10
0.02      0.02    0.02    0.02    0.02    1.26 	0.10445 	0.0115715 	0.000212797 	5.9051e-13 	-1.50847e-13 	2.1667e-14 	2.68308e-13 	5.13461e-14 	4.34587e-13 	5.75765e-10 	-4.04661e-11 	8.35907e-10 	1.43727e-11 	-7.70532e-11 	1.24438e-09
0.02      0.02    0.02    0.02    0.02    1.35 	0.1177 	0.00849013 	0.00686524 	5.75426e-13 	-1.35491e-13 	5.36735e-14 	2.66147e-13 	3.46751e-14 	4.50422e-13 	3.58399e-10 	-3.85896e-10 	4.96378e-10 	4.50949e-10 	-5.56323e-10 	7.0104e-10
0.02      0.02    0.02    0.02    0.02    1.44 	0.123232 	0.0120504 	0.02268 	4.95803e-13 	-1.06073e-13 	1.29516e-13 	2.34007e-13 	-1.79464e-14 	4.42592e-13 	1.37029e-10 	-4.67701e-10 	4.46836e-10 	1.78751e-09 	-1.6691e-09 	1.56832e-09
0.02      0.02    0.02    0.02    0.02    1.53 	0.123232 	0.0120504 	0.02268 	4.95803e-13 	-1.06073e-13 	1.29516e-13 	2.34007e-13 	-1.79464e-14 	4.42592e-13 	1.37029e-10 	-4.67701e-10 	4.46836e-10 	1.78751e-09 	-1.6691e-09 	1.56832e-09
0.02      0.02    0.02    0.02    0.02    1.62 	0.11912 	0.0113839 	-0.00687061 	4.94514e-13 	-5.07321e-14 	9.49178e-14 	2.46645e-13 	-3.92322e-14 	5.58905e-13 	2.11096e-10 	8.46709e-11 	-8.18288e-10 	5.21604e-11 	-3.11462e-10 	3.19124e-09
0.02      0.02    0.02    0.02    0.02    1.71 	0.127031 	0.0154257 	-0.01301 	4.37709e-13 	-3.74889e-14 	8.72447e-14 	2.38914e-13 	-6.06448e-14 	5.36517e-13 	4.60384e-10 	-7.52861e-10 	8.10584e-11 	1.27268e-09 	-1.39648e-10 	1.69751e-11
0.02      0.02    0.02    0.02    0.02    1.8 	0.0518347 	0.00742595 	-0.0236443 	4.76284e-13 	-7.92934e-14 	-9.70952e-14 	2.10041e-13 	-5.15653e-14 	4.35515e-13 	1.82234e-09 	3.35337e-10 	-4.58426e-10 	6.46292e-11 	-8.50488e-11 	1.15952e-10
0.02      0.02    0.02    0.02    0.02    1.89 	0.0518347 	0.00742595 	-0.0236443 	4.76284e-13 	-7.92934e-14 	-9.70952e-14 	2.10041e-13 	-5.15653e-14 	4.35515e-13 	1.82234e-09 	3.35337e-10 	-4.58426e-10 	6.46292e-11 	-8.50488e-11 	1.15952e-10
0.02      0.02    0.02    0.02    0.02    1.98 	0.09104 	-0.000976354 	-0.0117591 	7.28792e-13 	-1.27431e-13 	-1.86424e-13 	2.56734e-13 	-2.77534e-14 	4.3185e-13 	7.70674e-10 	6.87176e-10 	3.01329e-10 	6.1406e-10 	2.65631e-10 	1.24813e-10
0.02      0.02    0.02    0.02    0.02    2.07 	0.09104 	-0.000976354 	-0.0117591 	7.28792e-13 	-1.27431e-13 	-1.86424e-13 	2.56734e-13 	-2.77534e-14 	4.3185e-13 	7.70674e-10 	6.87176e-10 	3.01329e-10 	6.1406e-10 	2.65631e-10 	1.24813e-10
0.02      0.02    0.02    0.02    0.02    2.16 	0.145474 	-0.0103773 	-0.0393671 	4.80385e-13 	-7.67105e-14 	-6.92709e-14 	2.50672e-13 	-9.26223e-14 	4.29682e-13 	7.47064e-10 	-2.93808e-10 	8.04455e-10 	1.35244e-10 	-3.39512e-10 	8.94689e-10
0.02      0.02    0.02    0.02    0.02    2.25 	0.145474 	-0.0103773 	-0.0393671 	4.80385e-13 	-7.67105e-14 	-6.92709e-14 	2.50672e-13 	-9.26223e-14 	4.29682e-13 	7.47064e-10 	-2.93808e-10 	8.04455e-10 	1.35244e-10 	-3.39512e-10 	8.94689e-10
0.02      0.02    0.02    0.02    0.02    2.34 	0.145474 	-0.0103773 	-0.0393671 	4.80385e-13 	-7.67105e-14 	-6.92709e-14 	2.50672e-13 	-9.26223e-14 	4.29682e-13 	7.47064e-10 	-2.93808e-10 	8.04455e-10 	1.35244e-10 	-3.39512e-10 	8.94689e-10
0.02      0.02    0.02    0.02    0.02    2.43 	0.106224 	0.00539096 	-0.0506682 	4.54936e-13 	-5.76839e-14 	-5.75249e-14 	2.42767e-13 	-1.17336e-13 	4.31029e-13 	1.22881e-10 	-3.87252e-11 	7.73779e-10 	4.92472e-11 	-4.53008e-10 	6.05387e-09
0.02      0.02    0.02    0.02    0.02    2.52 	0.114599 	0.0111655 	-0.0197375 	4.18204e-13 	-6.2598e-14 	-2.9671e-14 	2.32375e-13 	-1.16952e-13 	4.41704e-13 	1.51838e-10 	-3.34705e-10 	-8.52263e-11 	8.85148e-10 	2.07433e-10 	5.37967e-11
0.02      0.02    0.02    0.02    0.02    2.61 	0.138364 	0.00494729 	-4.07193e-05 	4.19473e-13 	-8.00283e-14 	-8.65224e-14 	2.27597e-13 	-3.0532e-14 	3.67991e-13 	9.11927e-10 	2.27501e-10 	-2.27161e-09 	6.27274e-11 	-5.34435e-10 	5.85112e-09
0.02      0.02    0.02    0.02    0.02    2.7 	0.101212 	-0.0148992 	-0.0189191 	5.24485e-13 	-1.66532e-13 	-1.13817e-13 	2.69655e-13 	1.01854e-14 	3.45622e-13 	1.16831e-08 	8.24859e-09 	-5.67402e-09 	5.82415e-09 	-4.00538e-09 	2.75883e-09
0.02      0.02    0.02    0.02    0.02    2.79 	0.192114 	-0.0324806 	-0.0388359 	5.772e-13 	-2.17253e-13 	-9.46817e-14 	3.58524e-13 	5.93951e-15 	2.73232e-13 	3.82595e-10 	6.5337e-10 	6.56108e-10 	1.11937e-09 	1.12586e-09 	1.13802e-09
0.02      0.02    0.02    0.02    0.02    2.88 	0.192114 	-0.0324806 	-0.0388359 	5.772e-13 	-2.17253e-13 	-9.46817e-14 	3.58524e-13 	5.93951e-15 	2.73232e-13 	3.82595e-10 	6.5337e-10 	6.56108e-10 	1.11937e-09 	1.12586e-09 	1.13802e-09
0.02      0.02    0.02    0.02    0.02    2.97 	0.166096 	-0.0277719 	0.00580147 	4.81927e-13 	-1.78153e-13 	-2.6237e-15 	2.58512e-13 	8.5625e-15 	2.77201e-13 	1.42149e-09 	5.14131e-11 	4.23104e-10 	7.28951e-12 	1.32427e-11 	1.26778e-10
0.02      0.02    0.02    0.02    0.02    3.06 	0.166096 	-0.0277719 	0.00580147 	4.81927e-13 	-1.78153e-13 	-2.6237e-15 	2.58512e-13 	8.5625e-15 	2.77201e-13 	1.42149e-09 	5.14131e-11 	4.23104e-10 	7.28951e-12 	1.32427e-11 	1.26778e-10
0.02      0.02    0.02    0.02    0.02    3.15 	0.142259 	0.001416 	-0.0222136 	5.63009e-13 	-1.60773e-13 	-6.20526e-14 	2.52943e-13 	7.25941e-14 	3.35209e-13 	1.60454e-08 	1.63957e-09 	-2.62697e-09 	1.81153e-10 	-2.67517e-10 	4.30336e-10
0.02      0.02    0.02    0.02    0.02    3.24 	0.142259 	0.001416 	-0.0222136 	5.63009e-13 	-1.60773e-13 	-6.20526e-14 	2.52943e-13 	7.25941e-14 	3.35209e-13 	1.60454e-08 	1.63957e-09 	-2.62697e-09 	1.81153e-10 	-2.67517e-10 	4.30336e-10
0.02      0.02    0.02    0.02    0.02    3.33 	0.156083 	0.0085294 	0.00424186 	5.68399e-13 	-2.08022e-13 	-5.54629e-14 	3.45162e-13 	3.46058e-15 	3.13066e-13 	1.07619e-08 	-2.91263e-09 	6.17916e-09 	7.9649e-10 	-1.67334e-09 	3.54801e-09
0.02      0.02    0.02    0.02    0.02    3.42 	0.0608125 	-0.00363782 	0.0118296 	5.90993e-13 	-2.15918e-13 	-3.4872e-14 	2.91958e-13 	1.71882e-14 	3.20578e-13 	1.34149e-08 	2.24511e-09 	7.37994e-10 	3.77648e-10 	1.2284e-10 	4.08548e-11
0.02      0.02    0.02    0.02    0.02    3.51 	0.0608125 	-0.00363782 	0.0118296 	5.90993e-13 	-2.15918e-13 	-3.4872e-14 	2.91958e-13 	1.71882e-14 	3.20578e-13 	1.34149e-08 	2.24511e-09 	7.37994e-10 	3.77648e-10 	1.2284e-10 	4.08548e-11
0.02      0.02    0.02    0.02    0.02    3.6 	0.151396 	-0.00397653 	0.035621 	5.51635e-13 	-1.82868e-13 	2.61034e-14 	2.53084e-13 	1.3478e-14 	3.06246e-13 	1.8046e-11 	2.57279e-10 	-2.32288e-10 	4.01677e-09 	-3.6761e-09 	3.3709e-09
0.02      0.02    0.02    0.02    0.02    3.69 	0.151396 	-0.00397653 	0.035621 	5.51635e-13 	-1.82868e-13 	2.61034e-14 	2.53084e-13 	1.3478e-14 	3.06246e-13 	1.8046e-11 	2.57279e-10 	-2.32288e-10 	4.01677e-09 	-3.6761e-09 	3.3709e-09
0.02      0.02    0.02    0.02    0.02    3.78 	0.109105 	0.0131064 	-0.00887039 	6.06829e-13 	-2.22323e-13 	3.46549e-14 	2.61583e-13 	2.77708e-15 	3.30734e-13 	2.50109e-08 	1.60765e-08 	2.59169e-09 	1.03349e-08 	1.66683e-09 	2.69293e-10
0.02      0.02    0.02    0.02    0.02    3.87 	0.109105 	0.0131064 	-0.00887039 	6.06829e-13 	-2.22323e-13 	3.46549e-14 	2.61583e-13 	2.77708e-15 	3.30734e-13 	2.50109e-08 	1.60765e-08 	2.59169e-09 	1.03349e-08 	1.66683e-09 	2.69293e-10
0.02      0.02    0.02    0.02    0.02    3.96 	0.121409 	0.00237431 	-0.0121375 	6.90172e-13 	-2.19865e-13 	-7.82878e-15 	2.48088e-13 	2.5387e-14 	2.49826e-13 	8.5969e-09 	6.32366e-09 	4.40068e-09 	4.65234e-09 	3.23698e-09 	2.25268e-09
0.02      0.02    0.02    0.02    0.02    4.05 	0.121409 	0.00237431 	-0.0121375 	6.90172e-13 	-2.19865e-13 	-7.82878e-15 	2.48088e-13 	2.5387e-14 	2.49826e-13 	8.5969e-09 	6.32366e-09 	4.40068e-09 	4.65234e-09 	3.23698e-09 	2.25268e-09
0.02      0.02    0.02    0.02    0.02    4.14 	0.108618 	-0.0424653 	0.0252528 	1.00503e-12 	-3.2999e-13 	-4.84713e-14 	3.26402e-13 	6.93097e-15 	2.81246e-13 	2.06577e-09 	-1.13504e-09 	1.74922e-09 	6.35974e-10 	-9.67188e-10 	1.48419e-09
0.02      0.02    0.02    0.02    0.02    4.23 	0.039143 	0.0320356 	0.0417201 	1.51604e-12 	-5.91484e-13 	1.11767e-13 	2.94354e-13 	-7.50841e-14 	3.07827e-13 	1.74845e-08 	-9.29701e-10 	9.65393e-09 	4.99341e-11 	-5.13469e-10 	5.33057e-09
0.02      0.02    0.02    0.02    0.02    4.32 	0.113679 	0.0222881 	0.0231689 	6.11033e-13 	-2.18593e-13 	-1.12604e-14 	2.26863e-13 	-4.92872e-15 	2.37782e-13 	5.93042e-10 	-4.63093e-10 	1.01925e-09 	3.64189e-10 	-7.97419e-10 	1.75462e-09
0.02      0.02    0.02    0.02    0.02    4.41 	0.113679 	0.0222881 	0.0231689 	6.11033e-13 	-2.18593e-13 	-1.12604e-14 	2.26863e-13 	-4.92872e-15 	2.37782e-13 	5.93042e-10 	-4.63093e-10 	1.01925e-09 	3.64189e-10 	-7.97419e-10 	1.75462e-09
0.02      0.02    0.02    0.02    0.02    4.5 	0.113679 	0.0222881 	0.0231689 	6.11033e-13 	-2.18593e-13 	-1.12604e-14 	2.26863e-13 	-4.92872e-15 	2.37782e-13 	5.93042e-10 	-4.63093e-10 	1.01925e-09 	3.64189e-10 	-7.97419e-10 	1.75462e-09
0.03      0.03    0.03    0.03    0.03    0 	0.170032 	0.0104022 	-0.0040769 	8.11657e-13 	8.052e-14 	1.07665e-13 	4.06492e-13 	-1.74044e-13 	8.61823e-13 	1.76801e-09 	6.73146e-10 	2.91583e-09 	1.23443e-09 	1.14994e-09 	4.81486e-09
0.03      0.03    0.03    0.03    0.03    0.09 	0.170032 	0.0104022 	-0.0040769 	8.11657e-13 	8.052e-14 	1.07665e-13 	4.06492e-13 	-1.74044e-13 	8.61823e-13 	1.76801e-09 	6.73146e-10 	2.91583e-09 	1.23443e-09 	1.14994e-09 	4.81486e-09
0.03      0.03    0.03    0.03    0.03    0.18 	0.170032 	0.0104022 	-0.0040769 	8.11657e-13 	8.052e-14 	1.07665e-13 	4.06492e-13 	-1.74044e-13 	8.61823e-13 	1.76801e-09 	6.73146e-10 	2.91583e-09 	1.23443e-09 	1.14994e-09 	4.81486e-09
0.03      0.03    0.03    0.03    0.03    0.27 	0.20776 	0.00835664 	-0.0345171 	6.28771e-13 	-7.21383e-14 	-4.37097e-14 	3.65315e-13 	7.96777e-15 	4.00796e-13 	1.85959e-08 	1.46068e-08 	1.40736e-08 	1.4041e-08 	1.06537e-08 	1.07418e-08
0.03      0.03    0.03    0.03    0.03    0.36 	0.20776 	0.00835664 	-0.0345171 	6.28771e-13 	-7.21383e-14 	-4.37097e-14 	3.65315e-13 	7.96777e-15 	4.00796e-13 	1.85959e-08 	1.46068e-08 	1.40736e-08 	1.4041e-08 	1.06537e-08 	1.07418e-08
0.03      0.03    0.03    0.03    0.03    0.45 	0.178738 	-0.00306577 	-0.0225055 	5.23041e-13 	2.08343e-14 	4.48227e-14 	4.43742e-13 	1.03992e-13 	3.53813e-13 	9.9217e-09 	2.24331e-08 	1.0233e-08 	5.44011e-08 	2.38401e-08 	1.06891e-08
0.03      0.03    0.03    0.03    0.03    0.54 	0.178738 	-0.00306577 	-0.0225055 	5.23041e-13 	2.08343e-14 	4.48227e-14 	4.43742e-13 	1.03992e-13 	3.53813e-13 	9.9217e-09 	2.24331e-08 	1.0233e-08 	5.44011e-08 	2.38401e-08 	1.06891e-08
0.03      0.03    0.03    0.03    0.03    0.63 	0.181352 	-0.00586067 	0.0275994 	6.92336e-13 	7.88549e-14 	1.80979e-13 	5.59337e-13 	-1.06707e-13 	8.97773e-13 	2.49876e-08 	7.37296e-10 	9.48507e-10 	6.53853e-10 	2.67534e-10 	1.67733e-10
0.03      0.03    0.03    0.03    0.03    0.72 	0.181352 	-0.00586067 	0.0275994 	6.92336e-13 	7.88549e-14 	1.80979e-13 	5.59337e-13 	-1.06707e-13 	8.97773e-13 	2.49876e-08 	7.37296e-10 	9.48507e-10 	6.53853e-10 	2.67534e-10 	1.67733e-10
0.03      0.03    0.03    0.03    0.03    0.81 	0.181665 	-0.0040818 	-0.0125227 	6.5873e-13 	-6.65151e-14 	1.79804e-13 	5.46677e-13 	2.96938e-13 	6.90281e-13 	1.62448e-08 	1.63081e-09 	4.98625e-09 	7.29165e-10 	5.64345e-10 	1.53825e-09
0.03      0.03    0.03    0.03    0.03    0.9 	0.181665 	-0.0040818 	-0.0125227 	6.5873e-13 	-6.65151e-14 	1.79804e-13 	5.46677e-13 	2.96938e-13 	6.90281e-13 	1.62448e-08 	1.63081e-09 	4.98625e-09 	7.29165e-10 	5.64345e-10 	1.53825e-09
0.03      0.03    0.03    0.03    0.03    0.99 	0.115858 	0.00640044 	0.019389 	4.61251e-13 	-1.13983e-13 	9.88066e-14 	2.64612e-13 	3.3101e-14 	3.9354e-13 	8.14445e-10 	-1.75159e-11 	-1.23131e-09 	1.58258e-11 	5.91905e-11 	1.93088e-09
0.03      0.03    0.03    0.03    0.03    1.08 	0.115858 	0.00640044 	0.019389 	4.61251e-13 	-1.13983e-13 	9.88066e-14 	2.64612e-13 	3.3101e-14 	3.9354e-13 	8.14445e-10 	-1.75159e-11 	-1.23131e-09 	1.58258e-11 	5.91905e-11 	1.93088e-09
0.03      0.03    0.03    0.03    0.03    1.17 	0.115858 	0.00640044 	0.019389 	4.61251e-13 	-1.13983e-13 	9.88066e-14 	2.64612e-13 	3.3101e-14 	3.9354e-13 	8.14445e-10 	-1.75159e-11 	-1.23131e-09 	1.58258e-11 	5.91905e-11 	1.93088e-09
0.03      0.03    0.03    0.03    0.03    1.26 	0.104511 	0.0115804 	0.000272589 	5.90219e-13 	-1.50831e-13 	2.17926e-14 	2.68298e-13 	5.12741e-14 	4.34486e-13 	1.90022e-09 	8.65384e-11 	2.28578e-09 	1.87406e-11 	7.67621e-11 	2.80232e-09
0.03      0.03    0.03    0.03    0.03    1.35 	0.117745 	0.00846815 	0.00691086 	5.75088e-13 	-1.35502e-13 	5.36987e-14 	2.66128e-13 	3.46567e-14 	4.50227e-13 	1.13499e-09 	-8.65733e-10 	1.33836e-09 	7.16336e-10 	-1.05652e-09 	1.60096e-09
0.03      0.03    0.03    0.03    0.03    1.44 	0.123274 	0.012014 	0.022758 	4.95584e-13 	-1.05941e-13 	1.29509e-13 	2.3379e-13 	-1.79265e-14 	4.4265e-13 	6.81811e-10 	-1.24574e-09 	1.60441e-09 	2.69781e-09 	-3.1926e-09 	3.94263e-09
0.03      0.03    0.03    0.03    0.03    1.53 	0.123274 	0.012014 	0.022758 	4.95584e-13 	-1.05941e-13 	1.29509e-13 	2.3379e-13 	-1.79265e-14 	4.4265e-13 	6.81811e-10 	-1.24574e-09 	1.60441e-09 	2.69781e-09 	-3.1926e-09 	3.94263e-09
0.03      0.03    0.03    0.03    0.03    1.62 	0.119089 	0.0113854 	-0.00675037 	4.94365e-13 	-5.06071e-14 	9.49924e-14 	2.46516e-13 	-3.90738e-14 	5.58888e-13 	5.5261e-10 	8.28639e-11 	-2.16752e-09 	3.68685e-11 	-3.1182e-10 	8.51499e-09
0.03      0.03    0.03    0.03    0.03    1.71 	0.126987 	0.0154999 	-0.0129993 	4.37636e-13 	-3.7293e-14 	8.72245e-14 	2.38853e-13 	-6.04966e-14 	5.36607e-13 	1.18384e-09 	-2.02131e-09 	4.39795e-12 	3.48129e-09 	-7.82222e-12 	1.65761e-11
0.03      0.03    0.03    0.03    0.03    1.8 	0.051903 	0.00743677 	-0.0236668 	4.76435e-13 	-7.9163e-14 	-9.72901e-14 	2.10034e-13 	-5.15811e-14 	4.3537e-13 	3.99461e-09 	7.2664e-10 	-1.13143e-09 	1.34267e-10 	-2.06026e-10 	3.22766e-10
0.03      0.03    0.03    0.03    0.03    1.89 	0.051903 	0.00743677 	-0.0236668 	4.76435e-13 	-7.9163e-14 	-9.72901e-14 	2.10034e-13 	-5.15811e-14 	4.3537e-13 	3.99461e-09 	7.2664e-10 	-1.13143e-09 	1.34267e-10 	-2.06026e-10 	3.22766e-10
0.03      0.03    0.03    0.03    0.03    1.98 	0.0910948 	-0.00092894 	-0.0117572 	7.28395e-13 	-1.27361e-13 	-1.86315e-13 	2.56717e-13 	-2.79278e-14 	4.31938e-13 	2.01458e-09 	1.7986e-09 	4.71001e-10 	1.60696e-09 	4.1914e-10 	1.34008e-10
0.03      0.03    0.03    0.03    0.03    2.07 	0.0910948 	-0.00092894 	-0.0117572 	7.28395e-13 	-1.27361e-13 	-1.86315e-13 	2.56717e-13 	-2.79278e-14 	4.31938e-13 	2.01458e-09 	1.7986e-09 	4.71001e-10 	1.60696e-09 	4.1914e-10 	1.34008e-10
0.03      0.03    0.03    0.03    0.03    2.16 	0.145436 	-0.0103399 	-0.039447 	4.8007e-13 	-7.66029e-14 	-6.91608e-14 	2.50683e-13 	-9.2784e-14 	4.29935e-13 	1.35932e-09 	-8.44503e-10 	1.9767e-09 	5.80985e-10 	-1.31543e-09 	3.01336e-09
0.03      0.03    0.03    0.03    0.03    2.25 	0.145436 	-0.0103399 	-0.039447 	4.8007e-13 	-7.66029e-14 	-6.91608e-14 	2.50683e-13 	-9.2784e-14 	4.29935e-13 	1.35932e-09 	-8.44503e-10 	1.9767e-09 	5.80985e-10 	-1.31543e-09 	3.01336e-09
0.03      0.03    0.03    0.03    0.03    2.34 	0.145436 	-0.0103399 	-0.039447 	4.8007e-13 	-7.66029e-14 	-6.91608e-14 	2.50683e-13 	-9.2784e-14 	4.29935e-13 	1.35932e-09 	-8.44503e-10 	1.9767e-09 	5.80985e-10 	-1.31543e-09 	3.01336e-09
0.03      0.03    0.03    0.03    0.03    2.43 	0.106273 	0.00541152 	-0.0505637 	4.55134e-13 	-5.75189e-14 	-5.76816e-14 	2.42725e-13 	-1.17281e-13 	4.31016e-13 	8.02829e-10 	1.33911e-10 	2.84346e-09 	7.14353e-11 	1.95466e-10 	1.16547e-08
0.03      0.03    0.03    0.03    0.03    2.52 	0.114598 	0.01124 	-0.019757 	4.184e-13 	-6.2516e-14 	-2.97589e-14 	2.3239e-13 	-1.17e-13 	4.41792e-13 	1.42362e-10 	-5.25104e-10 	-4.12696e-11 	2.89435e-09 	-9.49476e-12 	5.46614e-11
0.03      0.03    0.03    0.03    0.03    2.61 	0.138356 	0.00497162 	8.08652e-05 	4.19522e-13 	-8.00086e-14 	-8.65956e-14 	2.27674e-13 	-3.055e-14 	3.67919e-13 	9.8451e-10 	3.70299e-11 	-3.30316e-09 	9.05097e-11 	2.40785e-10 	1.25978e-08
0.03      0.03    0.03    0.03    0.03    2.7 	0.101074 	-0.0150038 	-0.0188341 	5.24581e-13 	-1.6655e-13 	-1.13892e-13 	2.69825e-13 	1.01629e-14 	3.45594e-13 	2.1708e-08 	1.55888e-08 	-1.13914e-08 	1.11976e-08 	-8.18752e-09 	6.00197e-09
0.03      0.03    0.03    0.03    0.03    2.79 	0.192172 	-0.0324062 	-0.0387755 	5.77012e-13 	-2.17324e-13 	-9.47087e-14 	3.58971e-13 	5.92373e-15 	2.7331e-13 	1.45647e-09 	2.1681e-09 	1.95154e-09 	3.24775e-09 	2.9378e-09 	2.67146e-09
0.03      0.03    0.03    0.03    0.03    2.88 	0.192172 	-0.0324062 	-0.0387755 	5.77012e-13 	-2.17324e-13 	-9.47087e-14 	3.58971e-13 	5.92373e-15 	2.7331e-13 	1.45647e-09 	2.1681e-09 	1.95154e-09 	3.24775e-09 	2.9378e-09 	2.67146e-09
0.03      0.03    0.03    0.03    0.03    2.97 	0.166059 	-0.0277572 	0.00579147 	4.81641e-13 	-1.78034e-13 	-2.59113e-15 	2.58568e-13 	8.47639e-15 	2.77112e-13 	2.23596e-09 	-1.7816e-10 	6.72601e-10 	4.17682e-11 	-5.49533e-11 	2.03106e-10
0.03      0.03    0.03    0.03    0.03    3.06 	0.166059 	-0.0277572 	0.00579147 	4.81641e-13 	-1.78034e-13 	-2.59113e-15 	2.58568e-13 	8.47639e-15 	2.77112e-13 	2.23596e-09 	-1.7816e-10 	6.72601e-10 	4.17682e-11 	-5.49533e-11 	2.03106e-10
0.03      0.03    0.03    0.03    0.03    3.15 	0.142083 	0.00143307 	-0.0221779 	5.62466e-13 	-1.60595e-13 	-6.18285e-14 	2.52892e-13 	7.24698e-14 	3.35221e-13 	3.11641e-08 	1.11344e-09 	-5.49086e-09 	1.32151e-10 	-1.79842e-10 	9.70579e-10
0.03      0.03    0.03    0.03    0.03    3.24 	0.142083 	0.00143307 	-0.0221779 	5.62466e-13 	-1.60595e-13 	-6.18285e-14 	2.52892e-13 	7.24698e-14 	3.35221e-13 	3.11641e-08 	1.11344e-09 	-5.49086e-09 	1.32151e-10 	-1.79842e-10 	9.70579e-10
0.03      0.03    0.03    0.03    0.03    3.33 	0.155914 	0.0086012 	0.00413911 	5.68546e-13 	-2.08185e-13 	-5.53905e-14 	3.45323e-13 	3.39951e-15 	3.13173e-13 	2.33351e-08 	-7.68607e-09 	1.36536e-08 	2.57806e-09 	-4.50608e-09 	7.99063e-09
0.03      0.03    0.03    0.03    0.03    3.42 	0.0606307 	-0.00365349 	0.0118116 	5.90791e-13 	-2.15908e-13 	-3.48447e-14 	2.91974e-13 	1.7076e-14 	3.20557e-13 	2.8467e-08 	3.92631e-09 	1.98719e-09 	5.56105e-10 	2.66542e-10 	1.42746e-10
0.03      0.03    0.03    0.03    0.03    3.51 	0.0606307 	-0.00365349 	0.0118116 	5.90791e-13 	-2.15908e-13 	-3.48447e-14 	2.91974e-13 	1.7076e-14 	3.20557e-13 	2.8467e-08 	3.92631e-09 	1.98719e-09 	5.56105e-10 	2.66542e-10 	1.42746e-10
0.03      0.03    0.03    0.03    0.03    3.6 	0.151409 	-0.00385801 	0.0355309 	5.51557e-13 	-1.82903e-13 	2.59552e-14 	2.5309e-13 	1.34541e-14 	3.06292e-13 	7.55816e-11 	8.4658e-10 	-7.09312e-10 	9.8579e-09 	-8.35197e-09 	7.09916e-09
0.03      0.03    0.03    0.03    0.03    3.69 	0.151409 	-0.00385801 	0.0355309 	5.51557e-13 	-1.82903e-13 	2.59552e-14 	2.5309e-13 	1.34541e-14 	3.06292e-13 	7.55816e-11 	8.4658e-10 	-7.09312e-10 	9.8579e-09 	-8.35197e-09 	7.09916e-09
0.03      0.03    0.03    0.03    0.03    3.78 	0.108842 	0.0129418 	-0.00889184 	6.06925e-13 	-2.22476e-13 	3.45197e-14 	2.61661e-13 	2.83849e-15 	3.30743e-13 	5.54666e-08 	3.52272e-08 	5.24729e-09 	2.23753e-08 	3.33495e-09 	4.99017e-10
0.03      0.03    0.03    0.03    0.03    3.87 	0.108842 	0.0129418 	-0.00889184 	6.06925e-13 	-2.22476e-13 	3.45197e-14 	2.61661e-13 	2.83849e-15 	3.30743e-13 	5.54666e-08 	3.52272e-08 	5.24729e-09 	2.23753e-08 	3.33495e-09 	4.99017e-10
0.03      0.03    0.03    0.03    0.03    3.96 	0.121584 	0.00250063 	-0.0120489 	6.90331e-13 	-2.19928e-13 	-7.72735e-15 	2.48126e-13 	2.54763e-14 	2.49778e-13 	2.10649e-08 	1.54328e-08 	1.07265e-08 	1.13075e-08 	7.85865e-09 	5.46212e-09
0.03      0.03    0.03    0.03    0.03    4.05 	0.121584 	0.00250063 	-0.0120489 	6.90331e-13 	-2.19928e-13 	-7.72735e-15 	2.48126e-13 	2.54763e-14 	2.49778e-13 	2.10649e-08 	1.54328e-08 	1.07265e-08 	1.13075e-08 	7.85865e-09 	5.46212e-09
0.03      0.03    0.03    0.03    0.03    4.14 	0.108568 	-0.0424013 	0.0251874 	1.00393e-12 	-3.29481e-13 	-4.85368e-14 	3.26111e-13 	6.94304e-15 	2.80997e-13 	3.54416e-09 	-2.62736e-09 	3.41172e-09 	2.056e-09 	-2.59471e-09 	3.32407e-09
0.03      0.03    0.03    0.03    0.03    4.23 	0.0393711 	0.0320184 	0.0418354 	1.51798e-12 	-5.92171e-13 	1.11567e-13 	2.94185e-13 	-7.5023e-14 	3.07836e-13 	3.9798e-08 	-2.36935e-09 	2.12994e-08 	1.42651e-10 	-1.26545e-09 	1.14055e-08
0.03      0.03    0.03    0.03    0.03    4.32 	0.1137 	0.0222623 	0.0232408 	6.11344e-13 	-2.18927e-13 	-1.12566e-14 	2.26904e-13 	-5.00669e-15 	2.37935e-13 	9.40258e-10 	-8.30243e-10 	1.92107e-09 	7.43072e-10 	-1.72541e-09 	4.02516e-09
0.03      0.03    0.03    0.03    0.03    4.41 	0.1137 	0.0222623 	0.0232408 	6.11344e-13 	-2.18927e-13 	-1.12566e-14 	2.26904e-13 	-5.00669e-15 	2.37935e-13 	9.40258e-10 	-8.30243e-10 	1.92107e-09 	7.43072e-10 	-1.72541e-09 	4.02516e-09
0.03      0.03    0.03    0.03    0.03    4.5 	0.1137 	0.0222623 	0.0232408 	6.11344e-13 	-2.18927e-13 	-1.12566e-14 	2.26904e-13 	-5.00669e-15 	2.37935e-13 	9.40258e-10 	-8.30243e-10 	1.92107e-09 	7.43072e-10 	-1.72541e-09 	4.02516e-09
