0.01    0.01    0.01    0.01    0.01    0 	0.0210547 	-0.0287821 	-0.0412328 	4.04217e-13 	-5.93029e-14 	-2.7603e-14 	1.2224e-13 	1.56602e-14 	2.52875e-13 	4.72393e-10 	3.8224e-10 	-5.55851e-10 	3.09293e-10 	-4.49771e-10 	6.54053e-10
0.01    0.01    0.01    0.01    0.01    0.09 	0.0210547 	-0.0287821 	-0.0412328 	4.04217e-13 	-5.93029e-14 	-2.7603e-14 	1.2224e-13 	1.56602e-14 	2.52875e-13 	4.72393e-10 	3.8224e-10 	-5.55851e-10 	3.09293e-10 	-4.49771e-10 	6.54053e-10
0.01    0.01    0.01    0.01    0.01    0.18 	0.0210547 	-0.0287821 	-0.0412328 	4.04217e-13 	-5.93029e-14 	-2.7603e-14 	1.2224e-13 	1.56602e-14 	2.52875e-13 	4.72393e-10 	3.8224e-10 	-5.55851e-10 	3.09293e-10 	-4.49771e-10 	6.54053e-10
0.01    0.01    0.01    0.01    0.01    0.27 	-0.0154373 	-0.00592879 	0.00319288 	4.63877e-13 	-6.89092e-14 	-4.97108e-14 	3.1395e-13 	1.91711e-13 	3.59906e-13 	2.43666e-10 	-4.10177e-10 	-1.48532e-10 	6.90474e-10 	2.50032e-10 	9.05407e-11
0.01    0.01    0.01    0.01    0.01    0.36 	-0.0154373 	-0.00592879 	0.00319288 	4.63877e-13 	-6.89092e-14 	-4.97108e-14 	3.1395e-13 	1.91711e-13 	3.59906e-13 	2.43666e-10 	-4.10177e-10 	-1.48532e-10 	6.90474e-10 	2.50032e-10 	9.05407e-11
0.01    0.01    0.01    0.01    0.01    0.45 	0.00310816 	-0.00546019 	0.0412879 	1.05946e-12 	-4.48847e-13 	8.65421e-14 	4.58003e-13 	-1.5246e-14 	3.84969e-13 	6.00234e-11 	4.2965e-11 	-8.7975e-12 	3.07545e-11 	-6.29728e-12 	1.28943e-12
0.01    0.01    0.01    0.01    0.01    0.54 	0.00310816 	-0.00546019 	0.0412879 	1.05946e-12 	-4.48847e-13 	8.65421e-14 	4.58003e-13 	-1.5246e-14 	3.84969e-13 	6.00234e-11 	4.2965e-11 	-8.7975e-12 	3.07545e-11 	-6.29728e-12 	1.28943e-12
0.01    0.01    0.01    0.01    0.01    0.63 	-0.0391539 	0.0037977 	0.0286908 	1.34048e-12 	-3.58717e-13 	4.77352e-13 	3.63887e-13 	-2.57996e-13 	6.58788e-13 	7.58206e-11 	-5.64001e-11 	3.21594e-10 	4.19539e-11 	-2.39222e-10 	1.36405e-09
0.01    0.01    0.01    0.01    0.01    0.72 	-0.0391539 	0.0037977 	0.0286908 	1.34048e-12 	-3.58717e-13 	4.77352e-13 	3.63887e-13 	-2.57996e-13 	6.58788e-13 	7.58206e-11 	-5.64001e-11 	3.21594e-10 	4.19539e-11 	-2.39222e-10 	1.36405e-09
0.01    0.01    0.01    0.01    0.01    0.81 	-0.0446329 	0.00258876 	0.036814 	6.37822e-13 	-9.29629e-14 	1.56724e-13 	1.84613e-13 	-5.59369e-14 	5.2251e-13 	9.12922e-11 	4.29049e-11 	-6.24978e-11 	2.01641e-11 	-2.93723e-11 	4.27854e-11
0.01    0.01    0.01    0.01    0.01    0.9 	-0.0446329 	0.00258876 	0.036814 	6.37822e-13 	-9.29629e-14 	1.56724e-13 	1.84613e-13 	-5.59369e-14 	5.2251e-13 	9.12922e-11 	4.29049e-11 	-6.24978e-11 	2.01641e-11 	-2.93723e-11 	4.27854e-11
0.01    0.01    0.01    0.01    0.01    0.99 	-0.0185053 	0.00157133 	-0.0193301 	3.73269e-13 	-1.09167e-14 	-1.07117e-13 	1.52076e-13 	4.15687e-14 	6.42686e-13 	2.87044e-10 	-5.59195e-11 	5.88887e-11 	1.08938e-11 	-1.14722e-11 	1.20814e-11
0.01    0.01    0.01    0.01    0.01    1.08 	-0.0185053 	0.00157133 	-0.0193301 	3.73269e-13 	-1.09167e-14 	-1.07117e-13 	1.52076e-13 	4.15687e-14 	6.42686e-13 	2.87044e-10 	-5.59195e-11 	5.88887e-11 	1.08938e-11 	-1.14722e-11 	1.20814e-11
0.01    0.01    0.01    0.01    0.01    1.17 	-0.0185053 	0.00157133 	-0.0193301 	3.73269e-13 	-1.09167e-14 	-1.07117e-13 	1.52076e-13 	4.15687e-14 	6.42686e-13 	2.87044e-10 	-5.59195e-11 	5.88887e-11 	1.08938e-11 	-1.14722e-11 	1.20814e-11
0.01    0.01    0.01    0.01    0.01    1.26 	-0.0291326 	0.0173322 	-0.00874246 	5.46473e-13 	-7.94636e-14 	-1.20626e-13 	1.98112e-13 	1.65932e-13 	3.71733e-13 	6.76613e-11 	-1.75117e-10 	1.44836e-10 	4.53229e-10 	-3.74858e-10 	3.10038e-10
0.01    0.01    0.01    0.01    0.01    1.35 	-0.0291326 	0.0173322 	-0.00874246 	5.46473e-13 	-7.94636e-14 	-1.20626e-13 	1.98112e-13 	1.65932e-13 	3.71733e-13 	6.76613e-11 	-1.75117e-10 	1.44836e-10 	4.53229e-10 	-3.74858e-10 	3.10038e-10
0.01    0.01    0.01    0.01    0.01    1.44 	-0.0267097 	-0.0038291 	-0.0123288 	5.98153e-13 	-2.5709e-13 	-1.87682e-13 	3.41213e-13 	6.25666e-14 	2.41415e-13 	2.42194e-10 	-1.23748e-10 	1.68159e-10 	6.3229e-11 	-8.59202e-11 	1.16755e-10
0.01    0.01    0.01    0.01    0.01    1.53 	-0.0267097 	-0.0038291 	-0.0123288 	5.98153e-13 	-2.5709e-13 	-1.87682e-13 	3.41213e-13 	6.25666e-14 	2.41415e-13 	2.42194e-10 	-1.23748e-10 	1.68159e-10 	6.3229e-11 	-8.59202e-11 	1.16755e-10
0.01    0.01    0.01    0.01    0.01    1.62 	-0.0338338 	0.0104865 	0.0144831 	6.83802e-13 	-8.34888e-14 	-3.21202e-13 	2.35219e-13 	-7.83802e-14 	5.71002e-13 	2.1075e-10 	-2.4582e-10 	3.4113e-10 	2.86725e-10 	-3.97896e-10 	5.52169e-10
0.01    0.01    0.01    0.01    0.01    1.71 	-0.0338338 	0.0104865 	0.0144831 	6.83802e-13 	-8.34888e-14 	-3.21202e-13 	2.35219e-13 	-7.83802e-14 	5.71002e-13 	2.1075e-10 	-2.4582e-10 	3.4113e-10 	2.86725e-10 	-3.97896e-10 	5.52169e-10
0.01    0.01    0.01    0.01    0.01    1.8 	-0.000425098 	-0.00842338 	-0.0317367 	5.55946e-13 	-1.09752e-13 	-1.7198e-13 	4.12447e-13 	-1.17641e-14 	5.08089e-13 	4.39723e-09 	2.07708e-09 	3.20199e-10 	9.81135e-10 	1.5125e-10 	2.33164e-11
0.01    0.01    0.01    0.01    0.01    1.89 	-0.000425098 	-0.00842338 	-0.0317367 	5.55946e-13 	-1.09752e-13 	-1.7198e-13 	4.12447e-13 	-1.17641e-14 	5.08089e-13 	4.39723e-09 	2.07708e-09 	3.20199e-10 	9.81135e-10 	1.5125e-10 	2.33164e-11
0.01    0.01    0.01    0.01    0.01    1.98 	0.0210485 	-0.0413526 	0.0158548 	3.82529e-13 	1.0187e-14 	-1.00308e-13 	3.3016e-13 	-1.46109e-13 	4.08941e-13 	6.79353e-09 	-3.95819e-09 	-5.73491e-09 	2.30621e-09 	3.3414e-09 	4.84125e-09
0.01    0.01    0.01    0.01    0.01    2.07 	0.0210485 	-0.0413526 	0.0158548 	3.82529e-13 	1.0187e-14 	-1.00308e-13 	3.3016e-13 	-1.46109e-13 	4.08941e-13 	6.79353e-09 	-3.95819e-09 	-5.73491e-09 	2.30621e-09 	3.3414e-09 	4.84125e-09
0.01    0.01    0.01    0.01    0.01    2.16 	-0.0313774 	-0.0447491 	-0.0169375 	7.09502e-13 	-1.37654e-13 	-4.81703e-14 	2.29695e-13 	-4.46759e-14 	2.26129e-13 	6.57653e-09 	-4.19209e-09 	-3.29173e-09 	2.67217e-09 	2.09825e-09 	1.6476e-09
0.01    0.01    0.01    0.01    0.01    2.25 	-0.0313774 	-0.0447491 	-0.0169375 	7.09502e-13 	-1.37654e-13 	-4.81703e-14 	2.29695e-13 	-4.46759e-14 	2.26129e-13 	6.57653e-09 	-4.19209e-09 	-3.29173e-09 	2.67217e-09 	2.09825e-09 	1.6476e-09
0.01    0.01    0.01    0.01    0.01    2.34 	-0.0313774 	-0.0447491 	-0.0169375 	7.09502e-13 	-1.37654e-13 	-4.81703e-14 	2.29695e-13 	-4.46759e-14 	2.26129e-13 	6.57653e-09 	-4.19209e-09 	-3.29173e-09 	2.67217e-09 	2.09825e-09 	1.6476e-09
0.01    0.01    0.01    0.01    0.01    2.43 	0.0189133 	-0.00856357 	0.0237722 	3.73884e-13 	-1.11845e-13 	-4.10699e-14 	2.379e-13 	-5.17522e-14 	2.03406e-13 	1.3921e-09 	4.24692e-10 	-7.34821e-10 	1.29562e-10 	-2.24174e-10 	3.87875e-10
0.01    0.01    0.01    0.01    0.01    2.52 	0.0189133 	-0.00856357 	0.0237722 	3.73884e-13 	-1.11845e-13 	-4.10699e-14 	2.379e-13 	-5.17522e-14 	2.03406e-13 	1.3921e-09 	4.24692e-10 	-7.34821e-10 	1.29562e-10 	-2.24174e-10 	3.87875e-10
0.01    0.01    0.01    0.01    0.01    2.61 	0.0083637 	-0.0122452 	-0.00454652 	4.63393e-13 	-1.88147e-13 	1.4854e-13 	3.79224e-13 	-1.1968e-13 	5.17972e-13 	1.21558e-12 	-5.67294e-12 	3.23309e-11 	2.64749e-11 	-1.50884e-10 	8.59912e-10
0.01    0.01    0.01    0.01    0.01    2.7 	0.0083637 	-0.0122452 	-0.00454652 	4.63393e-13 	-1.88147e-13 	1.4854e-13 	3.79224e-13 	-1.1968e-13 	5.17972e-13 	1.21558e-12 	-5.67294e-12 	3.23309e-11 	2.64749e-11 	-1.50884e-10 	8.59912e-10
0.01    0.01    0.01    0.01    0.01    2.79 	0.031365 	-0.00938339 	0.033191 	6.22156e-13 	-1.76154e-13 	1.60467e-13 	3.11959e-13 	-6.58786e-14 	3.09485e-13 	1.05616e-09 	4.16206e-10 	8.26997e-10 	1.64017e-10 	3.259e-10 	6.4756e-10
0.01    0.01    0.01    0.01    0.01    2.88 	0.031365 	-0.00938339 	0.033191 	6.22156e-13 	-1.76154e-13 	1.60467e-13 	3.11959e-13 	-6.58786e-14 	3.09485e-13 	1.05616e-09 	4.16206e-10 	8.26997e-10 	1.64017e-10 	3.259e-10 	6.4756e-10
0.01    0.01    0.01    0.01    0.01    2.97 	0.0206792 	0.0118841 	-0.0125825 	2.04066e-12 	-7.38585e-13 	5.65798e-13 	7.89893e-13 	-3.16113e-13 	1.13153e-12 	4.90675e-11 	-2.29101e-10 	1.22176e-10 	1.06969e-09 	-5.70449e-10 	3.04211e-10
0.01    0.01    0.01    0.01    0.01    3.06 	0.0206792 	0.0118841 	-0.0125825 	2.04066e-12 	-7.38585e-13 	5.65798e-13 	7.89893e-13 	-3.16113e-13 	1.13153e-12 	4.90675e-11 	-2.29101e-10 	1.22176e-10 	1.06969e-09 	-5.70449e-10 	3.04211e-10
0.01    0.01    0.01    0.01    0.01    3.15 	0.00337747 	-0.040823 	0.0899424 	7.08339e-13 	-2.07751e-13 	9.74868e-14 	3.12868e-13 	-2.78039e-14 	3.98359e-13 	2.44245e-09 	1.01905e-09 	3.99486e-09 	4.25172e-10 	1.66675e-09 	6.53398e-09
0.01    0.01    0.01    0.01    0.01    3.24 	0.00337747 	-0.040823 	0.0899424 	7.08339e-13 	-2.07751e-13 	9.74868e-14 	3.12868e-13 	-2.78039e-14 	3.98359e-13 	2.44245e-09 	1.01905e-09 	3.99486e-09 	4.25172e-10 	1.66675e-09 	6.53398e-09
0.01    0.01    0.01    0.01    0.01    3.33 	0.0261545 	-0.0273942 	0.009608 	5.53618e-13 	-1.66971e-13 	1.41434e-14 	2.26403e-13 	3.21143e-14 	3.15872e-13 	5.27982e-12 	1.15693e-10 	-8.8027e-11 	2.53511e-09 	-1.92888e-09 	1.46762e-09
0.01    0.01    0.01    0.01    0.01    3.42 	0.0261545 	-0.0273942 	0.009608 	5.53618e-13 	-1.66971e-13 	1.41434e-14 	2.26403e-13 	3.21143e-14 	3.15872e-13 	5.27982e-12 	1.15693e-10 	-8.8027e-11 	2.53511e-09 	-1.92888e-09 	1.46762e-09
0.01    0.01    0.01    0.01    0.01    3.51 	0.0261545 	-0.0273942 	0.009608 	5.53618e-13 	-1.66971e-13 	1.41434e-14 	2.26403e-13 	3.21143e-14 	3.15872e-13 	5.27982e-12 	1.15693e-10 	-8.8027e-11 	2.53511e-09 	-1.92888e-09 	1.46762e-09
0.01    0.01    0.01    0.01    0.01    3.6 	0.0208266 	0.00394568 	0.103922 	5.29736e-13 	-1.71383e-13 	2.74077e-13 	3.33166e-13 	-2.5992e-13 	1.07489e-12 	3.25858e-10 	1.05351e-09 	-4.43774e-10 	3.40605e-09 	-1.43474e-09 	6.04359e-10
0.01    0.01    0.01    0.01    0.01    3.69 	0.0208266 	0.00394568 	0.103922 	5.29736e-13 	-1.71383e-13 	2.74077e-13 	3.33166e-13 	-2.5992e-13 	1.07489e-12 	3.25858e-10 	1.05351e-09 	-4.43774e-10 	3.40605e-09 	-1.43474e-09 	6.04359e-10
0.01    0.01    0.01    0.01    0.01    3.78 	0.0113445 	-0.0085686 	0.0462065 	6.50273e-13 	-1.38948e-13 	4.12582e-13 	2.27006e-13 	-1.56393e-13 	7.85224e-13 	7.36203e-10 	-8.77003e-10 	4.76951e-10 	1.04473e-09 	-5.68168e-10 	3.08994e-10
0.01    0.01    0.01    0.01    0.01    3.87 	0.0113445 	-0.0085686 	0.0462065 	6.50273e-13 	-1.38948e-13 	4.12582e-13 	2.27006e-13 	-1.56393e-13 	7.85224e-13 	7.36203e-10 	-8.77003e-10 	4.76951e-10 	1.04473e-09 	-5.68168e-10 	3.08994e-10
0.01    0.01    0.01    0.01    0.01    3.96 	-0.0106375 	0.0127547 	0.0217368 	4.63727e-13 	3.35715e-15 	3.61695e-14 	4.82081e-13 	-5.03323e-13 	1.18851e-12 	5.06418e-12 	-1.86647e-11 	9.76113e-11 	6.8791e-11 	-3.59759e-10 	1.88145e-09
0.01    0.01    0.01    0.01    0.01    4.05 	-0.0106375 	0.0127547 	0.0217368 	4.63727e-13 	3.35715e-15 	3.61695e-14 	4.82081e-13 	-5.03323e-13 	1.18851e-12 	5.06418e-12 	-1.86647e-11 	9.76113e-11 	6.8791e-11 	-3.59759e-10 	1.88145e-09
0.01    0.01    0.01    0.01    0.01    4.14 	-0.0187154 	0.0127674 	0.0309027 	2.99985e-13 	-7.12374e-15 	-2.5776e-15 	3.35049e-13 	-2.55321e-13 	6.05342e-13 	1.46042e-10 	4.59325e-10 	-7.22396e-11 	1.44464e-09 	-2.27204e-10 	3.57332e-11
0.01    0.01    0.01    0.01    0.01    4.23 	-0.0187154 	0.0127674 	0.0309027 	2.99985e-13 	-7.12374e-15 	-2.5776e-15 	3.35049e-13 	-2.55321e-13 	6.05342e-13 	1.46042e-10 	4.59325e-10 	-7.22396e-11 	1.44464e-09 	-2.27204e-10 	3.57332e-11
0.01    0.01    0.01    0.01    0.01    4.32 	-0.0430614 	-0.00372155 	0.0719463 	5.54949e-13 	-1.57112e-13 	-5.4167e-13 	2.02112e-13 	2.08324e-13 	8.50931e-13 	9.92928e-10 	-3.11773e-10 	-6.58551e-10 	9.78946e-11 	2.06781e-10 	4.36779e-10
0.01    0.01    0.01    0.01    0.01    4.41 	-0.0430614 	-0.00372155 	0.0719463 	5.54949e-13 	-1.57112e-13 	-5.4167e-13 	2.02112e-13 	2.08324e-13 	8.50931e-13 	9.92928e-10 	-3.11773e-10 	-6.58551e-10 	9.78946e-11 	2.06781e-10 	4.36779e-10
0.01    0.01    0.01    0.01    0.01    4.5 	-0.0430614 	-0.00372155 	0.0719463 	5.54949e-13 	-1.57112e-13 	-5.4167e-13 	2.02112e-13 	2.08324e-13 	8.50931e-13 	9.92928e-10 	-3.11773e-10 	-6.58551e-10 	9.78946e-11 	2.06781e-10 	4.36779e-10
0.02    0.02    0.02    0.02    0.02    0 	0.0209577 	-0.0288497 	-0.0411242 	4.04177e-13 	-5.91297e-14 	-2.76482e-14 	1.22156e-13 	1.56464e-14 	2.53063e-13 	2.75655e-09 	2.01292e-09 	-3.13194e-09 	1.47259e-09 	-2.28834e-09 	3.55909e-09
0.02    0.02    0.02    0.02    0.02    0.09 	0.0209577 	-0.0288497 	-0.0411242 	4.04177e-13 	-5.91297e-14 	-2.76482e-14 	1.22156e-13 	1.56464e-14 	2.53063e-13 	2.75655e-09 	2.01292e-09 	-3.13194e-09 	1.47259e-09 	-2.28834e-09 	3.55909e-09
0.02    0.02    0.02    0.02    0.02    0.18 	0.0209577 	-0.0288497 	-0.0411242 	4.04177e-13 	-5.91297e-14 	-2.76482e-14 	1.22156e-13 	1.56464e-14 	2.53063e-13 	2.75655e-09 	2.01292e-09 	-3.13194e-09 	1.47259e-09 	-2.28834e-09 	3.55909e-09
0.02    0.02    0.02    0.02    0.02    0.27 	-0.0153748 	-0.00603885 	0.00315175 	4.64126e-13 	-6.85159e-14 	-4.94084e-14 	3.13757e-13 	1.91615e-13 	3.59834e-13 	1.24408e-09 	-2.14481e-09 	-7.8531e-10 	3.70124e-09 	1.35685e-09 	4.98198e-10
0.02    0.02    0.02    0.02    0.02    0.36 	-0.0153748 	-0.00603885 	0.00315175 	4.64126e-13 	-6.85159e-14 	-4.94084e-14 	3.13757e-13 	1.91615e-13 	3.59834e-13 	1.24408e-09 	-2.14481e-09 	-7.8531e-10 	3.70124e-09 	1.35685e-09 	4.98198e-10
0.02    0.02    0.02    0.02    0.02    0.45 	0.00313669 	-0.00542698 	0.0412781 	1.06059e-12 	-4.49422e-13 	8.63377e-14 	4.58452e-13 	-1.50971e-14 	3.8496e-13 	2.70505e-10 	2.69595e-10 	-7.37731e-11 	2.74697e-10 	-7.57959e-11 	2.10022e-11
0.02    0.02    0.02    0.02    0.02    0.54 	0.00313669 	-0.00542698 	0.0412781 	1.06059e-12 	-4.49422e-13 	8.63377e-14 	4.58452e-13 	-1.50971e-14 	3.8496e-13 	2.70505e-10 	2.69595e-10 	-7.37731e-11 	2.74697e-10 	-7.57959e-11 	2.10022e-11
0.02    0.02    0.02    0.02    0.02    0.63 	-0.039118 	0.00376533 	0.028846 	1.34092e-12 	-3.59153e-13 	4.77284e-13 	3.6429e-13 	-2.58179e-13 	6.59414e-13 	3.93701e-10 	-3.36007e-10 	1.69633e-09 	2.87437e-10 	-1.44785e-09 	7.3094e-09
0.02    0.02    0.02    0.02    0.02    0.72 	-0.039118 	0.00376533 	0.028846 	1.34092e-12 	-3.59153e-13 	4.77284e-13 	3.6429e-13 	-2.58179e-13 	6.59414e-13 	3.93701e-10 	-3.36007e-10 	1.69633e-09 	2.87437e-10 	-1.44785e-09 	7.3094e-09
0.02    0.02    0.02    0.02    0.02    0.81 	-0.0445963 	0.0026005 	0.0367879 	6.38537e-13 	-9.32477e-14 	1.57267e-13 	1.84722e-13 	-5.63252e-14 	5.22755e-13 	4.35093e-10 	1.62827e-10 	-3.05198e-10 	6.19383e-11 	-1.13967e-10 	2.14149e-10
0.02    0.02    0.02    0.02    0.02    0.9 	-0.0445963 	0.0026005 	0.0367879 	6.38537e-13 	-9.32477e-14 	1.57267e-13 	1.84722e-13 	-5.63252e-14 	5.22755e-13 	4.35093e-10 	1.62827e-10 	-3.05198e-10 	6.19383e-11 	-1.13967e-10 	2.14149e-10
0.02    0.02    0.02    0.02    0.02    0.99 	-0.0184361 	0.00155551 	-0.0193123 	3.73375e-13 	-1.09791e-14 	-1.07123e-13 	1.52117e-13 	4.16732e-14 	6.42765e-13 	1.48607e-09 	-3.23472e-10 	3.57479e-10 	7.05577e-11 	-7.80443e-11 	8.63574e-11
0.02    0.02    0.02    0.02    0.02    1.08 	-0.0184361 	0.00155551 	-0.0193123 	3.73375e-13 	-1.09791e-14 	-1.07123e-13 	1.52117e-13 	4.16732e-14 	6.42765e-13 	1.48607e-09 	-3.23472e-10 	3.57479e-10 	7.05577e-11 	-7.80443e-11 	8.63574e-11
0.02    0.02    0.02    0.02    0.02    1.17 	-0.0184361 	0.00155551 	-0.0193123 	3.73375e-13 	-1.09791e-14 	-1.07123e-13 	1.52117e-13 	4.16732e-14 	6.42765e-13 	1.48607e-09 	-3.23472e-10 	3.57479e-10 	7.05577e-11 	-7.80443e-11 	8.63574e-11
0.02    0.02    0.02    0.02    0.02    1.26 	-0.0291628 	0.0174207 	-0.00880935 	5.46555e-13 	-7.94921e-14 	-1.20778e-13 	1.98134e-13 	1.66067e-13 	3.71751e-13 	2.9942e-10 	-8.47622e-10 	6.60939e-10 	2.4018e-09 	-1.87153e-09 	1.45958e-09
0.02    0.02    0.02    0.02    0.02    1.35 	-0.0291628 	0.0174207 	-0.00880935 	5.46555e-13 	-7.94921e-14 	-1.20778e-13 	1.98134e-13 	1.66067e-13 	3.71751e-13 	2.9942e-10 	-8.47622e-10 	6.60939e-10 	2.4018e-09 	-1.87153e-09 	1.45958e-09
0.02    0.02    0.02    0.02    0.02    1.44 	-0.0267715 	-0.00379476 	-0.012383 	5.98085e-13 	-2.57123e-13 	-1.87908e-13 	3.41213e-13 	6.25361e-14 	2.41431e-13 	1.20711e-09 	-6.52084e-10 	9.86624e-10 	3.52507e-10 	-5.33845e-10 	8.09552e-10
0.02    0.02    0.02    0.02    0.02    1.53 	-0.0267715 	-0.00379476 	-0.012383 	5.98085e-13 	-2.57123e-13 	-1.87908e-13 	3.41213e-13 	6.25361e-14 	2.41431e-13 	1.20711e-09 	-6.52084e-10 	9.86624e-10 	3.52507e-10 	-5.33845e-10 	8.09552e-10
0.02    0.02    0.02    0.02    0.02    1.62 	-0.0337676 	0.01041 	0.0145812 	6.83351e-13 	-8.34241e-14 	-3.21006e-13 	2.35209e-13 	-7.84624e-14 	5.71145e-13 	1.25711e-09 	-1.46245e-09 	1.9265e-09 	1.70207e-09 	-2.24349e-09 	2.96021e-09
0.02    0.02    0.02    0.02    0.02    1.71 	-0.0337676 	0.01041 	0.0145812 	6.83351e-13 	-8.34241e-14 	-3.21006e-13 	2.35209e-13 	-7.84624e-14 	5.71145e-13 	1.25711e-09 	-1.46245e-09 	1.9265e-09 	1.70207e-09 	-2.24349e-09 	2.96021e-09
0.02    0.02    0.02    0.02    0.02    1.8 	-0.000692509 	-0.0085482 	-0.0317493 	5.5548e-13 	-1.09153e-13 	-1.71845e-13 	4.12563e-13 	-1.21121e-14 	5.07749e-13 	2.23325e-08 	1.04668e-08 	1.22379e-09 	4.90563e-09 	5.73804e-10 	6.80044e-11
0.02    0.02    0.02    0.02    0.02    1.89 	-0.000692509 	-0.0085482 	-0.0317493 	5.5548e-13 	-1.09153e-13 	-1.71845e-13 	4.12563e-13 	-1.21121e-14 	5.07749e-13 	2.23325e-08 	1.04668e-08 	1.22379e-09 	4.90563e-09 	5.73804e-10 	6.80044e-11
0.02    0.02    0.02    0.02    0.02    1.98 	0.020733 	-0.041174 	0.0161253 	3.82844e-13 	1.03797e-14 	-1.00457e-13 	3.30517e-13 	-1.46483e-13 	4.09701e-13 	3.20321e-08 	-1.83753e-08 	-2.72671e-08 	1.05448e-08 	1.5639e-08 	2.3213e-08
0.02    0.02    0.02    0.02    0.02    2.07 	0.020733 	-0.041174 	0.0161253 	3.82844e-13 	1.03797e-14 	-1.00457e-13 	3.30517e-13 	-1.46483e-13 	4.09701e-13 	3.20321e-08 	-1.83753e-08 	-2.72671e-08 	1.05448e-08 	1.5639e-08 	2.3213e-08
0.02    0.02    0.02    0.02    0.02    2.16 	-0.0317003 	-0.0445346 	-0.016785 	7.10488e-13 	-1.37631e-13 	-4.81028e-14 	2.29667e-13 	-4.49705e-14 	2.26684e-13 	3.27072e-08 	-2.14847e-08 	-1.57088e-08 	1.41142e-08 	1.03173e-08 	7.54621e-09
0.02    0.02    0.02    0.02    0.02    2.25 	-0.0317003 	-0.0445346 	-0.016785 	7.10488e-13 	-1.37631e-13 	-4.81028e-14 	2.29667e-13 	-4.49705e-14 	2.26684e-13 	3.27072e-08 	-2.14847e-08 	-1.57088e-08 	1.41142e-08 	1.03173e-08 	7.54621e-09
0.02    0.02    0.02    0.02    0.02    2.34 	-0.0317003 	-0.0445346 	-0.016785 	7.10488e-13 	-1.37631e-13 	-4.81028e-14 	2.29667e-13 	-4.49705e-14 	2.26684e-13 	3.27072e-08 	-2.14847e-08 	-1.57088e-08 	1.41142e-08 	1.03173e-08 	7.54621e-09
0.02    0.02    0.02    0.02    0.02    2.43 	0.0187643 	-0.00859233 	0.0238583 	3.73602e-13 	-1.11842e-13 	-4.11303e-14 	2.38033e-13 	-5.16259e-14 	2.03232e-13 	6.97599e-09 	1.6053e-09 	-3.9275e-09 	3.76814e-10 	-9.0153e-10 	2.21216e-09
0.02    0.02    0.02    0.02    0.02    2.52 	0.0187643 	-0.00859233 	0.0238583 	3.73602e-13 	-1.11842e-13 	-4.11303e-14 	2.38033e-13 	-5.16259e-14 	2.03232e-13 	6.97599e-09 	1.6053e-09 	-3.9275e-09 	3.76814e-10 	-9.0153e-10 	2.21216e-09
0.02    0.02    0.02    0.02    0.02    2.61 	0.00836834 	-0.0122664 	-0.00442761 	4.64086e-13 	-1.88539e-13 	1.48737e-13 	3.79534e-13 	-1.20204e-13 	5.18167e-13 	6.21811e-12 	-2.90795e-11 	1.63739e-10 	1.38295e-10 	-7.79025e-10 	4.38841e-09
0.02    0.02    0.02    0.02    0.02    2.7 	0.00836834 	-0.0122664 	-0.00442761 	4.64086e-13 	-1.88539e-13 	1.48737e-13 	3.79534e-13 	-1.20204e-13 	5.18167e-13 	6.21811e-12 	-2.90795e-11 	1.63739e-10 	1.38295e-10 	-7.79025e-10 	4.38841e-09
0.02    0.02    0.02    0.02    0.02    2.79 	0.0312306 	-0.00943787 	0.033076 	6.21052e-13 	-1.75725e-13 	1.60348e-13 	3.11667e-13 	-6.59536e-14 	3.09351e-13 	5.53692e-09 	2.23031e-09 	4.61919e-09 	8.9844e-10 	1.86084e-09 	3.85535e-09
0.02    0.02    0.02    0.02    0.02    2.88 	0.0312306 	-0.00943787 	0.033076 	6.21052e-13 	-1.75725e-13 	1.60348e-13 	3.11667e-13 	-6.59536e-14 	3.09351e-13 	5.53692e-09 	2.23031e-09 	4.61919e-09 	8.9844e-10 	1.86084e-09 	3.85535e-09
0.02    0.02    0.02    0.02    0.02    2.97 	0.020712 	0.0117612 	-0.012504 	2.04159e-12 	-7.38596e-13 	5.64275e-13 	7.89821e-13 	-3.15094e-13 	1.13003e-12 	3.12119e-10 	-1.24359e-09 	7.52151e-10 	4.96788e-09 	-2.99783e-09 	1.8131e-09
0.02    0.02    0.02    0.02    0.02    3.06 	0.020712 	0.0117612 	-0.012504 	2.04159e-12 	-7.38596e-13 	5.64275e-13 	7.89821e-13 	-3.15094e-13 	1.13003e-12 	3.12119e-10 	-1.24359e-09 	7.52151e-10 	4.96788e-09 	-2.99783e-09 	1.8131e-09
0.02    0.02    0.02    0.02    0.02    3.15 	0.00317725 	-0.0409046 	0.0896185 	7.08506e-13 	-2.07838e-13 	9.66453e-14 	3.12956e-13 	-2.69328e-14 	3.98187e-13 	1.24424e-08 	5.13394e-09 	2.01891e-08 	2.11936e-09 	8.33033e-09 	3.27594e-08
0.02    0.02    0.02    0.02    0.02    3.24 	0.00317725 	-0.0409046 	0.0896185 	7.08506e-13 	-2.07838e-13 	9.66453e-14 	3.12956e-13 	-2.69328e-14 	3.98187e-13 	1.24424e-08 	5.13394e-09 	2.01891e-08 	2.11936e-09 	8.33033e-09 	3.27594e-08
0.02    0.02    0.02    0.02    0.02    3.33 	0.0261679 	-0.0271988 	0.009454 	5.5378e-13 	-1.66944e-13 	1.41053e-14 	2.26346e-13 	3.19526e-14 	3.15792e-13 	4.48188e-11 	7.31873e-10 	-5.70621e-10 	1.22422e-08 	-9.52772e-09 	7.41613e-09
0.02    0.02    0.02    0.02    0.02    3.42 	0.0261679 	-0.0271988 	0.009454 	5.5378e-13 	-1.66944e-13 	1.41053e-14 	2.26346e-13 	3.19526e-14 	3.15792e-13 	4.48188e-11 	7.31873e-10 	-5.70621e-10 	1.22422e-08 	-9.52772e-09 	7.41613e-09
0.02    0.02    0.02    0.02    0.02    3.51 	0.0261679 	-0.0271988 	0.009454 	5.5378e-13 	-1.66944e-13 	1.41053e-14 	2.26346e-13 	3.19526e-14 	3.15792e-13 	4.48188e-11 	7.31873e-10 	-5.70621e-10 	1.22422e-08 	-9.52772e-09 	7.41613e-09
0.02    0.02    0.02    0.02    0.02    3.6 	0.0207558 	0.00372241 	0.104038 	5.29587e-13 	-1.71461e-13 	2.74151e-13 	3.33366e-13 	-2.60341e-13 	1.07514e-12 	1.59231e-09 	5.0722e-09 	-2.4513e-09 	1.61597e-08 	-7.8046e-09 	3.78186e-09
0.02    0.02    0.02    0.02    0.02    3.69 	0.0207558 	0.00372241 	0.104038 	5.29587e-13 	-1.71461e-13 	2.74151e-13 	3.33366e-13 	-2.60341e-13 	1.07514e-12 	1.59231e-09 	5.0722e-09 	-2.4513e-09 	1.61597e-08 	-7.8046e-09 	3.78186e-09
0.02    0.02    0.02    0.02    0.02    3.78 	0.0112305 	-0.00844896 	0.0461275 	6.50005e-13 	-1.38863e-13 	4.1271e-13 	2.26828e-13 	-1.56449e-13 	7.86071e-13 	3.95709e-09 	-4.33365e-09 	2.69526e-09 	4.75302e-09 	-2.95048e-09 	1.83625e-09
0.02    0.02    0.02    0.02    0.02    3.87 	0.0112305 	-0.00844896 	0.0461275 	6.50005e-13 	-1.38863e-13 	4.1271e-13 	2.26828e-13 	-1.56449e-13 	7.86071e-13 	3.95709e-09 	-4.33365e-09 	2.69526e-09 	4.75302e-09 	-2.95048e-09 	1.83625e-09
0.02    0.02    0.02    0.02    0.02    3.96 	-0.0106448 	0.0127871 	0.0215556 	4.63608e-13 	3.23312e-15 	3.62374e-14 	4.8215e-13 	-5.03729e-13 	1.1899e-12 	2.1371e-11 	-8.39562e-11 	4.56098e-10 	3.36166e-10 	-1.83327e-09 	1.0006e-08
0.02    0.02    0.02    0.02    0.02    4.05 	-0.0106448 	0.0127871 	0.0215556 	4.63608e-13 	3.23312e-15 	3.62374e-14 	4.8215e-13 	-5.03729e-13 	1.1899e-12 	2.1371e-11 	-8.39562e-11 	4.56098e-10 	3.36166e-10 	-1.83327e-09 	1.0006e-08
0.02    0.02    0.02    0.02    0.02    4.14 	-0.0186757 	0.0129304 	0.0308837 	3.00331e-13 	-7.13301e-15 	-2.77792e-15 	3.35453e-13 	-2.56066e-13 	6.06767e-13 	5.64054e-10 	2.11545e-09 	-2.68657e-10 	7.97419e-09 	-1.00853e-09 	1.28356e-10
0.02    0.02    0.02    0.02    0.02    4.23 	-0.0186757 	0.0129304 	0.0308837 	3.00331e-13 	-7.13301e-15 	-2.77792e-15 	3.35453e-13 	-2.56066e-13 	6.06767e-13 	5.64054e-10 	2.11545e-09 	-2.68657e-10 	7.97419e-09 	-1.00853e-09 	1.28356e-10
0.02    0.02    0.02    0.02    0.02    4.32 	-0.0429317 	-0.00376592 	0.0718569 	5.54953e-13 	-1.5696e-13 	-5.42165e-13 	2.02119e-13 	2.08113e-13 	8.51734e-13 	5.16573e-09 	-1.71757e-09 	-3.52382e-09 	5.71565e-10 	1.17183e-09 	2.40399e-09
0.02    0.02    0.02    0.02    0.02    4.41 	-0.0429317 	-0.00376592 	0.0718569 	5.54953e-13 	-1.5696e-13 	-5.42165e-13 	2.02119e-13 	2.08113e-13 	8.51734e-13 	5.16573e-09 	-1.71757e-09 	-3.52382e-09 	5.71565e-10 	1.17183e-09 	2.40399e-09
0.02    0.02    0.02    0.02    0.02    4.5 	-0.0429317 	-0.00376592 	0.0718569 	5.54953e-13 	-1.5696e-13 	-5.42165e-13 	2.02119e-13 	2.08113e-13 	8.51734e-13 	5.16573e-09 	-1.71757e-09 	-3.52382e-09 	5.71565e-10 	1.17183e-09 	2.40399e-09
0.03    0.03    0.03    0.03    0.03    0 	0.0208555 	-0.0289049 	-0.0410117 	4.04141e-13 	-5.89574e-14 	-2.76946e-14 	1.22076e-13 	1.56335e-14 	2.53254e-13 	6.93201e-09 	4.51398e-09 	-7.75435e-09 	2.96035e-09 	-5.05403e-09 	8.67546e-09
0.03    0.03    0.03    0.03    0.03    0.09 	0.0208555 	-0.0289049 	-0.0410117 	4.04141e-13 	-5.89574e-14 	-2.76946e-14 	1.22076e-13 	1.56335e-14 	2.53254e-13 	6.93201e-09 	4.51398e-09 	-7.75435e-09 	2.96035e-09 	-5.05403e-09 	8.67546e-09
0.03    0.03    0.03    0.03    0.03    0.18 	0.0208555 	-0.0289049 	-0.0410117 	4.04141e-13 	-5.89574e-14 	-2.76946e-14 	1.22076e-13 	1.56335e-14 	2.53254e-13 	6.93201e-09 	4.51398e-09 	-7.75435e-09 	2.96035e-09 	-5.05403e-09 	8.67546e-09
0.03    0.03    0.03    0.03    0.03    0.27 	-0.0153341 	-0.00613928 	0.00310115 	4.64374e-13 	-6.81248e-14 	-4.91076e-14 	3.13561e-13 	1.91519e-13 	3.59759e-13 	2.20141e-09 	-4.22627e-09 	-1.74475e-09 	8.1801e-09 	3.40427e-09 	1.42783e-09
0.03    0.03    0.03    0.03    0.03    0.36 	-0.0153341 	-0.00613928 	0.00310115 	4.64374e-13 	-6.81248e-14 	-4.91076e-14 	3.13561e-13 	1.91519e-13 	3.59759e-13 	2.20141e-09 	-4.22627e-09 	-1.74475e-09 	8.1801e-09 	3.40427e-09 	1.42783e-09
0.03    0.03    0.03    0.03    0.03    0.45 	0.00316399 	-0.00537909 	0.0412634 	1.06171e-12 	-4.49989e-13 	8.61325e-14 	4.58909e-13 	-1.49486e-14 	3.84956e-13 	5.8647e-10 	7.61261e-10 	-2.21651e-10 	1.01847e-09 	-2.98453e-10 	8.75949e-11
0.03    0.03    0.03    0.03    0.03    0.54 	0.00316399 	-0.00537909 	0.0412634 	1.06171e-12 	-4.49989e-13 	8.61325e-14 	4.58909e-13 	-1.49486e-14 	3.84956e-13 	5.8647e-10 	7.61261e-10 	-2.21651e-10 	1.01847e-09 	-2.98453e-10 	8.75949e-11
0.03    0.03    0.03    0.03    0.03    0.63 	-0.0390784 	0.00372977 	0.0289995 	1.34132e-12 	-3.59567e-13 	4.77189e-13 	3.64708e-13 	-2.58345e-13 	6.60038e-13 	1.00197e-09 	-8.84008e-10 	4.151e-09 	7.80684e-10 	-3.66085e-09 	1.7211e-08
0.03    0.03    0.03    0.03    0.03    0.72 	-0.0390784 	0.00372977 	0.0289995 	1.34132e-12 	-3.59567e-13 	4.77189e-13 	3.64708e-13 	-2.58345e-13 	6.60038e-13 	1.00197e-09 	-8.84008e-10 	4.151e-09 	7.80684e-10 	-3.66085e-09 	1.7211e-08
0.03    0.03    0.03    0.03    0.03    0.81 	-0.0445692 	0.00259835 	0.0367651 	6.3925e-13 	-9.35341e-14 	1.5781e-13 	1.84825e-13 	-5.6713e-14 	5.23e-13 	8.22237e-10 	1.95991e-10 	-6.10667e-10 	5.75756e-11 	-1.42268e-10 	4.5454e-10
0.03    0.03    0.03    0.03    0.03    0.9 	-0.0445692 	0.00259835 	0.0367651 	6.3925e-13 	-9.35341e-14 	1.5781e-13 	1.84825e-13 	-5.6713e-14 	5.23e-13 	8.22237e-10 	1.95991e-10 	-6.10667e-10 	5.75756e-11 	-1.42268e-10 	4.5454e-10
0.03    0.03    0.03    0.03    0.03    0.99 	-0.0183757 	0.00153624 	-0.0192942 	3.73476e-13 	-1.10413e-14 	-1.07129e-13 	1.52151e-13 	4.17778e-14 	6.42842e-13 	3.16187e-09 	-7.96486e-10 	8.3479e-10 	2.02932e-10 	-2.11784e-10 	2.21504e-10
0.03    0.03    0.03    0.03    0.03    1.08 	-0.0183757 	0.00153624 	-0.0192942 	3.73476e-13 	-1.10413e-14 	-1.07129e-13 	1.52151e-13 	4.17778e-14 	6.42842e-13 	3.16187e-09 	-7.96486e-10 	8.3479e-10 	2.02932e-10 	-2.11784e-10 	2.21504e-10
0.03    0.03    0.03    0.03    0.03    1.17 	-0.0183757 	0.00153624 	-0.0192942 	3.73476e-13 	-1.10413e-14 	-1.07129e-13 	1.52151e-13 	4.17778e-14 	6.42842e-13 	3.16187e-09 	-7.96486e-10 	8.3479e-10 	2.02932e-10 	-2.11784e-10 	2.21504e-10
0.03    0.03    0.03    0.03    0.03    1.26 	-0.0291927 	0.017499 	-0.00886276 	5.46635e-13 	-7.95202e-14 	-1.20929e-13 	1.98153e-13 	1.66204e-13 	3.71768e-13 	6.77125e-10 	-1.87804e-09 	1.39071e-09 	5.21229e-09 	-3.86134e-09 	2.8651e-09
0.03    0.03    0.03    0.03    0.03    1.35 	-0.0291927 	0.017499 	-0.00886276 	5.46635e-13 	-7.95202e-14 	-1.20929e-13 	1.98153e-13 	1.66204e-13 	3.71768e-13 	6.77125e-10 	-1.87804e-09 	1.39071e-09 	5.21229e-09 	-3.86134e-09 	2.8651e-09
0.03    0.03    0.03    0.03    0.03    1.44 	-0.0268248 	-0.00376105 	-0.0124379 	5.98016e-13 	-2.57155e-13 	-1.88131e-13 	3.41211e-13 	6.25061e-14 	2.41446e-13 	2.52674e-09 	-1.44876e-09 	2.26854e-09 	8.32332e-10 	-1.30484e-09 	2.04727e-09
0.03    0.03    0.03    0.03    0.03    1.53 	-0.0268248 	-0.00376105 	-0.0124379 	5.98016e-13 	-2.57155e-13 	-1.88131e-13 	3.41211e-13 	6.25061e-14 	2.41446e-13 	2.52674e-09 	-1.44876e-09 	2.26854e-09 	8.32332e-10 	-1.30484e-09 	2.04727e-09
0.03    0.03    0.03    0.03    0.03    1.62 	-0.0336879 	0.0103367 	0.0146546 	6.82897e-13 	-8.33623e-14 	-3.20811e-13 	2.35192e-13 	-7.85433e-14 	5.71278e-13 	3.58551e-09 	-3.78818e-09 	4.50646e-09 	4.0188e-09 	-4.8031e-09 	5.77126e-09
0.03    0.03    0.03    0.03    0.03    1.71 	-0.0336879 	0.0103367 	0.0146546 	6.82897e-13 	-8.33623e-14 	-3.20811e-13 	2.35192e-13 	-7.85433e-14 	5.71278e-13 	3.58551e-09 	-3.78818e-09 	4.50646e-09 	4.0188e-09 	-4.8031e-09 	5.77126e-09
0.03    0.03    0.03    0.03    0.03    1.8 	-0.000933471 	-0.00865461 	-0.0317587 	5.55019e-13 	-1.08556e-13 	-1.71713e-13 	4.12676e-13 	-1.24584e-14 	5.07409e-13 	4.846e-08 	2.22698e-08 	2.3645e-09 	1.02365e-08 	1.08838e-09 	1.171e-10
0.03    0.03    0.03    0.03    0.03    1.89 	-0.000933471 	-0.00865461 	-0.0317587 	5.55019e-13 	-1.08556e-13 	-1.71713e-13 	4.12676e-13 	-1.24584e-14 	5.07409e-13 	4.846e-08 	2.22698e-08 	2.3645e-09 	1.02365e-08 	1.08838e-09 	1.171e-10
0.03    0.03    0.03    0.03    0.03    1.98 	0.0204273 	-0.0410397 	0.0164138 	3.83155e-13 	1.05672e-14 	-1.00606e-13 	3.30874e-13 	-1.46856e-13 	4.10452e-13 	7.18868e-08 	-3.77548e-08 	-6.36609e-08 	1.99222e-08 	3.33706e-08 	5.64204e-08
0.03    0.03    0.03    0.03    0.03    2.07 	0.0204273 	-0.0410397 	0.0164138 	3.83155e-13 	1.05672e-14 	-1.00606e-13 	3.30874e-13 	-1.46856e-13 	4.10452e-13 	7.18868e-08 	-3.77548e-08 	-6.36609e-08 	1.99222e-08 	3.33706e-08 	5.64204e-08
0.03    0.03    0.03    0.03    0.03    2.16 	-0.032013 	-0.0443395 	-0.0166274 	7.11475e-13 	-1.37614e-13 	-4.80379e-14 	2.29642e-13 	-4.52617e-14 	2.27235e-13 	7.44464e-08 	-4.81467e-08 	-3.63153e-08 	3.11441e-08 	2.34819e-08 	1.7718e-08
0.03    0.03    0.03    0.03    0.03    2.25 	-0.032013 	-0.0443395 	-0.0166274 	7.11475e-13 	-1.37614e-13 	-4.80379e-14 	2.29642e-13 	-4.52617e-14 	2.27235e-13 	7.44464e-08 	-4.81467e-08 	-3.63153e-08 	3.11441e-08 	2.34819e-08 	1.7718e-08
0.03    0.03    0.03    0.03    0.03    2.34 	-0.032013 	-0.0443395 	-0.0166274 	7.11475e-13 	-1.37614e-13 	-4.80379e-14 	2.29642e-13 	-4.52617e-14 	2.27235e-13 	7.44464e-08 	-4.81467e-08 	-3.63153e-08 	3.11441e-08 	2.34819e-08 	1.7718e-08
0.03    0.03    0.03    0.03    0.03    2.43 	0.0186278 	-0.00860119 	0.0239284 	3.73325e-13 	-1.11838e-13 	-4.119e-14 	2.38166e-13 	-5.14989e-14 	2.03061e-13 	1.52552e-08 	2.54588e-09 	-8.3663e-09 	4.60765e-10 	-1.40239e-09 	4.59088e-09
0.03    0.03    0.03    0.03    0.03    2.52 	0.0186278 	-0.00860119 	0.0239284 	3.73325e-13 	-1.11838e-13 	-4.119e-14 	2.38166e-13 	-5.14989e-14 	2.03061e-13 	1.52552e-08 	2.54588e-09 	-8.3663e-09 	4.60765e-10 	-1.40239e-09 	4.59088e-09
0.03    0.03    0.03    0.03    0.03    2.61 	0.0083798 	-0.0122855 	-0.00431279 	4.64774e-13 	-1.88932e-13 	1.48935e-13 	3.79842e-13 	-1.20726e-13 	5.18362e-13 	3.86482e-11 	-1.03997e-10 	5.9921e-10 	3.04473e-10 	-1.74601e-09 	1.00156e-08
0.03    0.03    0.03    0.03    0.03    2.7 	0.0083798 	-0.0122855 	-0.00431279 	4.64774e-13 	-1.88932e-13 	1.48935e-13 	3.79842e-13 	-1.20726e-13 	5.18362e-13 	3.86482e-11 	-1.03997e-10 	5.9921e-10 	3.04473e-10 	-1.74601e-09 	1.00156e-08
0.03    0.03    0.03    0.03    0.03    2.79 	0.0310985 	-0.00948472 	0.0329678 	6.19954e-13 	-1.75302e-13 	1.60232e-13 	3.11368e-13 	-6.60287e-14 	3.09212e-13 	1.28949e-08 	4.98028e-09 	1.07492e-08 	1.92558e-09 	4.15224e-09 	8.96211e-09
0.03    0.03    0.03    0.03    0.03    2.88 	0.0310985 	-0.00948472 	0.0329678 	6.19954e-13 	-1.75302e-13 	1.60232e-13 	3.11368e-13 	-6.60287e-14 	3.09212e-13 	1.28949e-08 	4.98028e-09 	1.07492e-08 	1.92558e-09 	4.15224e-09 	8.96211e-09
0.03    0.03    0.03    0.03    0.03    2.97 	0.0207303 	0.0116702 	-0.0124421 	2.0425e-12 	-7.38582e-13 	5.62748e-13 	7.89747e-13 	-3.14075e-13 	1.12855e-12 	5.41225e-10 	-2.24254e-09 	1.41788e-09 	9.32053e-09 	-5.89576e-09 	3.73665e-09
0.03    0.03    0.03    0.03    0.03    3.06 	0.0207303 	0.0116702 	-0.0124421 	2.0425e-12 	-7.38582e-13 	5.62748e-13 	7.89747e-13 	-3.14075e-13 	1.12855e-12 	5.41225e-10 	-2.24254e-09 	1.41788e-09 	9.32053e-09 	-5.89576e-09 	3.73665e-09
0.03    0.03    0.03    0.03    0.03    3.15 	0.00298218 	-0.0409627 	0.089292 	7.08677e-13 	-2.0793e-13 	9.5807e-14 	3.13043e-13 	-2.60641e-14 	3.98014e-13 	2.86024e-08 	1.06035e-08 	4.6895e-08 	3.95801e-09 	1.73735e-08 	7.68918e-08
0.03    0.03    0.03    0.03    0.03    3.24 	0.00298218 	-0.0409627 	0.089292 	7.08677e-13 	-2.0793e-13 	9.5807e-14 	3.13043e-13 	-2.60641e-14 	3.98014e-13 	2.86024e-08 	1.06035e-08 	4.6895e-08 	3.95801e-09 	1.73735e-08 	7.68918e-08
0.03    0.03    0.03    0.03    0.03    3.33 	0.0261929 	-0.0270355 	0.00931318 	5.53941e-13 	-1.66921e-13 	1.40669e-14 	2.2629e-13 	3.17927e-14 	3.15707e-13 	2.19718e-10 	2.26189e-09 	-1.8369e-09 	2.49764e-08 	-2.01341e-08 	1.62429e-08
0.03    0.03    0.03    0.03    0.03    3.42 	0.0261929 	-0.0270355 	0.00931318 	5.53941e-13 	-1.66921e-13 	1.40669e-14 	2.2629e-13 	3.17927e-14 	3.15707e-13 	2.19718e-10 	2.26189e-09 	-1.8369e-09 	2.49764e-08 	-2.01341e-08 	1.62429e-08
0.03    0.03    0.03    0.03    0.03    3.51 	0.0261929 	-0.0270355 	0.00931318 	5.53941e-13 	-1.66921e-13 	1.40669e-14 	2.2629e-13 	3.17927e-14 	3.15707e-13 	2.19718e-10 	2.26189e-09 	-1.8369e-09 	2.49764e-08 	-2.01341e-08 	1.62429e-08
0.03    0.03    0.03    0.03    0.03    3.6 	0.0206897 	0.00354096 	0.10415 	5.29443e-13 	-1.71538e-13 	2.74225e-13 	3.33574e-13 	-2.60761e-13 	1.07539e-12 	3.50283e-09 	1.06084e-08 	-5.64895e-09 	3.21759e-08 	-1.70867e-08 	9.12375e-09
0.03    0.03    0.03    0.03    0.03    3.69 	0.0206897 	0.00354096 	0.10415 	5.29443e-13 	-1.71538e-13 	2.74225e-13 	3.33574e-13 	-2.60761e-13 	1.07539e-12 	3.50283e-09 	1.06084e-08 	-5.64895e-09 	3.21759e-08 	-1.70867e-08 	9.12375e-09
0.03    0.03    0.03    0.03    0.03    3.78 	0.0111273 	-0.00835667 	0.0460636 	6.49743e-13 	-1.38775e-13 	4.12825e-13 	2.26667e-13 	-1.56501e-13 	7.86913e-13 	8.734e-09 	-8.88202e-09 	5.78869e-09 	9.06339e-09 	-5.89293e-09 	3.83897e-09
0.03    0.03    0.03    0.03    0.03    3.87 	0.0111273 	-0.00835667 	0.0460636 	6.49743e-13 	-1.38775e-13 	4.12825e-13 	2.26667e-13 	-1.56501e-13 	7.86913e-13 	8.734e-09 	-8.88202e-09 	5.78869e-09 	9.06339e-09 	-5.89293e-09 	3.83897e-09
0.03    0.03    0.03    0.03    0.03    3.96 	-0.0106373 	0.0128128 	0.0213798 	4.63493e-13 	3.10984e-15 	3.63046e-14 	4.82222e-13 	-5.04116e-13 	1.19125e-12 	1.69069e-11 	-5.66309e-11 	3.01969e-10 	6.63818e-10 	-3.91539e-09 	2.31808e-08
0.03    0.03    0.03    0.03    0.03    4.05 	-0.0106373 	0.0128128 	0.0213798 	4.63493e-13 	3.10984e-15 	3.63046e-14 	4.82222e-13 	-5.04116e-13 	1.19125e-12 	1.69069e-11 	-5.66309e-11 	3.01969e-10 	6.63818e-10 	-3.91539e-09 	2.31808e-08
0.03    0.03    0.03    0.03    0.03    4.14 	-0.0186405 	0.0130884 	0.0308508 	3.0067e-13 	-7.14277e-15 	-2.9791e-15 	3.35846e-13 	-2.56809e-13 	6.08183e-13 	1.12888e-09 	4.57441e-09 	-6.99253e-10 	1.86167e-08 	-2.86132e-09 	4.48643e-10
0.03    0.03    0.03    0.03    0.03    4.23 	-0.0186405 	0.0130884 	0.0308508 	3.0067e-13 	-7.14277e-15 	-2.9791e-15 	3.35846e-13 	-2.56809e-13 	6.08183e-13 	1.12888e-09 	4.57441e-09 	-6.99253e-10 	1.86167e-08 	-2.86132e-09 	4.48643e-10
0.03    0.03    0.03    0.03    0.03    4.32 	-0.042808 	-0.00381265 	0.0717747 	5.54963e-13 	-1.56807e-13 	-5.42654e-13 	2.02126e-13 	2.07897e-13 	8.52524e-13 	1.17812e-08 	-4.13882e-09 	-7.97634e-09 	1.45618e-09 	2.80167e-09 	5.40065e-09
0.03    0.03    0.03    0.03    0.03    4.41 	-0.042808 	-0.00381265 	0.0717747 	5.54963e-13 	-1.56807e-13 	-5.42654e-13 	2.02126e-13 	2.07897e-13 	8.52524e-13 	1.17812e-08 	-4.13882e-09 	-7.97634e-09 	1.45618e-09 	2.80167e-09 	5.40065e-09
0.03    0.03    0.03    0.03    0.03    4.5 	-0.042808 	-0.00381265 	0.0717747 	5.54963e-13 	-1.56807e-13 	-5.42654e-13 	2.02126e-13 	2.07897e-13 	8.52524e-13 	1.17812e-08 	-4.13882e-09 	-7.97634e-09 	1.45618e-09 	2.80167e-09 	5.40065e-09
