0.1    0.1    0.1    0.1    0.1    0 	0.0235954 	0.00507839 	0.00429753 	5.97735e-13 	-2.33256e-13 	2.14028e-15 	2.97764e-13 	-1.61834e-14 	3.07027e-13 	3.89605e-10 	4.48053e-11 	3.37913e-11 	4.91968e-10 	-6.22517e-10 	8.2767e-10
0.1    0.1    0.1    0.1    0.1    0.09 	0.0235954 	0.00507839 	0.00429753 	5.97735e-13 	-2.33256e-13 	2.14028e-15 	2.97764e-13 	-1.61834e-14 	3.07027e-13 	3.89605e-10 	4.48053e-11 	3.37913e-11 	4.91968e-10 	-6.22517e-10 	8.2767e-10
0.1    0.1    0.1    0.1    0.1    0.18 	0.0235954 	0.00507839 	0.00429753 	5.97735e-13 	-2.33256e-13 	2.14028e-15 	2.97764e-13 	-1.61834e-14 	3.07027e-13 	3.89605e-10 	4.48053e-11 	3.37913e-11 	4.91968e-10 	-6.22517e-10 	8.2767e-10
0.1    0.1    0.1    0.1    0.1    0.27 	0.00230686 	0.0120275 	-0.00806428 	6.33596e-13 	-2.83915e-13 	1.05793e-13 	3.0825e-13 	-9.32686e-14 	2.84051e-13 	2.00345e-09 	2.32248e-09 	5.98003e-09 	2.84458e-09 	7.16337e-09 	1.82225e-08
0.1    0.1    0.1    0.1    0.1    0.36 	0.00230686 	0.0120275 	-0.00806428 	6.33596e-13 	-2.83915e-13 	1.05793e-13 	3.0825e-13 	-9.32686e-14 	2.84051e-13 	2.00345e-09 	2.32248e-09 	5.98003e-09 	2.84458e-09 	7.16337e-09 	1.82225e-08
0.1    0.1    0.1    0.1    0.1    0.45 	0.0313264 	0.000738037 	-0.00202875 	5.11875e-13 	-1.68132e-13 	1.01514e-13 	2.59184e-13 	-4.24396e-14 	2.25481e-13 	6.46843e-10 	7.46686e-11 	-5.19295e-11 	1.85518e-10 	1.25321e-09 	9.34443e-09
0.1    0.1    0.1    0.1    0.1    0.54 	0.0313264 	0.000738037 	-0.00202875 	5.11875e-13 	-1.68132e-13 	1.01514e-13 	2.59184e-13 	-4.24396e-14 	2.25481e-13 	6.46843e-10 	7.46686e-11 	-5.19295e-11 	1.85518e-10 	1.25321e-09 	9.34443e-09
0.1    0.1    0.1    0.1    0.1    0.63 	-0.00856186 	0.0218406 	-0.0140483 	8.03821e-13 	-3.60414e-13 	5.02815e-14 	3.92607e-13 	2.03688e-14 	2.99685e-13 	8.38785e-08 	-7.68946e-09 	2.53017e-08 	7.66955e-10 	-2.38161e-09 	7.70273e-09
0.1    0.1    0.1    0.1    0.1    0.72 	-0.00856186 	0.0218406 	-0.0140483 	8.03821e-13 	-3.60414e-13 	5.02815e-14 	3.92607e-13 	2.03688e-14 	2.99685e-13 	8.38785e-08 	-7.68946e-09 	2.53017e-08 	7.66955e-10 	-2.38161e-09 	7.70273e-09
0.1    0.1    0.1    0.1    0.1    0.81 	0.0290397 	-0.00540518 	0.0176107 	5.50472e-13 	-2.00801e-13 	3.4217e-14 	2.78249e-13 	4.73292e-14 	2.4019e-13 	7.27766e-10 	1.93082e-10 	2.26139e-10 	5.22731e-11 	5.73263e-11 	9.93825e-11
0.1    0.1    0.1    0.1    0.1    0.9 	0.0290397 	-0.00540518 	0.0176107 	5.50472e-13 	-2.00801e-13 	3.4217e-14 	2.78249e-13 	4.73292e-14 	2.4019e-13 	7.27766e-10 	1.93082e-10 	2.26139e-10 	5.22731e-11 	5.73263e-11 	9.93825e-11
0.1    0.1    0.1    0.1    0.1    0.99 	0.0276813 	-0.000739953 	0.0133008 	4.54182e-13 	-1.95287e-13 	3.34341e-14 	2.43697e-13 	1.78167e-14 	2.94371e-13 	1.65416e-10 	-4.20854e-10 	9.73826e-11 	1.86534e-09 	-6.17642e-10 	2.5266e-10
0.1    0.1    0.1    0.1    0.1    1.08 	0.0276813 	-0.000739953 	0.0133008 	4.54182e-13 	-1.95287e-13 	3.34341e-14 	2.43697e-13 	1.78167e-14 	2.94371e-13 	1.65416e-10 	-4.20854e-10 	9.73826e-11 	1.86534e-09 	-6.17642e-10 	2.5266e-10
0.1    0.1    0.1    0.1    0.1    1.17 	0.0276813 	-0.000739953 	0.0133008 	4.54182e-13 	-1.95287e-13 	3.34341e-14 	2.43697e-13 	1.78167e-14 	2.94371e-13 	1.65416e-10 	-4.20854e-10 	9.73826e-11 	1.86534e-09 	-6.17642e-10 	2.5266e-10
0.1    0.1    0.1    0.1    0.1    1.26 	-0.000404978 	0.0137665 	0.0027952 	5.02248e-13 	-2.09479e-13 	-1.17302e-13 	2.03698e-13 	5.71632e-14 	2.55922e-13 	5.50356e-08 	-3.76569e-08 	4.4303e-09 	2.58086e-08 	-3.04175e-09 	3.64716e-10
0.1    0.1    0.1    0.1    0.1    1.35 	-0.000404978 	0.0137665 	0.0027952 	5.02248e-13 	-2.09479e-13 	-1.17302e-13 	2.03698e-13 	5.71632e-14 	2.55922e-13 	5.50356e-08 	-3.76569e-08 	4.4303e-09 	2.58086e-08 	-3.04175e-09 	3.64716e-10
0.1    0.1    0.1    0.1    0.1    1.44 	0.0160836 	0.00516063 	0.000255644 	5.37507e-13 	-1.94572e-13 	1.90582e-15 	2.14612e-13 	1.10501e-14 	2.66701e-13 	5.59026e-10 	-5.18002e-10 	-5.75911e-10 	7.14737e-10 	7.98517e-10 	9.01351e-10
0.1    0.1    0.1    0.1    0.1    1.53 	0.0160836 	0.00516063 	0.000255644 	5.37507e-13 	-1.94572e-13 	1.90582e-15 	2.14612e-13 	1.10501e-14 	2.66701e-13 	5.59026e-10 	-5.18002e-10 	-5.75911e-10 	7.14737e-10 	7.98517e-10 	9.01351e-10
0.1    0.1    0.1    0.1    0.1    1.62 	0.0282393 	-0.00247616 	0.0130999 	5.92518e-13 	-2.3548e-13 	5.12007e-14 	2.54342e-13 	-1.49261e-14 	3.10524e-13 	2.14181e-09 	3.41006e-09 	1.86071e-09 	6.30843e-09 	3.39352e-09 	1.8381e-09
0.1    0.1    0.1    0.1    0.1    1.71 	0.0282393 	-0.00247616 	0.0130999 	5.92518e-13 	-2.3548e-13 	5.12007e-14 	2.54342e-13 	-1.49261e-14 	3.10524e-13 	2.14181e-09 	3.41006e-09 	1.86071e-09 	6.30843e-09 	3.39352e-09 	1.8381e-09
0.1    0.1    0.1    0.1    0.1    1.8 	0.00208372 	0.00931718 	-0.00546961 	4.79606e-13 	-1.81355e-13 	-1.12044e-13 	2.00405e-13 	4.99228e-14 	3.09949e-13 	1.03193e-08 	-8.3891e-09 	-4.64582e-09 	6.94285e-09 	3.78825e-09 	2.09676e-09
0.1    0.1    0.1    0.1    0.1    1.89 	0.00208372 	0.00931718 	-0.00546961 	4.79606e-13 	-1.81355e-13 	-1.12044e-13 	2.00405e-13 	4.99228e-14 	3.09949e-13 	1.03193e-08 	-8.3891e-09 	-4.64582e-09 	6.94285e-09 	3.78825e-09 	2.09676e-09
0.1    0.1    0.1    0.1    0.1    1.98 	0.0323259 	-0.00287127 	-0.0077494 	8.76237e-13 	-3.01414e-13 	-3.12852e-13 	2.99881e-13 	6.71511e-14 	2.79741e-13 	1.12123e-09 	5.81518e-09 	4.28465e-09 	3.05888e-08 	2.28603e-08 	1.74228e-08
0.1    0.1    0.1    0.1    0.1    2.07 	0.0323259 	-0.00287127 	-0.0077494 	8.76237e-13 	-3.01414e-13 	-3.12852e-13 	2.99881e-13 	6.71511e-14 	2.79741e-13 	1.12123e-09 	5.81518e-09 	4.28465e-09 	3.05888e-08 	2.28603e-08 	1.74228e-08
0.1    0.1    0.1    0.1    0.1    2.16 	0.0559063 	-0.00507884 	-0.00426075 	5.8131e-13 	-1.59461e-13 	-1.41442e-13 	2.77773e-13 	5.88497e-14 	2.85816e-13 	3.68142e-08 	1.19191e-09 	-1.65004e-08 	5.99159e-11 	-5.80613e-10 	7.70664e-09
0.1    0.1    0.1    0.1    0.1    2.25 	0.0559063 	-0.00507884 	-0.00426075 	5.8131e-13 	-1.59461e-13 	-1.41442e-13 	2.77773e-13 	5.88497e-14 	2.85816e-13 	3.68142e-08 	1.19191e-09 	-1.65004e-08 	5.99159e-11 	-5.80613e-10 	7.70664e-09
0.1    0.1    0.1    0.1    0.1    2.34 	0.0559063 	-0.00507884 	-0.00426075 	5.8131e-13 	-1.59461e-13 	-1.41442e-13 	2.77773e-13 	5.88497e-14 	2.85816e-13 	3.68142e-08 	1.19191e-09 	-1.65004e-08 	5.99159e-11 	-5.80613e-10 	7.70664e-09
0.1    0.1    0.1    0.1    0.1    2.43 	0.0295692 	0.000984406 	-0.0145016 	4.0215e-13 	-9.10662e-14 	-1.29031e-13 	1.97208e-13 	9.28808e-15 	2.94749e-13 	9.3811e-09 	-6.06488e-10 	1.22579e-08 	6.09448e-11 	-8.72471e-10 	1.92036e-08
0.1    0.1    0.1    0.1    0.1    2.52 	0.0295692 	0.000984406 	-0.0145016 	4.0215e-13 	-9.10662e-14 	-1.29031e-13 	1.97208e-13 	9.28808e-15 	2.94749e-13 	9.3811e-09 	-6.06488e-10 	1.22579e-08 	6.09448e-11 	-8.72471e-10 	1.92036e-08
0.1    0.1    0.1    0.1    0.1    2.61 	0.0145487 	0.0132076 	0.00131226 	4.87081e-13 	-1.82361e-13 	-1.47212e-13 	2.68496e-13 	2.51596e-14 	2.55832e-13 	1.59473e-09 	-5.23212e-10 	-1.93922e-09 	4.81632e-10 	1.35934e-09 	4.35597e-09
0.1    0.1    0.1    0.1    0.1    2.7 	0.0145487 	0.0132076 	0.00131226 	4.87081e-13 	-1.82361e-13 	-1.47212e-13 	2.68496e-13 	2.51596e-14 	2.55832e-13 	1.59473e-09 	-5.23212e-10 	-1.93922e-09 	4.81632e-10 	1.35934e-09 	4.35597e-09
0.1    0.1    0.1    0.1    0.1    2.79 	0.0660648 	-0.00531755 	-0.0043047 	6.07978e-13 	-2.5966e-13 	-1.02841e-13 	3.64253e-13 	4.26474e-14 	2.53432e-13 	2.79632e-08 	-5.44227e-09 	-2.11683e-08 	1.32952e-09 	4.04026e-09 	1.68806e-08
0.1    0.1    0.1    0.1    0.1    2.88 	0.0660648 	-0.00531755 	-0.0043047 	6.07978e-13 	-2.5966e-13 	-1.02841e-13 	3.64253e-13 	4.26474e-14 	2.53432e-13 	2.79632e-08 	-5.44227e-09 	-2.11683e-08 	1.32952e-09 	4.04026e-09 	1.68806e-08
0.1    0.1    0.1    0.1    0.1    2.97 	0.0797955 	-0.00967256 	-0.00345947 	1.03982e-12 	-4.09643e-13 	-1.10853e-13 	5.02204e-13 	2.64633e-14 	3.28962e-13 	9.16003e-08 	-1.54561e-08 	-7.3666e-09 	2.74581e-09 	1.45349e-09 	1.04558e-09
0.1    0.1    0.1    0.1    0.1    3.06 	0.0797955 	-0.00967256 	-0.00345947 	1.03982e-12 	-4.09643e-13 	-1.10853e-13 	5.02204e-13 	2.64633e-14 	3.28962e-13 	9.16003e-08 	-1.54561e-08 	-7.3666e-09 	2.74581e-09 	1.45349e-09 	1.04558e-09
0.1    0.1    0.1    0.1    0.1    3.15 	0.0425535 	0.00479906 	0.00267845 	5.70264e-13 	-1.93482e-13 	-2.04951e-14 	2.71305e-13 	4.31154e-14 	2.67268e-13 	2.44854e-09 	7.24565e-09 	7.49272e-09 	2.50637e-08 	2.62347e-08 	2.75774e-08
0.1    0.1    0.1    0.1    0.1    3.24 	0.0425535 	0.00479906 	0.00267845 	5.70264e-13 	-1.93482e-13 	-2.04951e-14 	2.71305e-13 	4.31154e-14 	2.67268e-13 	2.44854e-09 	7.24565e-09 	7.49272e-09 	2.50637e-08 	2.62347e-08 	2.75774e-08
0.1    0.1    0.1    0.1    0.1    3.33 	0.00702128 	0.0140633 	-0.00372583 	5.60276e-13 	-2.42379e-13 	-4.3866e-14 	2.79256e-13 	2.18469e-14 	2.95807e-13 	1.64555e-08 	-1.77215e-08 	-1.89493e-08 	1.92349e-08 	2.05122e-08 	2.20531e-08
0.1    0.1    0.1    0.1    0.1    3.42 	0.00702128 	0.0140633 	-0.00372583 	5.60276e-13 	-2.42379e-13 	-4.3866e-14 	2.79256e-13 	2.18469e-14 	2.95807e-13 	1.64555e-08 	-1.77215e-08 	-1.89493e-08 	1.92349e-08 	2.05122e-08 	2.20531e-08
0.1    0.1    0.1    0.1    0.1    3.51 	0.00702128 	0.0140633 	-0.00372583 	5.60276e-13 	-2.42379e-13 	-4.3866e-14 	2.79256e-13 	2.18469e-14 	2.95807e-13 	1.64555e-08 	-1.77215e-08 	-1.89493e-08 	1.92349e-08 	2.05122e-08 	2.20531e-08
0.1    0.1    0.1    0.1    0.1    3.6 	0.0131922 	0.0110534 	-0.0133759 	4.39601e-13 	-1.96428e-13 	5.48162e-14 	2.57401e-13 	-3.62259e-14 	2.39136e-13 	2.13679e-08 	1.77001e-09 	1.38405e-09 	1.5675e-10 	1.14131e-10 	9.70903e-11
0.1    0.1    0.1    0.1    0.1    3.69 	0.0131922 	0.0110534 	-0.0133759 	4.39601e-13 	-1.96428e-13 	5.48162e-14 	2.57401e-13 	-3.62259e-14 	2.39136e-13 	2.13679e-08 	1.77001e-09 	1.38405e-09 	1.5675e-10 	1.14131e-10 	9.70903e-11
0.1    0.1    0.1    0.1    0.1    3.78 	0.0199326 	0.00445711 	-0.0125542 	5.05995e-13 	-1.95715e-13 	-1.72534e-14 	2.57262e-13 	1.7747e-14 	2.63722e-13 	5.71181e-08 	1.65386e-08 	5.85551e-08 	4.83467e-09 	1.70955e-08 	6.06022e-08
0.1    0.1    0.1    0.1    0.1    3.87 	0.0199326 	0.00445711 	-0.0125542 	5.05995e-13 	-1.95715e-13 	-1.72534e-14 	2.57262e-13 	1.7747e-14 	2.63722e-13 	5.71181e-08 	1.65386e-08 	5.85551e-08 	4.83467e-09 	1.70955e-08 	6.06022e-08
0.1    0.1    0.1    0.1    0.1    3.96 	0.0204503 	0.0121678 	-0.00180419 	6.19133e-13 	-2.69964e-13 	4.19144e-14 	3.96486e-13 	-7.19306e-14 	2.48787e-13 	2.34755e-09 	-8.60725e-09 	3.59168e-09 	5.27377e-08 	-2.23723e-08 	9.54841e-09
0.1    0.1    0.1    0.1    0.1    4.05 	0.0204503 	0.0121678 	-0.00180419 	6.19133e-13 	-2.69964e-13 	4.19144e-14 	3.96486e-13 	-7.19306e-14 	2.48787e-13 	2.34755e-09 	-8.60725e-09 	3.59168e-09 	5.27377e-08 	-2.23723e-08 	9.54841e-09
0.1    0.1    0.1    0.1    0.1    4.14 	0.00431541 	0.00957268 	-0.00404583 	1.13782e-12 	-5.51726e-13 	7.35229e-14 	4.7973e-13 	-6.73519e-14 	2.33074e-13 	7.00262e-09 	-2.81223e-09 	-2.08336e-08 	1.13373e-09 	8.36877e-09 	6.37612e-08
0.1    0.1    0.1    0.1    0.1    4.23 	0.00431541 	0.00957268 	-0.00404583 	1.13782e-12 	-5.51726e-13 	7.35229e-14 	4.7973e-13 	-6.73519e-14 	2.33074e-13 	7.00262e-09 	-2.81223e-09 	-2.08336e-08 	1.13373e-09 	8.36877e-09 	6.37612e-08
0.1    0.1    0.1    0.1    0.1    4.32 	0.027745 	-0.000729998 	0.0134557 	5.25193e-13 	-1.78566e-13 	-4.82868e-14 	1.91259e-13 	-7.77509e-15 	2.49111e-13 	3.03269e-09 	-4.858e-09 	-2.36788e-10 	1.18365e-08 	1.62427e-09 	4.06305e-10
0.1    0.1    0.1    0.1    0.1    4.41 	0.027745 	-0.000729998 	0.0134557 	5.25193e-13 	-1.78566e-13 	-4.82868e-14 	1.91259e-13 	-7.77509e-15 	2.49111e-13 	3.03269e-09 	-4.858e-09 	-2.36788e-10 	1.18365e-08 	1.62427e-09 	4.06305e-10
0.1    0.1    0.1    0.1    0.1    4.5 	0.027745 	-0.000729998 	0.0134557 	5.25193e-13 	-1.78566e-13 	-4.82868e-14 	1.91259e-13 	-7.77509e-15 	2.49111e-13 	3.03269e-09 	-4.858e-09 	-2.36788e-10 	1.18365e-08 	1.62427e-09 	4.06305e-10
0.2    0.2    0.2    0.2    0.2    0 	0.0232746 	0.00513792 	0.00418537 	5.96037e-13 	-2.32724e-13 	3.2475e-15 	2.96706e-13 	-1.70582e-14 	3.08173e-13 	1.4824e-08 	-1.21488e-09 	3.34603e-09 	4.24723e-10 	-6.82661e-10 	1.28037e-09
0.2    0.2    0.2    0.2    0.2    0.09 	0.0232746 	0.00513792 	0.00418537 	5.96037e-13 	-2.32724e-13 	3.2475e-15 	2.96706e-13 	-1.70582e-14 	3.08173e-13 	1.4824e-08 	-1.21488e-09 	3.34603e-09 	4.24723e-10 	-6.82661e-10 	1.28037e-09
0.2    0.2    0.2    0.2    0.2    0.18 	0.0232746 	0.00513792 	0.00418537 	5.96037e-13 	-2.32724e-13 	3.2475e-15 	2.96706e-13 	-1.70582e-14 	3.08173e-13 	1.4824e-08 	-1.21488e-09 	3.34603e-09 	4.24723e-10 	-6.82661e-10 	1.28037e-09
0.2    0.2    0.2    0.2    0.2    0.27 	0.0021413 	0.0120149 	-0.00846042 	6.35304e-13 	-2.84446e-13 	1.05212e-13 	3.08417e-13 	-9.2485e-14 	2.84651e-13 	9.40294e-09 	4.96782e-09 	2.38401e-08 	3.36525e-09 	1.30696e-08 	6.08702e-08
0.2    0.2    0.2    0.2    0.2    0.36 	0.0021413 	0.0120149 	-0.00846042 	6.35304e-13 	-2.84446e-13 	1.05212e-13 	3.08417e-13 	-9.2485e-14 	2.84651e-13 	9.40294e-09 	4.96782e-09 	2.38401e-08 	3.36525e-09 	1.30696e-08 	6.08702e-08
0.2    0.2    0.2    0.2    0.2    0.45 	0.0314465 	0.000742945 	-0.00177372 	5.12262e-13 	-1.69785e-13 	1.01624e-13 	2.60058e-13 	-4.13391e-14 	2.25925e-13 	2.85266e-09 	6.10521e-10 	7.41228e-09 	2.57293e-10 	2.45212e-09 	2.71218e-08
0.2    0.2    0.2    0.2    0.2    0.54 	0.0314465 	0.000742945 	-0.00177372 	5.12262e-13 	-1.69785e-13 	1.01624e-13 	2.60058e-13 	-4.13391e-14 	2.25925e-13 	2.85266e-09 	6.10521e-10 	7.41228e-09 	2.57293e-10 	2.45212e-09 	2.71218e-08
0.2    0.2    0.2    0.2    0.2    0.63 	-0.00813928 	0.0217774 	-0.013822 	8.09325e-13 	-3.61349e-13 	5.2146e-14 	3.91851e-13 	2.04449e-14 	3.0066e-13 	1.5345e-07 	-1.76332e-08 	5.73795e-08 	2.09413e-09 	-6.75251e-09 	2.19634e-08
0.2    0.2    0.2    0.2    0.2    0.72 	-0.00813928 	0.0217774 	-0.013822 	8.09325e-13 	-3.61349e-13 	5.2146e-14 	3.91851e-13 	2.04449e-14 	3.0066e-13 	1.5345e-07 	-1.76332e-08 	5.73795e-08 	2.09413e-09 	-6.75251e-09 	2.19634e-08
0.2    0.2    0.2    0.2    0.2    0.81 	0.0292542 	-0.00533257 	0.017658 	5.52588e-13 	-2.02481e-13 	3.4683e-14 	2.81035e-13 	4.81538e-14 	2.41844e-13 	7.50967e-09 	2.36429e-09 	1.53679e-09 	7.4784e-10 	4.81809e-10 	3.34745e-10
0.2    0.2    0.2    0.2    0.2    0.9 	0.0292542 	-0.00533257 	0.017658 	5.52588e-13 	-2.02481e-13 	3.4683e-14 	2.81035e-13 	4.81538e-14 	2.41844e-13 	7.50967e-09 	2.36429e-09 	1.53679e-09 	7.4784e-10 	4.81809e-10 	3.34745e-10
0.2    0.2    0.2    0.2    0.2    0.99 	0.0276478 	-0.000587923 	0.013173 	4.54361e-13 	-1.95566e-13 	3.34605e-14 	2.43827e-13 	1.70538e-14 	2.93116e-13 	2.99245e-10 	-1.39093e-09 	8.79262e-10 	7.44684e-09 	-4.84875e-09 	3.31646e-09
0.2    0.2    0.2    0.2    0.2    1.08 	0.0276478 	-0.000587923 	0.013173 	4.54361e-13 	-1.95566e-13 	3.34605e-14 	2.43827e-13 	1.70538e-14 	2.93116e-13 	2.99245e-10 	-1.39093e-09 	8.79262e-10 	7.44684e-09 	-4.84875e-09 	3.31646e-09
0.2    0.2    0.2    0.2    0.2    1.17 	0.0276478 	-0.000587923 	0.013173 	4.54361e-13 	-1.95566e-13 	3.34605e-14 	2.43827e-13 	1.70538e-14 	2.93116e-13 	2.99245e-10 	-1.39093e-09 	8.79262e-10 	7.44684e-09 	-4.84875e-09 	3.31646e-09
0.2    0.2    0.2    0.2    0.2    1.26 	0.000105489 	0.013411 	0.00292743 	5.00933e-13 	-2.08402e-13 	-1.15722e-13 	2.02696e-13 	5.66666e-14 	2.55866e-13 	1.37926e-07 	-9.67799e-08 	2.08947e-08 	6.79428e-08 	-1.46939e-08 	3.45843e-09
0.2    0.2    0.2    0.2    0.2    1.35 	0.000105489 	0.013411 	0.00292743 	5.00933e-13 	-2.08402e-13 	-1.15722e-13 	2.02696e-13 	5.66666e-14 	2.55866e-13 	1.37926e-07 	-9.67799e-08 	2.08947e-08 	6.79428e-08 	-1.46939e-08 	3.45843e-09
0.2    0.2    0.2    0.2    0.2    1.44 	0.0161821 	0.00510498 	0.000287549 	5.33865e-13 	-1.9296e-13 	2.29412e-15 	2.13069e-13 	1.15135e-14 	2.66525e-13 	2.81331e-09 	-2.00962e-09 	-6.99009e-10 	1.57506e-09 	7.16509e-10 	6.52793e-10
0.2    0.2    0.2    0.2    0.2    1.53 	0.0161821 	0.00510498 	0.000287549 	5.33865e-13 	-1.9296e-13 	2.29412e-15 	2.13069e-13 	1.15135e-14 	2.66525e-13 	2.81331e-09 	-2.00962e-09 	-6.99009e-10 	1.57506e-09 	7.16509e-10 	6.52793e-10
0.2    0.2    0.2    0.2    0.2    1.62 	0.0279605 	-0.00251494 	0.013025 	5.88731e-13 	-2.34474e-13 	5.05106e-14 	2.53459e-13 	-1.41485e-14 	3.09699e-13 	1.77137e-08 	9.55076e-09 	7.69843e-09 	7.36899e-09 	5.10115e-09 	3.76002e-09
0.2    0.2    0.2    0.2    0.2    1.71 	0.0279605 	-0.00251494 	0.013025 	5.88731e-13 	-2.34474e-13 	5.05106e-14 	2.53459e-13 	-1.41485e-14 	3.09699e-13 	1.77137e-08 	9.55076e-09 	7.69843e-09 	7.36899e-09 	5.10115e-09 	3.76002e-09
0.2    0.2    0.2    0.2    0.2    1.8 	0.00228948 	0.00912207 	-0.0055397 	4.79756e-13 	-1.80424e-13 	-1.12654e-13 	1.98961e-13 	4.9638e-14 	3.09951e-13 	2.28584e-08 	-2.09046e-08 	-9.35103e-09 	1.92496e-08 	8.53035e-09 	3.84639e-09
0.2    0.2    0.2    0.2    0.2    1.89 	0.00228948 	0.00912207 	-0.0055397 	4.79756e-13 	-1.80424e-13 	-1.12654e-13 	1.98961e-13 	4.9638e-14 	3.09951e-13 	2.28584e-08 	-2.09046e-08 	-9.35103e-09 	1.92496e-08 	8.53035e-09 	3.84639e-09
0.2    0.2    0.2    0.2    0.2    1.98 	0.0323097 	-0.00310955 	-0.00813945 	8.74505e-13 	-3.03096e-13 	-3.1356e-13 	3.0149e-13 	6.81988e-14 	2.78329e-13 	1.31975e-09 	8.27263e-09 	8.06842e-09 	5.39582e-08 	5.48964e-08 	5.83344e-08
0.2    0.2    0.2    0.2    0.2    2.07 	0.0323097 	-0.00310955 	-0.00813945 	8.74505e-13 	-3.03096e-13 	-3.1356e-13 	3.0149e-13 	6.81988e-14 	2.78329e-13 	1.31975e-09 	8.27263e-09 	8.06842e-09 	5.39582e-08 	5.48964e-08 	5.83344e-08
0.2    0.2    0.2    0.2    0.2    2.16 	0.0562029 	-0.00494137 	-0.00452527 	5.72774e-13 	-1.56192e-13 	-1.39635e-13 	2.76629e-13 	5.79154e-14 	2.83352e-13 	7.19919e-08 	1.19473e-08 	-4.37168e-08 	2.7261e-09 	-8.06484e-09 	2.75622e-08
0.2    0.2    0.2    0.2    0.2    2.25 	0.0562029 	-0.00494137 	-0.00452527 	5.72774e-13 	-1.56192e-13 	-1.39635e-13 	2.76629e-13 	5.79154e-14 	2.83352e-13 	7.19919e-08 	1.19473e-08 	-4.37168e-08 	2.7261e-09 	-8.06484e-09 	2.75622e-08
0.2    0.2    0.2    0.2    0.2    2.34 	0.0562029 	-0.00494137 	-0.00452527 	5.72774e-13 	-1.56192e-13 	-1.39635e-13 	2.76629e-13 	5.79154e-14 	2.83352e-13 	7.19919e-08 	1.19473e-08 	-4.37168e-08 	2.7261e-09 	-8.06484e-09 	2.75622e-08
0.2    0.2    0.2    0.2    0.2    2.43 	0.0299041 	0.000910151 	-0.0142414 	4.01763e-13 	-9.13068e-14 	-1.28468e-13 	1.96464e-13 	9.1393e-15 	2.94016e-13 	3.97264e-08 	-5.9307e-09 	3.88805e-08 	9.58244e-10 	-5.63804e-09 	4.0365e-08
0.2    0.2    0.2    0.2    0.2    2.52 	0.0299041 	0.000910151 	-0.0142414 	4.01763e-13 	-9.13068e-14 	-1.28468e-13 	1.96464e-13 	9.1393e-15 	2.94016e-13 	3.97264e-08 	-5.9307e-09 	3.88805e-08 	9.58244e-10 	-5.63804e-09 	4.0365e-08
0.2    0.2    0.2    0.2    0.2    2.61 	0.0144114 	0.0132981 	0.00145125 	4.87895e-13 	-1.82362e-13 	-1.47492e-13 	2.67416e-13 	2.46575e-14 	2.5475e-13 	4.22609e-09 	-2.57267e-09 	-6.51435e-09 	1.79932e-09 	4.42221e-09 	1.16368e-08
0.2    0.2    0.2    0.2    0.2    2.7 	0.0144114 	0.0132981 	0.00145125 	4.87895e-13 	-1.82362e-13 	-1.47492e-13 	2.67416e-13 	2.46575e-14 	2.5475e-13 	4.22609e-09 	-2.57267e-09 	-6.51435e-09 	1.79932e-09 	4.42221e-09 	1.16368e-08
0.2    0.2    0.2    0.2    0.2    2.79 	0.0665199 	-0.00558736 	-0.00470184 	6.07315e-13 	-2.60065e-13 	-1.04727e-13 	3.65252e-13 	4.32419e-14 	2.55155e-13 	9.19695e-08 	-3.69353e-08 	-7.26587e-08 	1.59355e-08 	2.93897e-08 	5.79235e-08
0.2    0.2    0.2    0.2    0.2    2.88 	0.0665199 	-0.00558736 	-0.00470184 	6.07315e-13 	-2.60065e-13 	-1.04727e-13 	3.65252e-13 	4.32419e-14 	2.55155e-13 	9.19695e-08 	-3.69353e-08 	-7.26587e-08 	1.59355e-08 	2.93897e-08 	5.79235e-08
0.2    0.2    0.2    0.2    0.2    2.97 	0.0804844 	-0.00991522 	-0.00382656 	1.03238e-12 	-4.06986e-13 	-1.13454e-13 	5.02477e-13 	2.91571e-14 	3.29448e-13 	2.49374e-07 	-6.37793e-08 	-7.04432e-08 	1.69512e-08 	1.94995e-08 	2.34729e-08
0.2    0.2    0.2    0.2    0.2    3.06 	0.0804844 	-0.00991522 	-0.00382656 	1.03238e-12 	-4.06986e-13 	-1.13454e-13 	5.02477e-13 	2.91571e-14 	3.29448e-13 	2.49374e-07 	-6.37793e-08 	-7.04432e-08 	1.69512e-08 	1.94995e-08 	2.34729e-08
0.2    0.2    0.2    0.2    0.2    3.15 	0.0424731 	0.00454965 	0.00212778 	5.64969e-13 	-1.92116e-13 	-2.17459e-14 	2.69901e-13 	4.36676e-14 	2.66127e-13 	3.82875e-09 	1.35639e-08 	1.89943e-08 	5.06835e-08 	7.10731e-08 	1.03383e-07
0.2    0.2    0.2    0.2    0.2    3.24 	0.0424731 	0.00454965 	0.00212778 	5.64969e-13 	-1.92116e-13 	-2.17459e-14 	2.69901e-13 	4.36676e-14 	2.66127e-13 	3.82875e-09 	1.35639e-08 	1.89943e-08 	5.06835e-08 	7.10731e-08 	1.03383e-07
0.2    0.2    0.2    0.2    0.2    3.33 	0.0072259 	0.0137067 	-0.00423891 	5.62518e-13 	-2.43136e-13 	-4.55477e-14 	2.78699e-13 	2.25271e-14 	2.96167e-13 	3.34342e-08 	-4.39405e-08 	-5.22866e-08 	5.86997e-08 	7.0452e-08 	8.5188e-08
0.2    0.2    0.2    0.2    0.2    3.42 	0.0072259 	0.0137067 	-0.00423891 	5.62518e-13 	-2.43136e-13 	-4.55477e-14 	2.78699e-13 	2.25271e-14 	2.96167e-13 	3.34342e-08 	-4.39405e-08 	-5.22866e-08 	5.86997e-08 	7.0452e-08 	8.5188e-08
0.2    0.2    0.2    0.2    0.2    3.51 	0.0072259 	0.0137067 	-0.00423891 	5.62518e-13 	-2.43136e-13 	-4.55477e-14 	2.78699e-13 	2.25271e-14 	2.96167e-13 	3.34342e-08 	-4.39405e-08 	-5.22866e-08 	5.86997e-08 	7.0452e-08 	8.5188e-08
0.2    0.2    0.2    0.2    0.2    3.6 	0.0135261 	0.0111269 	-0.0132999 	4.41827e-13 	-1.97563e-13 	5.45242e-14 	2.57902e-13 	-3.60267e-14 	2.38875e-13 	5.55422e-08 	7.87283e-09 	7.52088e-09 	1.19263e-09 	1.15035e-09 	1.12228e-09
0.2    0.2    0.2    0.2    0.2    3.69 	0.0135261 	0.0111269 	-0.0132999 	4.41827e-13 	-1.97563e-13 	5.45242e-14 	2.57902e-13 	-3.60267e-14 	2.38875e-13 	5.55422e-08 	7.87283e-09 	7.52088e-09 	1.19263e-09 	1.15035e-09 	1.12228e-09
0.2    0.2    0.2    0.2    0.2    3.78 	0.0205153 	0.0045753 	-0.0118987 	5.09556e-13 	-1.96609e-13 	-1.89367e-14 	2.58962e-13 	1.89078e-14 	2.64847e-13 	1.62211e-07 	4.00039e-08 	1.69157e-07 	9.97423e-09 	4.17089e-08 	1.76826e-07
0.2    0.2    0.2    0.2    0.2    3.87 	0.0205153 	0.0045753 	-0.0118987 	5.09556e-13 	-1.96609e-13 	-1.89367e-14 	2.58962e-13 	1.89078e-14 	2.64847e-13 	1.62211e-07 	4.00039e-08 	1.69157e-07 	9.97423e-09 	4.17089e-08 	1.76826e-07
0.2    0.2    0.2    0.2    0.2    3.96 	0.0204384 	0.0128016 	-0.00219405 	6.19395e-13 	-2.684e-13 	4.21144e-14 	3.94729e-13 	-7.30862e-14 	2.49357e-13 	1.59986e-09 	-1.18077e-08 	5.79238e-09 	1.66147e-07 	-8.66275e-08 	4.56156e-08
0.2    0.2    0.2    0.2    0.2    4.05 	0.0204384 	0.0128016 	-0.00219405 	6.19395e-13 	-2.684e-13 	4.21144e-14 	3.94729e-13 	-7.30862e-14 	2.49357e-13 	1.59986e-09 	-1.18077e-08 	5.79238e-09 	1.66147e-07 	-8.66275e-08 	4.56156e-08
0.2    0.2    0.2    0.2    0.2    4.14 	0.00420668 	0.00969417 	-0.00451176 	1.13641e-12 	-5.56103e-13 	7.39316e-14 	4.85139e-13 	-6.83714e-14 	2.33117e-13 	4.55329e-09 	-1.82405e-09 	-1.46783e-08 	1.35989e-09 	-1.31534e-09 	1.31688e-07
0.2    0.2    0.2    0.2    0.2    4.23 	0.00420668 	0.00969417 	-0.00451176 	1.13641e-12 	-5.56103e-13 	7.39316e-14 	4.85139e-13 	-6.83714e-14 	2.33117e-13 	4.55329e-09 	-1.82405e-09 	-1.46783e-08 	1.35989e-09 	-1.31534e-09 	1.31688e-07
0.2    0.2    0.2    0.2    0.2    4.32 	0.0279708 	-0.000537901 	0.0136306 	5.23876e-13 	-1.77765e-13 	-4.65081e-14 	1.90907e-13 	-9.20454e-15 	2.48567e-13 	5.73839e-09 	5.36565e-09 	4.54589e-09 	2.57965e-08 	1.12506e-08 	5.96444e-09
0.2    0.2    0.2    0.2    0.2    4.41 	0.0279708 	-0.000537901 	0.0136306 	5.23876e-13 	-1.77765e-13 	-4.65081e-14 	1.90907e-13 	-9.20454e-15 	2.48567e-13 	5.73839e-09 	5.36565e-09 	4.54589e-09 	2.57965e-08 	1.12506e-08 	5.96444e-09
0.2    0.2    0.2    0.2    0.2    4.5 	0.0279708 	-0.000537901 	0.0136306 	5.23876e-13 	-1.77765e-13 	-4.65081e-14 	1.90907e-13 	-9.20454e-15 	2.48567e-13 	5.73839e-09 	5.36565e-09 	4.54589e-09 	2.57965e-08 	1.12506e-08 	5.96444e-09
0.3    0.3    0.3    0.3    0.3    0 	0.0228558 	0.00523104 	0.00402212 	5.94366e-13 	-2.32158e-13 	4.35021e-15 	2.95548e-13 	-1.79133e-14 	3.0929e-13 	6.64171e-08 	-1.09629e-08 	2.14937e-08 	2.11669e-09 	-3.92621e-09 	7.43046e-09
0.3    0.3    0.3    0.3    0.3    0.09 	0.0228558 	0.00523104 	0.00402212 	5.94366e-13 	-2.32158e-13 	4.35021e-15 	2.95548e-13 	-1.79133e-14 	3.0929e-13 	6.64171e-08 	-1.09629e-08 	2.14937e-08 	2.11669e-09 	-3.92621e-09 	7.43046e-09
0.3    0.3    0.3    0.3    0.3    0.18 	0.0228558 	0.00523104 	0.00402212 	5.94366e-13 	-2.32158e-13 	4.35021e-15 	2.95548e-13 	-1.79133e-14 	3.0929e-13 	6.64171e-08 	-1.09629e-08 	2.14937e-08 	2.11669e-09 	-3.92621e-09 	7.43046e-09
0.3    0.3    0.3    0.3    0.3    0.27 	0.00201619 	0.0120717 	-0.00883033 	6.37087e-13 	-2.84986e-13 	1.04572e-13 	3.08658e-13 	-9.15855e-14 	2.85236e-13 	1.83178e-08 	3.85362e-09 	4.73559e-08 	2.38531e-09 	1.00428e-08 	1.22796e-07
0.3    0.3    0.3    0.3    0.3    0.36 	0.00201619 	0.0120717 	-0.00883033 	6.37087e-13 	-2.84986e-13 	1.04572e-13 	3.08658e-13 	-9.15855e-14 	2.85236e-13 	1.83178e-08 	3.85362e-09 	4.73559e-08 	2.38531e-09 	1.00428e-08 	1.22796e-07
0.3    0.3    0.3    0.3    0.3    0.45 	0.0315825 	0.000720784 	-0.00150605 	5.12784e-13 	-1.71489e-13 	1.01665e-13 	2.61022e-13 	-4.01804e-14 	2.26392e-13 	9.0914e-09 	3.6861e-10 	2.13606e-08 	1.863e-10 	1.57551e-09 	5.56335e-08
0.3    0.3    0.3    0.3    0.3    0.54 	0.0315825 	0.000720784 	-0.00150605 	5.12784e-13 	-1.71489e-13 	1.01665e-13 	2.61022e-13 	-4.01804e-14 	2.26392e-13 	9.0914e-09 	3.6861e-10 	2.13606e-08 	1.863e-10 	1.57551e-09 	5.56335e-08
0.3    0.3    0.3    0.3    0.3    0.63 	-0.00786863 	0.0217261 	-0.0135805 	8.14903e-13 	-3.62303e-13 	5.40074e-14 	3.91085e-13 	2.05758e-14 	3.01632e-13 	1.97792e-07 	-2.57383e-08 	9.16943e-08 	3.44779e-09 	-1.23591e-08 	4.47942e-08
0.3    0.3    0.3    0.3    0.3    0.72 	-0.00786863 	0.0217261 	-0.0135805 	8.14903e-13 	-3.62303e-13 	5.40074e-14 	3.91085e-13 	2.05758e-14 	3.01632e-13 	1.97792e-07 	-2.57383e-08 	9.16943e-08 	3.44779e-09 	-1.23591e-08 	4.47942e-08
0.3    0.3    0.3    0.3    0.3    0.81 	0.0294991 	-0.00522947 	0.017698 	5.54728e-13 	-2.04209e-13 	3.51295e-14 	2.83842e-13 	4.89508e-14 	2.43574e-13 	2.74808e-08 	9.95791e-09 	5.28734e-09 	3.62904e-09 	1.90844e-09 	1.03318e-09
0.3    0.3    0.3    0.3    0.3    0.9 	0.0294991 	-0.00522947 	0.017698 	5.54728e-13 	-2.04209e-13 	3.51295e-14 	2.83842e-13 	4.89508e-14 	2.43574e-13 	2.74808e-08 	9.95791e-09 	5.28734e-09 	3.62904e-09 	1.90844e-09 	1.03318e-09
0.3    0.3    0.3    0.3    0.3    0.99 	0.0275968 	-0.000434282 	0.0130325 	4.54643e-13 	-1.95882e-13 	3.34881e-14 	2.44014e-13 	1.62594e-14 	2.91909e-13 	9.99175e-10 	-4.04696e-09 	3.14918e-09 	1.72056e-08 	-1.32681e-08 	1.04448e-08
0.3    0.3    0.3    0.3    0.3    1.08 	0.0275968 	-0.000434282 	0.0130325 	4.54643e-13 	-1.95882e-13 	3.34881e-14 	2.44014e-13 	1.62594e-14 	2.91909e-13 	9.99175e-10 	-4.04696e-09 	3.14918e-09 	1.72056e-08 	-1.32681e-08 	1.04448e-08
0.3    0.3    0.3    0.3    0.3    1.17 	0.0275968 	-0.000434282 	0.0130325 	4.54643e-13 	-1.95882e-13 	3.34881e-14 	2.44014e-13 	1.62594e-14 	2.91909e-13 	9.99175e-10 	-4.04696e-09 	3.14918e-09 	1.72056e-08 	-1.32681e-08 	1.04448e-08
0.3    0.3    0.3    0.3    0.3    1.26 	0.00052591 	0.0131488 	0.0030843 	4.99634e-13 	-2.0735e-13 	-1.14168e-13 	2.01729e-13 	5.61691e-14 	2.55798e-13 	2.28403e-07 	-1.56946e-07 	4.97901e-08 	1.07918e-07 	-3.40529e-08 	1.17948e-08
0.3    0.3    0.3    0.3    0.3    1.35 	0.00052591 	0.0131488 	0.0030843 	4.99634e-13 	-2.0735e-13 	-1.14168e-13 	2.01729e-13 	5.61691e-14 	2.55798e-13 	2.28403e-07 	-1.56946e-07 	4.97901e-08 	1.07918e-07 	-3.40529e-08 	1.17948e-08
0.3    0.3    0.3    0.3    0.3    1.44 	0.0162989 	0.00505247 	0.00036189 	5.30259e-13 	-1.91388e-13 	2.6873e-15 	2.11573e-13 	1.19662e-14 	2.66344e-13 	7.52265e-09 	-4.47472e-09 	1.39699e-09 	2.79511e-09 	-5.43003e-10 	1.08908e-09
0.3    0.3    0.3    0.3    0.3    1.53 	0.0162989 	0.00505247 	0.00036189 	5.30259e-13 	-1.91388e-13 	2.6873e-15 	2.11573e-13 	1.19662e-14 	2.66344e-13 	7.52265e-09 	-4.47472e-09 	1.39699e-09 	2.79511e-09 	-5.43003e-10 	1.08908e-09
0.3    0.3    0.3    0.3    0.3    1.62 	0.0276445 	-0.00248098 	0.012988 	5.84976e-13 	-2.33469e-13 	4.98081e-14 	2.52582e-13 	-1.33807e-14 	3.08879e-13 	5.31648e-08 	1.16107e-08 	1.52336e-08 	5.74925e-09 	4.77555e-09 	5.02554e-09
0.3    0.3    0.3    0.3    0.3    1.71 	0.0276445 	-0.00248098 	0.012988 	5.84976e-13 	-2.33469e-13 	4.98081e-14 	2.52582e-13 	-1.33807e-14 	3.08879e-13 	5.31648e-08 	1.16107e-08 	1.52336e-08 	5.74925e-09 	4.77555e-09 	5.02554e-09
0.3    0.3    0.3    0.3    0.3    1.8 	0.00249157 	0.0089724 	-0.00558919 	4.79895e-13 	-1.79531e-13 	-1.13258e-13 	1.97575e-13 	4.93521e-14 	3.09957e-13 	4.01631e-08 	-3.56108e-08 	-1.44453e-08 	3.17036e-08 	1.28418e-08 	5.27862e-09
0.3    0.3    0.3    0.3    0.3    1.89 	0.00249157 	0.0089724 	-0.00558919 	4.79895e-13 	-1.79531e-13 	-1.13258e-13 	1.97575e-13 	4.93521e-14 	3.09957e-13 	4.01631e-08 	-3.56108e-08 	-1.44453e-08 	3.17036e-08 	1.28418e-08 	5.27862e-09
0.3    0.3    0.3    0.3    0.3    1.98 	0.0323367 	-0.00321954 	-0.00853072 	8.72845e-13 	-3.04874e-13 	-3.14353e-13 	3.03159e-13 	6.9358e-14 	2.76844e-13 	9.78962e-10 	6.89248e-09 	7.53587e-09 	6.40745e-08 	8.46298e-08 	1.22217e-07
0.3    0.3    0.3    0.3    0.3    2.07 	0.0323367 	-0.00321954 	-0.00853072 	8.72845e-13 	-3.04874e-13 	-3.14353e-13 	3.03159e-13 	6.9358e-14 	2.76844e-13 	9.78962e-10 	6.89248e-09 	7.53587e-09 	6.40745e-08 	8.46298e-08 	1.22217e-07
0.3    0.3    0.3    0.3    0.3    2.16 	0.0563636 	-0.00476658 	-0.00476581 	5.64624e-13 	-1.53086e-13 	-1.37944e-13 	2.75435e-13 	5.69869e-14 	2.80858e-13 	9.15954e-08 	2.87357e-08 	-6.86417e-08 	1.19982e-08 	-2.44689e-08 	5.44218e-08
0.3    0.3    0.3    0.3    0.3    2.25 	0.0563636 	-0.00476658 	-0.00476581 	5.64624e-13 	-1.53086e-13 	-1.37944e-13 	2.75435e-13 	5.69869e-14 	2.80858e-13 	9.15954e-08 	2.87357e-08 	-6.86417e-08 	1.19982e-08 	-2.44689e-08 	5.44218e-08
0.3    0.3    0.3    0.3    0.3    2.34 	0.0563636 	-0.00476658 	-0.00476581 	5.64624e-13 	-1.53086e-13 	-1.37944e-13 	2.75435e-13 	5.69869e-14 	2.80858e-13 	9.15954e-08 	2.87357e-08 	-6.86417e-08 	1.19982e-08 	-2.44689e-08 	5.44218e-08
0.3    0.3    0.3    0.3    0.3    2.43 	0.0301984 	0.000811157 	-0.0140358 	4.01302e-13 	-9.15884e-14 	-1.27897e-13 	1.95723e-13 	8.97621e-15 	2.93313e-13 	8.14055e-08 	-1.71325e-08 	7.02108e-08 	3.82646e-09 	-1.43591e-08 	6.26571e-08
0.3    0.3    0.3    0.3    0.3    2.52 	0.0301984 	0.000811157 	-0.0140358 	4.01302e-13 	-9.15884e-14 	-1.27897e-13 	1.95723e-13 	8.97621e-15 	2.93313e-13 	8.14055e-08 	-1.71325e-08 	7.02108e-08 	3.82646e-09 	-1.43591e-08 	6.26571e-08
0.3    0.3    0.3    0.3    0.3    2.61 	0.014241 	0.0134451 	0.00149025 	4.88776e-13 	-1.82275e-13 	-1.47795e-13 	2.66221e-13 	2.41197e-14 	2.53696e-13 	1.35078e-08 	-9.80193e-09 	-1.28162e-08 	7.32818e-09 	9.29992e-09 	1.47735e-08
0.3    0.3    0.3    0.3    0.3    2.7 	0.014241 	0.0134451 	0.00149025 	4.88776e-13 	-1.82275e-13 	-1.47795e-13 	2.66221e-13 	2.41197e-14 	2.53696e-13 	1.35078e-08 	-9.80193e-09 	-1.28162e-08 	7.32818e-09 	9.29992e-09 	1.47735e-08
0.3    0.3    0.3    0.3    0.3    2.79 	0.0668734 	-0.00585522 	-0.00510249 	6.06788e-13 	-2.60439e-13 	-1.06579e-13 	3.66202e-13 	4.38253e-14 	2.56893e-13 	1.61306e-07 	-8.30813e-08 	-1.4089e-07 	4.49116e-08 	7.37794e-08 	1.24263e-07
0.3    0.3    0.3    0.3    0.3    2.88 	0.0668734 	-0.00585522 	-0.00510249 	6.06788e-13 	-2.60439e-13 	-1.06579e-13 	3.66202e-13 	4.38253e-14 	2.56893e-13 	1.61306e-07 	-8.30813e-08 	-1.4089e-07 	4.49116e-08 	7.37794e-08 	1.24263e-07
0.3    0.3    0.3    0.3    0.3    2.97 	0.080965 	-0.0101173 	-0.00424522 	1.02494e-12 	-4.04338e-13 	-1.15989e-13 	5.02712e-13 	3.20096e-14 	3.29953e-13 	3.93534e-07 	-1.19841e-07 	-1.70456e-07 	3.76489e-08 	5.5192e-08 	8.34945e-08
0.3    0.3    0.3    0.3    0.3    3.06 	0.080965 	-0.0101173 	-0.00424522 	1.02494e-12 	-4.04338e-13 	-1.15989e-13 	5.02712e-13 	3.20096e-14 	3.29953e-13 	3.93534e-07 	-1.19841e-07 	-1.70456e-07 	3.76489e-08 	5.5192e-08 	8.34945e-08
0.3    0.3    0.3    0.3    0.3    3.15 	0.0423784 	0.00445667 	0.00158251 	5.5975e-13 	-1.90869e-13 	-2.30028e-14 	2.68661e-13 	4.42411e-14 	2.65037e-13 	6.76901e-09 	1.96282e-08 	3.86005e-08 	6.10427e-08 	1.12694e-07 	2.28542e-07
0.3    0.3    0.3    0.3    0.3    3.24 	0.0423784 	0.00445667 	0.00158251 	5.5975e-13 	-1.90869e-13 	-2.30028e-14 	2.68661e-13 	4.42411e-14 	2.65037e-13 	6.76901e-09 	1.96282e-08 	3.86005e-08 	6.10427e-08 	1.12694e-07 	2.28542e-07
0.3    0.3    0.3    0.3    0.3    3.33 	0.00733307 	0.0134349 	-0.00476976 	5.64811e-13 	-2.43945e-13 	-4.71154e-14 	2.78274e-13 	2.31763e-14 	2.9652e-13 	4.25971e-08 	-6.45518e-08 	-8.81361e-08 	1.00566e-07 	1.40106e-07 	1.98432e-07
0.3    0.3    0.3    0.3    0.3    3.42 	0.00733307 	0.0134349 	-0.00476976 	5.64811e-13 	-2.43945e-13 	-4.71154e-14 	2.78274e-13 	2.31763e-14 	2.9652e-13 	4.25971e-08 	-6.45518e-08 	-8.81361e-08 	1.00566e-07 	1.40106e-07 	1.98432e-07
0.3    0.3    0.3    0.3    0.3    3.51 	0.00733307 	0.0134349 	-0.00476976 	5.64811e-13 	-2.43945e-13 	-4.71154e-14 	2.78274e-13 	2.31763e-14 	2.9652e-13 	4.25971e-08 	-6.45518e-08 	-8.81361e-08 	1.00566e-07 	1.40106e-07 	1.98432e-07
0.3    0.3    0.3    0.3    0.3    3.6 	0.0138331 	0.0111865 	-0.0132046 	4.44153e-13 	-1.98758e-13 	5.42382e-14 	2.58485e-13 	-3.58116e-14 	2.38602e-13 	9.85872e-08 	1.70194e-08 	1.91122e-08 	3.04609e-09 	3.46284e-09 	3.99596e-09
0.3    0.3    0.3    0.3    0.3    3.69 	0.0138331 	0.0111865 	-0.0132046 	4.44153e-13 	-1.98758e-13 	5.42382e-14 	2.58485e-13 	-3.58116e-14 	2.38602e-13 	9.85872e-08 	1.70194e-08 	1.91122e-08 	3.04609e-09 	3.46284e-09 	3.99596e-09
0.3    0.3    0.3    0.3    0.3    3.78 	0.0209957 	0.00465359 	-0.0112631 	5.13279e-13 	-1.97525e-13 	-2.06479e-14 	2.60612e-13 	2.01089e-14 	2.65988e-13 	2.81423e-07 	6.1845e-08 	3.14024e-07 	1.38011e-08 	6.86142e-08 	3.51808e-07
0.3    0.3    0.3    0.3    0.3    3.87 	0.0209957 	0.00465359 	-0.0112631 	5.13279e-13 	-1.97525e-13 	-2.06479e-14 	2.60612e-13 	2.01089e-14 	2.65988e-13 	2.81423e-07 	6.1845e-08 	3.14024e-07 	1.38011e-08 	6.86142e-08 	3.51808e-07
0.3    0.3    0.3    0.3    0.3    3.96 	0.0204581 	0.0133492 	-0.00257599 	6.19556e-13 	-2.66689e-13 	4.22129e-14 	3.92661e-13 	-7.40726e-14 	2.49869e-13 	1.14632e-09 	-1.11871e-08 	5.8621e-09 	3.14035e-07 	-1.82832e-07 	1.07439e-07
0.3    0.3    0.3    0.3    0.3    4.05 	0.0204581 	0.0133492 	-0.00257599 	6.19556e-13 	-2.66689e-13 	4.22129e-14 	3.92661e-13 	-7.40726e-14 	2.49869e-13 	1.14632e-09 	-1.11871e-08 	5.8621e-09 	3.14035e-07 	-1.82832e-07 	1.07439e-07
0.3    0.3    0.3    0.3    0.3    4.14 	0.00397544 	0.00991091 	-0.00491878 	1.13533e-12 	-5.60629e-13 	7.43813e-14 	4.90733e-13 	-6.94038e-14 	2.333e-13 	1.02818e-08 	-9.39208e-09 	1.88341e-08 	1.0204e-08 	-3.39969e-08 	2.10311e-07
0.3    0.3    0.3    0.3    0.3    4.23 	0.00397544 	0.00991091 	-0.00491878 	1.13533e-12 	-5.60629e-13 	7.43813e-14 	4.90733e-13 	-6.94038e-14 	2.333e-13 	1.02818e-08 	-9.39208e-09 	1.88341e-08 	1.0204e-08 	-3.39969e-08 	2.10311e-07
0.3    0.3    0.3    0.3    0.3    4.32 	0.0282927 	-0.000444392 	0.013815 	5.22559e-13 	-1.76974e-13 	-4.47416e-14 	1.90582e-13 	-1.0661e-14 	2.48109e-13 	3.07458e-08 	2.42487e-08 	2.2924e-08 	3.3852e-08 	2.30488e-08 	1.87722e-08
0.3    0.3    0.3    0.3    0.3    4.41 	0.0282927 	-0.000444392 	0.013815 	5.22559e-13 	-1.76974e-13 	-4.47416e-14 	1.90582e-13 	-1.0661e-14 	2.48109e-13 	3.07458e-08 	2.42487e-08 	2.2924e-08 	3.3852e-08 	2.30488e-08 	1.87722e-08
0.3    0.3    0.3    0.3    0.3    4.5 	0.0282927 	-0.000444392 	0.013815 	5.22559e-13 	-1.76974e-13 	-4.47416e-14 	1.90582e-13 	-1.0661e-14 	2.48109e-13 	3.07458e-08 	2.42487e-08 	2.2924e-08 	3.3852e-08 	2.30488e-08 	1.87722e-08
