0.1    0.1    0.1    0.1    0.1    0 	0.000948318 	3.6019e-05 	0.00238039 	1.11832e-15 	1.93918e-16 	1.36616e-15 	1e-15 	8.03507e-16 	1.54402e-15 	5.97825e-09 	-2.62121e-11 	1.57712e-08 	2.75063e-13 	-6.83038e-11 	4.19416e-08
0.1    0.1    0.1    0.1    0.1    0.09 	0.000948318 	3.6019e-05 	0.00238039 	1.11832e-15 	1.93918e-16 	1.36616e-15 	1e-15 	8.03507e-16 	1.54402e-15 	5.97825e-09 	-2.62121e-11 	1.57712e-08 	2.75063e-13 	-6.83038e-11 	4.19416e-08
0.1    0.1    0.1    0.1    0.1    0.18 	0.000948318 	3.6019e-05 	0.00238039 	1.11832e-15 	1.93918e-16 	1.36616e-15 	1e-15 	8.03507e-16 	1.54402e-15 	5.97825e-09 	-2.62121e-11 	1.57712e-08 	2.75063e-13 	-6.83038e-11 	4.19416e-08
0.1    0.1    0.1    0.1    0.1    0.27 	0.00055157 	-5.35835e-06 	-0.00863336 	3.89969e-15 	1.1169e-16 	8.20819e-15 	1.10695e-15 	8.25014e-15 	2.17433e-14 	4.03424e-08 	-1.13333e-10 	-3.73878e-09 	3.46418e-12 	1.17323e-11 	3.52083e-10
0.1    0.1    0.1    0.1    0.1    0.36 	0.00055157 	-5.35835e-06 	-0.00863336 	3.89969e-15 	1.1169e-16 	8.20819e-15 	1.10695e-15 	8.25014e-15 	2.17433e-14 	4.03424e-08 	-1.13333e-10 	-3.73878e-09 	3.46418e-12 	1.17323e-11 	3.52083e-10
0.1    0.1    0.1    0.1    0.1    0.45 	0.00955676 	-6.04761e-05 	0.00547436 	1.79941e-13 	-4.79393e-14 	2.5042e-14 	1.63959e-14 	-9.34341e-15 	1.40325e-14 	1.09514e-08 	8.22898e-11 	2.25658e-08 	1.27614e-12 	1.71899e-10 	4.65247e-08
0.1    0.1    0.1    0.1    0.1    0.54 	0.00955676 	-6.04761e-05 	0.00547436 	1.79941e-13 	-4.79393e-14 	2.5042e-14 	1.63959e-14 	-9.34341e-15 	1.40325e-14 	1.09514e-08 	8.22898e-11 	2.25658e-08 	1.27614e-12 	1.71899e-10 	4.65247e-08
0.1    0.1    0.1    0.1    0.1    0.63 	-0.000831897 	2.55346e-05 	0.00300518 	3.51524e-15 	-1.83975e-15 	4.90793e-16 	1e-15 	-1.61143e-15 	1.75105e-15 	1.26412e-09 	1.69772e-11 	3.73923e-09 	2.95122e-12 	5.23651e-11 	1.11264e-08
0.1    0.1    0.1    0.1    0.1    0.72 	-0.000831897 	2.55346e-05 	0.00300518 	3.51524e-15 	-1.83975e-15 	4.90793e-16 	1e-15 	-1.61143e-15 	1.75105e-15 	1.26412e-09 	1.69772e-11 	3.73923e-09 	2.95122e-12 	5.23651e-11 	1.11264e-08
0.1    0.1    0.1    0.1    0.1    0.81 	-0.000972044 	2.00891e-06 	-0.000351497 	1e-15 	1.41242e-16 	3.89255e-17 	1e-15 	7.53088e-17 	1e-15 	1.33226e-09 	1.19257e-11 	2.32379e-09 	4.32365e-12 	5.04039e-11 	4.35459e-09
0.1    0.1    0.1    0.1    0.1    0.9 	-0.000972044 	2.00891e-06 	-0.000351497 	1e-15 	1.41242e-16 	3.89255e-17 	1e-15 	7.53088e-17 	1e-15 	1.33226e-09 	1.19257e-11 	2.32379e-09 	4.32365e-12 	5.04039e-11 	4.35459e-09
0.1    0.1    0.1    0.1    0.1    0.99 	0.000709152 	2.95476e-05 	0.00136037 	1e-15 	-4.67848e-16 	1.46937e-15 	1e-15 	-1.05262e-15 	1.5556e-15 	1.05832e-09 	-1.02723e-11 	-2.5276e-09 	8.21676e-12 	-2.65609e-11 	6.71139e-09
0.1    0.1    0.1    0.1    0.1    1.08 	0.000709152 	2.95476e-05 	0.00136037 	1e-15 	-4.67848e-16 	1.46937e-15 	1e-15 	-1.05262e-15 	1.5556e-15 	1.05832e-09 	-1.02723e-11 	-2.5276e-09 	8.21676e-12 	-2.65609e-11 	6.71139e-09
0.1    0.1    0.1    0.1    0.1    1.17 	0.000709152 	2.95476e-05 	0.00136037 	1e-15 	-4.67848e-16 	1.46937e-15 	1e-15 	-1.05262e-15 	1.5556e-15 	1.05832e-09 	-1.02723e-11 	-2.5276e-09 	8.21676e-12 	-2.65609e-11 	6.71139e-09
0.1    0.1    0.1    0.1    0.1    1.26 	-0.000811254 	2.47996e-05 	-0.00266881 	1e-15 	1.69302e-16 	-2.07259e-16 	1e-15 	1.62854e-16 	1e-15 	1.4118e-08 	-2.25961e-10 	-2.29602e-08 	4.39167e-12 	3.6911e-10 	3.73463e-08
0.1    0.1    0.1    0.1    0.1    1.35 	-0.000811254 	2.47996e-05 	-0.00266881 	1e-15 	1.69302e-16 	-2.07259e-16 	1e-15 	1.62854e-16 	1e-15 	1.4118e-08 	-2.25961e-10 	-2.29602e-08 	4.39167e-12 	3.6911e-10 	3.73463e-08
0.1    0.1    0.1    0.1    0.1    1.44 	-0.00166411 	-1.09253e-05 	-0.00488286 	1.23491e-15 	2.22614e-17 	-1.61416e-15 	1e-15 	1.42539e-15 	2.3754e-15 	1.41262e-09 	-4.10574e-11 	-6.41237e-10 	1.92607e-12 	1.64638e-11 	2.9897e-10
0.1    0.1    0.1    0.1    0.1    1.53 	-0.00166411 	-1.09253e-05 	-0.00488286 	1.23491e-15 	2.22614e-17 	-1.61416e-15 	1e-15 	1.42539e-15 	2.3754e-15 	1.41262e-09 	-4.10574e-11 	-6.41237e-10 	1.92607e-12 	1.64638e-11 	2.9897e-10
0.1    0.1    0.1    0.1    0.1    1.62 	-0.00137866 	-3.96098e-06 	0.00646493 	1.46467e-15 	1.06591e-15 	-9.18621e-15 	1e-15 	-5.47698e-15 	1.56568e-14 	6.11835e-11 	-3.95127e-13 	-2.27271e-11 	1.94445e-13 	1.19289e-13 	9.45144e-12
0.1    0.1    0.1    0.1    0.1    1.71 	-0.00137866 	-3.96098e-06 	0.00646493 	1.46467e-15 	1.06591e-15 	-9.18621e-15 	1e-15 	-5.47698e-15 	1.56568e-14 	6.11835e-11 	-3.95127e-13 	-2.27271e-11 	1.94445e-13 	1.19289e-13 	9.45144e-12
0.1    0.1    0.1    0.1    0.1    1.8 	-0.00225272 	7.48219e-06 	-0.000894823 	1.17906e-15 	5.14579e-16 	-5.50323e-16 	1e-15 	-2.17143e-16 	1.17664e-15 	2.37633e-11 	1.24439e-12 	-2.79431e-11 	3.2012e-13 	3.87894e-12 	1.65926e-09
0.1    0.1    0.1    0.1    0.1    1.89 	-0.00225272 	7.48219e-06 	-0.000894823 	1.17906e-15 	5.14579e-16 	-5.50323e-16 	1e-15 	-2.17143e-16 	1.17664e-15 	2.37633e-11 	1.24439e-12 	-2.79431e-11 	3.2012e-13 	3.87894e-12 	1.65926e-09
0.1    0.1    0.1    0.1    0.1    1.98 	-0.00426189 	8.33488e-06 	0.00351526 	1.41169e-15 	6.85757e-16 	-1.691e-16 	1e-15 	5.10469e-18 	1e-15 	1.62019e-09 	-7.8927e-12 	2.62768e-09 	6.82786e-14 	-9.80348e-12 	4.77625e-09
0.1    0.1    0.1    0.1    0.1    2.07 	-0.00426189 	8.33488e-06 	0.00351526 	1.41169e-15 	6.85757e-16 	-1.691e-16 	1e-15 	5.10469e-18 	1e-15 	1.62019e-09 	-7.8927e-12 	2.62768e-09 	6.82786e-14 	-9.80348e-12 	4.77625e-09
0.1    0.1    0.1    0.1    0.1    2.16 	-0.00030756 	1.94247e-05 	-0.00244987 	2.28888e-15 	-1.44701e-15 	-3.31357e-15 	1e-15 	2.82829e-15 	2.18872e-15 	1.72042e-10 	-1.13768e-11 	-1.37453e-09 	3.68282e-12 	1.17586e-10 	1.13434e-08
0.1    0.1    0.1    0.1    0.1    2.25 	-0.00030756 	1.94247e-05 	-0.00244987 	2.28888e-15 	-1.44701e-15 	-3.31357e-15 	1e-15 	2.82829e-15 	2.18872e-15 	1.72042e-10 	-1.13768e-11 	-1.37453e-09 	3.68282e-12 	1.17586e-10 	1.13434e-08
0.1    0.1    0.1    0.1    0.1    2.34 	-0.00030756 	1.94247e-05 	-0.00244987 	2.28888e-15 	-1.44701e-15 	-3.31357e-15 	1e-15 	2.82829e-15 	2.18872e-15 	1.72042e-10 	-1.13768e-11 	-1.37453e-09 	3.68282e-12 	1.17586e-10 	1.13434e-08
0.1    0.1    0.1    0.1    0.1    2.43 	-0.00336195 	-1.67367e-05 	-0.000630775 	2.8435e-15 	1.31861e-15 	-4.22846e-15 	1e-15 	-9.82904e-16 	1.41475e-15 	9.556e-09 	-1.0586e-10 	-7.05774e-09 	4.66868e-12 	8.024e-11 	5.25618e-09
0.1    0.1    0.1    0.1    0.1    2.52 	-0.00336195 	-1.67367e-05 	-0.000630775 	2.8435e-15 	1.31861e-15 	-4.22846e-15 	1e-15 	-9.82904e-16 	1.41475e-15 	9.556e-09 	-1.0586e-10 	-7.05774e-09 	4.66868e-12 	8.024e-11 	5.25618e-09
0.1    0.1    0.1    0.1    0.1    2.61 	-0.00225609 	-8.04486e-06 	0.00565101 	1e-15 	1.13039e-16 	-5.9183e-16 	1e-15 	-4.81321e-16 	1e-15 	4.44687e-09 	-6.45622e-11 	-1.98605e-08 	1.32522e-12 	2.70279e-10 	9.02692e-08
0.1    0.1    0.1    0.1    0.1    2.7 	-0.00225609 	-8.04486e-06 	0.00565101 	1e-15 	1.13039e-16 	-5.9183e-16 	1e-15 	-4.81321e-16 	1e-15 	4.44687e-09 	-6.45622e-11 	-1.98605e-08 	1.32522e-12 	2.70279e-10 	9.02692e-08
0.1    0.1    0.1    0.1    0.1    2.79 	-0.00659533 	4.80011e-05 	-0.00102069 	1.28194e-15 	5.50267e-16 	-2.74702e-16 	1e-15 	-9.01599e-17 	1e-15 	7.41642e-08 	-6.94817e-10 	9.56674e-08 	3.54517e-11 	-9.08454e-10 	1.23559e-07
0.1    0.1    0.1    0.1    0.1    2.88 	-0.00659533 	4.80011e-05 	-0.00102069 	1.28194e-15 	5.50267e-16 	-2.74702e-16 	1e-15 	-9.01599e-17 	1e-15 	7.41642e-08 	-6.94817e-10 	9.56674e-08 	3.54517e-11 	-9.08454e-10 	1.23559e-07
0.1    0.1    0.1    0.1    0.1    2.97 	-0.000243052 	-2.4417e-05 	0.000408343 	1e-15 	1.3863e-16 	7.32956e-17 	1e-15 	5.71827e-17 	1e-15 	5.6507e-10 	1.25722e-10 	-1.95649e-11 	5.98732e-11 	-2.37237e-11 	8.59182e-11
0.1    0.1    0.1    0.1    0.1    3.06 	-0.000243052 	-2.4417e-05 	0.000408343 	1e-15 	1.3863e-16 	7.32956e-17 	1e-15 	5.71827e-17 	1e-15 	5.6507e-10 	1.25722e-10 	-1.95649e-11 	5.98732e-11 	-2.37237e-11 	8.59182e-11
0.1    0.1    0.1    0.1    0.1    3.15 	-0.00164257 	8.32704e-05 	-0.00212746 	2.74003e-15 	1.27854e-15 	2.85086e-15 	1e-15 	1.20218e-15 	1.79972e-15 	9.33857e-09 	-5.1123e-10 	1.11889e-08 	4.84612e-11 	-6.21931e-10 	1.34645e-08
0.1    0.1    0.1    0.1    0.1    3.24 	-0.00164257 	8.32704e-05 	-0.00212746 	2.74003e-15 	1.27854e-15 	2.85086e-15 	1e-15 	1.20218e-15 	1.79972e-15 	9.33857e-09 	-5.1123e-10 	1.11889e-08 	4.84612e-11 	-6.21931e-10 	1.34645e-08
0.1    0.1    0.1    0.1    0.1    3.33 	-0.0033572 	5.40509e-06 	-0.00980985 	4.32716e-15 	2.53496e-15 	4.4166e-15 	1.15019e-15 	4.26721e-15 	4.19168e-15 	2.18419e-08 	-4.29046e-10 	1.57103e-08 	2.49477e-11 	-2.72607e-10 	1.13938e-08
0.1    0.1    0.1    0.1    0.1    3.42 	-0.0033572 	5.40509e-06 	-0.00980985 	4.32716e-15 	2.53496e-15 	4.4166e-15 	1.15019e-15 	4.26721e-15 	4.19168e-15 	2.18419e-08 	-4.29046e-10 	1.57103e-08 	2.49477e-11 	-2.72607e-10 	1.13938e-08
0.1    0.1    0.1    0.1    0.1    3.51 	-0.0033572 	5.40509e-06 	-0.00980985 	4.32716e-15 	2.53496e-15 	4.4166e-15 	1.15019e-15 	4.26721e-15 	4.19168e-15 	2.18419e-08 	-4.29046e-10 	1.57103e-08 	2.49477e-11 	-2.72607e-10 	1.13938e-08
0.1    0.1    0.1    0.1    0.1    3.6 	-0.000804907 	-1.09899e-05 	0.00223318 	2.653e-15 	3.24623e-15 	-3.28066e-15 	1.86904e-15 	-2.22687e-15 	2.09024e-15 	5.11437e-10 	2.46741e-11 	2.32833e-10 	6.39988e-12 	-1.0664e-10 	7.32517e-09
0.1    0.1    0.1    0.1    0.1    3.69 	-0.000804907 	-1.09899e-05 	0.00223318 	2.653e-15 	3.24623e-15 	-3.28066e-15 	1.86904e-15 	-2.22687e-15 	2.09024e-15 	5.11437e-10 	2.46741e-11 	2.32833e-10 	6.39988e-12 	-1.0664e-10 	7.32517e-09
0.1    0.1    0.1    0.1    0.1    3.78 	0.0096643 	-5.93358e-05 	-0.00544641 	2.028e-14 	-6.64105e-15 	-1.33852e-14 	1.4581e-15 	4.0202e-15 	3.08156e-15 	2.25115e-09 	-6.13738e-11 	-9.35864e-09 	2.71347e-12 	2.75527e-10 	4.16363e-08
0.1    0.1    0.1    0.1    0.1    3.87 	0.0096643 	-5.93358e-05 	-0.00544641 	2.028e-14 	-6.64105e-15 	-1.33852e-14 	1.4581e-15 	4.0202e-15 	3.08156e-15 	2.25115e-09 	-6.13738e-11 	-9.35864e-09 	2.71347e-12 	2.75527e-10 	4.16363e-08
0.1    0.1    0.1    0.1    0.1    3.96 	-9.92452e-05 	-3.07528e-05 	0.0158612 	1.82825e-15 	-1.19673e-15 	6.53817e-15 	1.22469e-15 	-7.16816e-15 	1.92839e-14 	1.47771e-08 	-1.79106e-10 	2.15166e-08 	2.22811e-12 	-2.66312e-10 	3.3713e-08
0.1    0.1    0.1    0.1    0.1    4.05 	-9.92452e-05 	-3.07528e-05 	0.0158612 	1.82825e-15 	-1.19673e-15 	6.53817e-15 	1.22469e-15 	-7.16816e-15 	1.92839e-14 	1.47771e-08 	-1.79106e-10 	2.15166e-08 	2.22811e-12 	-2.66312e-10 	3.3713e-08
0.1    0.1    0.1    0.1    0.1    4.14 	0.000571704 	5.07816e-05 	0.00384265 	1e-15 	-4.68868e-17 	4.1567e-16 	1e-15 	-1.97793e-15 	3.61082e-15 	4.01545e-08 	-1.09383e-09 	-3.29761e-08 	4.2245e-11 	9.38486e-10 	2.72291e-08
0.1    0.1    0.1    0.1    0.1    4.23 	0.000571704 	5.07816e-05 	0.00384265 	1e-15 	-4.68868e-17 	4.1567e-16 	1e-15 	-1.97793e-15 	3.61082e-15 	4.01545e-08 	-1.09383e-09 	-3.29761e-08 	4.2245e-11 	9.38486e-10 	2.72291e-08
0.1    0.1    0.1    0.1    0.1    4.32 	-0.00194793 	-3.45256e-05 	0.00152916 	1.57928e-15 	8.14672e-16 	2.7159e-16 	1e-15 	-3.0119e-16 	1.41786e-15 	5.5587e-09 	-1.09929e-10 	1.64656e-11 	1.18419e-11 	-5.62866e-11 	4.94356e-10
0.1    0.1    0.1    0.1    0.1    4.41 	-0.00194793 	-3.45256e-05 	0.00152916 	1.57928e-15 	8.14672e-16 	2.7159e-16 	1e-15 	-3.0119e-16 	1.41786e-15 	5.5587e-09 	-1.09929e-10 	1.64656e-11 	1.18419e-11 	-5.62866e-11 	4.94356e-10
0.1    0.1    0.1    0.1    0.1    4.5 	-0.00194793 	-3.45256e-05 	0.00152916 	1.57928e-15 	8.14672e-16 	2.7159e-16 	1e-15 	-3.0119e-16 	1.41786e-15 	5.5587e-09 	-1.09929e-10 	1.64656e-11 	1.18419e-11 	-5.62866e-11 	4.94356e-10
0.2    0.2    0.2    0.2    0.2    0 	0.0011436 	3.51219e-05 	0.00261834 	1.2392e-15 	1.78397e-16 	1.31112e-15 	1e-15 	7.98704e-16 	1.9434e-15 	1.80456e-08 	-7.50443e-11 	3.49484e-08 	3.93247e-13 	-1.44838e-10 	7.02963e-08
0.2    0.2    0.2    0.2    0.2    0.09 	0.0011436 	3.51219e-05 	0.00261834 	1.2392e-15 	1.78397e-16 	1.31112e-15 	1e-15 	7.98704e-16 	1.9434e-15 	1.80456e-08 	-7.50443e-11 	3.49484e-08 	3.93247e-13 	-1.44838e-10 	7.02963e-08
0.2    0.2    0.2    0.2    0.2    0.18 	0.0011436 	3.51219e-05 	0.00261834 	1.2392e-15 	1.78397e-16 	1.31112e-15 	1e-15 	7.98704e-16 	1.9434e-15 	1.80456e-08 	-7.50443e-11 	3.49484e-08 	3.93247e-13 	-1.44838e-10 	7.02963e-08
0.2    0.2    0.2    0.2    0.2    0.27 	0.000667527 	-3.59335e-06 	-0.0085539 	5.74656e-15 	-2.155e-17 	7.29909e-15 	1.22175e-15 	8.09393e-15 	2.3987e-14 	4.76127e-08 	2.7438e-11 	-1.26357e-10 	2.08114e-12 	1.59598e-11 	5.42389e-10
0.2    0.2    0.2    0.2    0.2    0.36 	0.000667527 	-3.59335e-06 	-0.0085539 	5.74656e-15 	-2.155e-17 	7.29909e-15 	1.22175e-15 	8.09393e-15 	2.3987e-14 	4.76127e-08 	2.7438e-11 	-1.26357e-10 	2.08114e-12 	1.59598e-11 	5.42389e-10
0.2    0.2    0.2    0.2    0.2    0.45 	0.00982515 	-5.9452e-05 	0.00583009 	1.78726e-13 	-4.66778e-14 	2.52503e-14 	1.82766e-14 	-9.20301e-15 	1.59073e-14 	3.21434e-08 	1.62147e-10 	5.62085e-08 	1.18904e-12 	2.90785e-10 	9.94836e-08
0.2    0.2    0.2    0.2    0.2    0.54 	0.00982515 	-5.9452e-05 	0.00583009 	1.78726e-13 	-4.66778e-14 	2.52503e-14 	1.82766e-14 	-9.20301e-15 	1.59073e-14 	3.21434e-08 	1.62147e-10 	5.62085e-08 	1.18904e-12 	2.90785e-10 	9.94836e-08
0.2    0.2    0.2    0.2    0.2    0.63 	-0.000969253 	2.48748e-05 	0.00279887 	5.10629e-15 	-1.84117e-15 	5.61222e-16 	1.01044e-15 	-1.54938e-15 	2.24555e-15 	5.97533e-09 	2.27256e-11 	1.27941e-08 	1.52229e-12 	5.36479e-11 	2.82258e-08
0.2    0.2    0.2    0.2    0.2    0.72 	-0.000969253 	2.48748e-05 	0.00279887 	5.10629e-15 	-1.84117e-15 	5.61222e-16 	1.01044e-15 	-1.54938e-15 	2.24555e-15 	5.97533e-09 	2.27256e-11 	1.27941e-08 	1.52229e-12 	5.36479e-11 	2.82258e-08
0.2    0.2    0.2    0.2    0.2    0.81 	-0.000804643 	1.63563e-06 	-0.000224837 	1e-15 	1.38052e-16 	3.91572e-17 	1e-15 	7.38283e-17 	1e-15 	7.97088e-09 	-2.19955e-11 	8.56543e-09 	2.27752e-12 	-3.95997e-12 	9.78689e-09
0.2    0.2    0.2    0.2    0.2    0.9 	-0.000804643 	1.63563e-06 	-0.000224837 	1e-15 	1.38052e-16 	3.91572e-17 	1e-15 	7.38283e-17 	1e-15 	7.97088e-09 	-2.19955e-11 	8.56543e-09 	2.27752e-12 	-3.95997e-12 	9.78689e-09
0.2    0.2    0.2    0.2    0.2    0.99 	0.000578911 	2.93994e-05 	0.00142172 	1e-15 	-4.62905e-16 	1.47564e-15 	1e-15 	-1.03831e-15 	1.94827e-15 	5.46689e-09 	-4.58196e-11 	-6.52663e-09 	4.54199e-12 	3.58162e-11 	9.3009e-09
0.2    0.2    0.2    0.2    0.2    1.08 	0.000578911 	2.93994e-05 	0.00142172 	1e-15 	-4.62905e-16 	1.47564e-15 	1e-15 	-1.03831e-15 	1.94827e-15 	5.46689e-09 	-4.58196e-11 	-6.52663e-09 	4.54199e-12 	3.58162e-11 	9.3009e-09
0.2    0.2    0.2    0.2    0.2    1.17 	0.000578911 	2.93994e-05 	0.00142172 	1e-15 	-4.62905e-16 	1.47564e-15 	1e-15 	-1.03831e-15 	1.94827e-15 	5.46689e-09 	-4.58196e-11 	-6.52663e-09 	4.54199e-12 	3.58162e-11 	9.3009e-09
0.2    0.2    0.2    0.2    0.2    1.26 	-0.000650055 	2.53747e-05 	-0.00282885 	1e-15 	1.64161e-16 	-1.99067e-16 	1e-15 	1.71557e-16 	1e-15 	2.51232e-08 	-1.96764e-10 	-3.68644e-08 	2.66462e-12 	3.06504e-10 	5.45802e-08
0.2    0.2    0.2    0.2    0.2    1.35 	-0.000650055 	2.53747e-05 	-0.00282885 	1e-15 	1.64161e-16 	-1.99067e-16 	1e-15 	1.71557e-16 	1e-15 	2.51232e-08 	-1.96764e-10 	-3.68644e-08 	2.66462e-12 	3.06504e-10 	5.45802e-08
0.2    0.2    0.2    0.2    0.2    1.44 	-0.00180002 	-8.80998e-06 	-0.00484414 	1.44519e-15 	3.87368e-17 	-1.54428e-15 	1e-15 	1.42313e-15 	3.28959e-15 	5.70517e-09 	-1.0647e-10 	-2.30719e-09 	2.44314e-12 	4.2586e-11 	9.55123e-10
0.2    0.2    0.2    0.2    0.2    1.53 	-0.00180002 	-8.80998e-06 	-0.00484414 	1.44519e-15 	3.87368e-17 	-1.54428e-15 	1e-15 	1.42313e-15 	3.28959e-15 	5.70517e-09 	-1.0647e-10 	-2.30719e-09 	2.44314e-12 	4.2586e-11 	9.55123e-10
0.2    0.2    0.2    0.2    0.2    1.62 	-0.0013136 	-5.20326e-06 	0.0064159 	1.79183e-15 	1.0407e-15 	-9.04597e-15 	1e-15 	-5.38111e-15 	1.77733e-14 	7.37316e-10 	-1.93652e-11 	-4.98529e-10 	6.35525e-13 	1.31067e-11 	3.42042e-10
0.2    0.2    0.2    0.2    0.2    1.71 	-0.0013136 	-5.20326e-06 	0.0064159 	1.79183e-15 	1.0407e-15 	-9.04597e-15 	1e-15 	-5.38111e-15 	1.77733e-14 	7.37316e-10 	-1.93652e-11 	-4.98529e-10 	6.35525e-13 	1.31067e-11 	3.42042e-10
0.2    0.2    0.2    0.2    0.2    1.8 	-0.00231082 	8.45735e-06 	-0.000958807 	1.34234e-15 	5.08385e-16 	-5.53676e-16 	1e-15 	-2.1799e-16 	1.34714e-15 	4.91209e-10 	-5.00728e-12 	1.0981e-09 	2.3216e-13 	-9.67337e-12 	3.7753e-09
0.2    0.2    0.2    0.2    0.2    1.89 	-0.00231082 	8.45735e-06 	-0.000958807 	1.34234e-15 	5.08385e-16 	-5.53676e-16 	1e-15 	-2.1799e-16 	1.34714e-15 	4.91209e-10 	-5.00728e-12 	1.0981e-09 	2.3216e-13 	-9.67337e-12 	3.7753e-09
0.2    0.2    0.2    0.2    0.2    1.98 	-0.00416132 	8.33425e-06 	0.00350814 	1.71183e-15 	6.719e-16 	-1.76779e-16 	1e-15 	6.54291e-18 	1e-15 	5.0817e-09 	-1.83869e-11 	3.88722e-09 	9.03224e-14 	-1.4924e-11 	4.17734e-09
0.2    0.2    0.2    0.2    0.2    2.07 	-0.00416132 	8.33425e-06 	0.00350814 	1.71183e-15 	6.719e-16 	-1.76779e-16 	1e-15 	6.54291e-18 	1e-15 	5.0817e-09 	-1.83869e-11 	3.88722e-09 	9.03224e-14 	-1.4924e-11 	4.17734e-09
0.2    0.2    0.2    0.2    0.2    2.16 	-0.000319295 	1.81895e-05 	-0.00247839 	3.07084e-15 	-1.37146e-15 	-3.21051e-15 	1.01511e-15 	2.80966e-15 	3.01156e-15 	1.54828e-10 	-1.0807e-11 	-1.28481e-09 	2.46592e-12 	1.18339e-10 	1.18005e-08
0.2    0.2    0.2    0.2    0.2    2.25 	-0.000319295 	1.81895e-05 	-0.00247839 	3.07084e-15 	-1.37146e-15 	-3.21051e-15 	1.01511e-15 	2.80966e-15 	3.01156e-15 	1.54828e-10 	-1.0807e-11 	-1.28481e-09 	2.46592e-12 	1.18339e-10 	1.18005e-08
0.2    0.2    0.2    0.2    0.2    2.34 	-0.000319295 	1.81895e-05 	-0.00247839 	3.07084e-15 	-1.37146e-15 	-3.21051e-15 	1.01511e-15 	2.80966e-15 	3.01156e-15 	1.54828e-10 	-1.0807e-11 	-1.28481e-09 	2.46592e-12 	1.18339e-10 	1.18005e-08
0.2    0.2    0.2    0.2    0.2    2.43 	-0.00337849 	-1.38443e-05 	-0.00064372 	4.0857e-15 	1.32658e-15 	-4.31803e-15 	1e-15 	-1.00024e-15 	1.75209e-15 	7.41667e-09 	-2.95307e-11 	-6.16932e-09 	2.9519e-12 	1.26059e-11 	5.3116e-09
0.2    0.2    0.2    0.2    0.2    2.52 	-0.00337849 	-1.38443e-05 	-0.00064372 	4.0857e-15 	1.32658e-15 	-4.31803e-15 	1e-15 	-1.00024e-15 	1.75209e-15 	7.41667e-09 	-2.95307e-11 	-6.16932e-09 	2.9519e-12 	1.26059e-11 	5.3116e-09
0.2    0.2    0.2    0.2    0.2    2.61 	-0.00230605 	-8.3892e-06 	0.00602339 	1e-15 	1.14368e-16 	-6.03627e-16 	1e-15 	-5.00945e-16 	1e-15 	5.32506e-09 	-3.75674e-11 	-2.84356e-08 	6.80792e-13 	1.65159e-10 	1.55796e-07
0.2    0.2    0.2    0.2    0.2    2.7 	-0.00230605 	-8.3892e-06 	0.00602339 	1e-15 	1.14368e-16 	-6.03627e-16 	1e-15 	-5.00945e-16 	1e-15 	5.32506e-09 	-3.75674e-11 	-2.84356e-08 	6.80792e-13 	1.65159e-10 	1.55796e-07
0.2    0.2    0.2    0.2    0.2    2.79 	-0.00670248 	4.39131e-05 	-0.00135065 	1.52313e-15 	5.55106e-16 	-2.64895e-16 	1e-15 	-7.91786e-17 	1e-15 	8.34605e-08 	-4.17308e-10 	1.21509e-07 	1.86506e-11 	-5.34042e-10 	1.8003e-07
0.2    0.2    0.2    0.2    0.2    2.88 	-0.00670248 	4.39131e-05 	-0.00135065 	1.52313e-15 	5.55106e-16 	-2.64895e-16 	1e-15 	-7.91786e-17 	1e-15 	8.34605e-08 	-4.17308e-10 	1.21509e-07 	1.86506e-11 	-5.34042e-10 	1.8003e-07
0.2    0.2    0.2    0.2    0.2    2.97 	-0.000356347 	-2.27971e-05 	0.000330752 	1e-15 	1.37371e-16 	7.4459e-17 	1e-15 	5.79098e-17 	1e-15 	2.85625e-09 	6.57369e-11 	1.6457e-09 	3.01368e-11 	-1.07379e-11 	1.11151e-09
0.2    0.2    0.2    0.2    0.2    3.06 	-0.000356347 	-2.27971e-05 	0.000330752 	1e-15 	1.37371e-16 	7.4459e-17 	1e-15 	5.79098e-17 	1e-15 	2.85625e-09 	6.57369e-11 	1.6457e-09 	3.01368e-11 	-1.07379e-11 	1.11151e-09
0.2    0.2    0.2    0.2    0.2    3.15 	-0.00159847 	8.39125e-05 	-0.00218818 	3.95531e-15 	1.30529e-15 	2.90385e-15 	1e-15 	1.18869e-15 	2.3505e-15 	9.56577e-09 	-2.92933e-10 	8.72756e-09 	2.45523e-11 	-3.37662e-10 	9.11374e-09
0.2    0.2    0.2    0.2    0.2    3.24 	-0.00159847 	8.39125e-05 	-0.00218818 	3.95531e-15 	1.30529e-15 	2.90385e-15 	1e-15 	1.18869e-15 	2.3505e-15 	9.56577e-09 	-2.92933e-10 	8.72756e-09 	2.45523e-11 	-3.37662e-10 	9.11374e-09
0.2    0.2    0.2    0.2    0.2    3.33 	-0.00357372 	5.23427e-06 	-0.00989401 	6.63777e-15 	2.57389e-15 	4.48136e-15 	1.30017e-15 	4.07403e-15 	6.22682e-15 	3.7928e-08 	-2.4668e-10 	2.54529e-08 	1.25229e-11 	-1.57719e-10 	1.73505e-08
0.2    0.2    0.2    0.2    0.2    3.42 	-0.00357372 	5.23427e-06 	-0.00989401 	6.63777e-15 	2.57389e-15 	4.48136e-15 	1.30017e-15 	4.07403e-15 	6.22682e-15 	3.7928e-08 	-2.4668e-10 	2.54529e-08 	1.25229e-11 	-1.57719e-10 	1.73505e-08
0.2    0.2    0.2    0.2    0.2    3.51 	-0.00357372 	5.23427e-06 	-0.00989401 	6.63777e-15 	2.57389e-15 	4.48136e-15 	1.30017e-15 	4.07403e-15 	6.22682e-15 	3.7928e-08 	-2.4668e-10 	2.54529e-08 	1.25229e-11 	-1.57719e-10 	1.73505e-08
0.2    0.2    0.2    0.2    0.2    3.6 	-0.0005816 	-1.1596e-05 	0.00230996 	3.67265e-15 	3.13451e-15 	-3.17321e-15 	2.41926e-15 	-2.10716e-15 	2.75021e-15 	8.80572e-09 	-4.40037e-11 	7.76e-09 	3.61508e-12 	-1.10274e-10 	1.14872e-08
0.2    0.2    0.2    0.2    0.2    3.69 	-0.0005816 	-1.1596e-05 	0.00230996 	3.67265e-15 	3.13451e-15 	-3.17321e-15 	2.41926e-15 	-2.10716e-15 	2.75021e-15 	8.80572e-09 	-4.40037e-11 	7.76e-09 	3.61508e-12 	-1.10274e-10 	1.14872e-08
0.2    0.2    0.2    0.2    0.2    3.78 	0.00961909 	-5.77676e-05 	-0.00589678 	2.37727e-14 	-6.83021e-15 	-1.41069e-14 	1.83906e-15 	4.13463e-15 	4.5293e-15 	1.5614e-09 	-4.40159e-11 	-8.98894e-09 	1.76734e-12 	2.57817e-10 	1.13586e-07
0.2    0.2    0.2    0.2    0.2    3.87 	0.00961909 	-5.77676e-05 	-0.00589678 	2.37727e-14 	-6.83021e-15 	-1.41069e-14 	1.83906e-15 	4.13463e-15 	4.5293e-15 	1.5614e-09 	-4.40159e-11 	-8.98894e-09 	1.76734e-12 	2.57817e-10 	1.13586e-07
0.2    0.2    0.2    0.2    0.2    3.96 	0.000240577 	-3.17807e-05 	0.01593 	2.43616e-15 	-1.2182e-15 	6.47937e-15 	1.43662e-15 	-6.98731e-15 	2.09444e-14 	5.15807e-08 	-4.19078e-10 	4.09206e-08 	3.70482e-12 	-3.71833e-10 	3.8865e-08
0.2    0.2    0.2    0.2    0.2    4.05 	0.000240577 	-3.17807e-05 	0.01593 	2.43616e-15 	-1.2182e-15 	6.47937e-15 	1.43662e-15 	-6.98731e-15 	2.09444e-14 	5.15807e-08 	-4.19078e-10 	4.09206e-08 	3.70482e-12 	-3.71833e-10 	3.8865e-08
0.2    0.2    0.2    0.2    0.2    4.14 	0.00069035 	5.1252e-05 	0.00371134 	1e-15 	-5.67887e-17 	4.43233e-16 	1e-15 	-1.92514e-15 	5.23673e-15 	5.28273e-08 	-9.10377e-10 	-4.30099e-08 	2.52884e-11 	7.60997e-10 	3.51666e-08
0.2    0.2    0.2    0.2    0.2    4.23 	0.00069035 	5.1252e-05 	0.00371134 	1e-15 	-5.67887e-17 	4.43233e-16 	1e-15 	-1.92514e-15 	5.23673e-15 	5.28273e-08 	-9.10377e-10 	-4.30099e-08 	2.52884e-11 	7.60997e-10 	3.51666e-08
0.2    0.2    0.2    0.2    0.2    4.32 	-0.0019734 	-3.47583e-05 	0.00167991 	2.01942e-15 	8.23857e-16 	2.50999e-16 	1e-15 	-3.03546e-16 	1.72643e-15 	5.68065e-09 	-2.85514e-11 	-3.39263e-09 	6.16525e-12 	-5.83594e-11 	4.91352e-09
0.2    0.2    0.2    0.2    0.2    4.41 	-0.0019734 	-3.47583e-05 	0.00167991 	2.01942e-15 	8.23857e-16 	2.50999e-16 	1e-15 	-3.03546e-16 	1.72643e-15 	5.68065e-09 	-2.85514e-11 	-3.39263e-09 	6.16525e-12 	-5.83594e-11 	4.91352e-09
0.2    0.2    0.2    0.2    0.2    4.5 	-0.0019734 	-3.47583e-05 	0.00167991 	2.01942e-15 	8.23857e-16 	2.50999e-16 	1e-15 	-3.03546e-16 	1.72643e-15 	5.68065e-09 	-2.85514e-11 	-3.39263e-09 	6.16525e-12 	-5.83594e-11 	4.91352e-09
0.3    0.3    0.3    0.3    0.3    0 	0.00124133 	3.43755e-05 	0.00266171 	1.33786e-15 	1.62599e-16 	1.25579e-15 	1e-15 	7.93154e-16 	2.20409e-15 	2.73225e-08 	-1.30694e-10 	4.29466e-08 	6.89453e-13 	-1.99611e-10 	7.23033e-08
0.3    0.3    0.3    0.3    0.3    0.09 	0.00124133 	3.43755e-05 	0.00266171 	1.33786e-15 	1.62599e-16 	1.25579e-15 	1e-15 	7.93154e-16 	2.20409e-15 	2.73225e-08 	-1.30694e-10 	4.29466e-08 	6.89453e-13 	-1.99611e-10 	7.23033e-08
0.3    0.3    0.3    0.3    0.3    0.18 	0.00124133 	3.43755e-05 	0.00266171 	1.33786e-15 	1.62599e-16 	1.25579e-15 	1e-15 	7.93154e-16 	2.20409e-15 	2.73225e-08 	-1.30694e-10 	4.29466e-08 	6.89453e-13 	-1.99611e-10 	7.23033e-08
0.3    0.3    0.3    0.3    0.3    0.27 	0.00067619 	-2.63576e-06 	-0.00842528 	6.6454e-15 	-1.40907e-16 	6.43979e-15 	1.31828e-15 	7.98335e-15 	2.52097e-14 	4.12861e-08 	1.01715e-10 	5.45471e-09 	2.13696e-12 	6.20279e-11 	4.01503e-09
0.3    0.3    0.3    0.3    0.3    0.36 	0.00067619 	-2.63576e-06 	-0.00842528 	6.6454e-15 	-1.40907e-16 	6.43979e-15 	1.31828e-15 	7.98335e-15 	2.52097e-14 	4.12861e-08 	1.01715e-10 	5.45471e-09 	2.13696e-12 	6.20279e-11 	4.01503e-09
0.3    0.3    0.3    0.3    0.3    0.45 	0.0100297 	-5.91469e-05 	0.00597302 	1.76272e-13 	-4.57072e-14 	2.55765e-14 	1.9143e-14 	-9.27541e-15 	1.67651e-14 	5.62802e-08 	2.23062e-10 	8.1233e-08 	1.17626e-12 	3.3952e-10 	1.21666e-07
0.3    0.3    0.3    0.3    0.3    0.54 	0.0100297 	-5.91469e-05 	0.00597302 	1.76272e-13 	-4.57072e-14 	2.55765e-14 	1.9143e-14 	-9.27541e-15 	1.67651e-14 	5.62802e-08 	2.23062e-10 	8.1233e-08 	1.17626e-12 	3.3952e-10 	1.21666e-07
0.3    0.3    0.3    0.3    0.3    0.63 	-0.00108432 	2.36352e-05 	0.00272985 	5.96546e-15 	-1.83683e-15 	6.23911e-16 	1.05156e-15 	-1.49827e-15 	2.52347e-15 	1.27365e-08 	7.27372e-11 	2.04708e-08 	1.40015e-12 	1.13094e-10 	3.53468e-08
0.3    0.3    0.3    0.3    0.3    0.72 	-0.00108432 	2.36352e-05 	0.00272985 	5.96546e-15 	-1.83683e-15 	6.23911e-16 	1.05156e-15 	-1.49827e-15 	2.52347e-15 	1.27365e-08 	7.27372e-11 	2.04708e-08 	1.40015e-12 	1.13094e-10 	3.53468e-08
0.3    0.3    0.3    0.3    0.3    0.81 	-0.000666073 	2.42507e-06 	-0.000139424 	1e-15 	1.34041e-16 	3.9287e-17 	1e-15 	7.18042e-17 	1e-15 	1.78717e-08 	-8.64339e-12 	1.56813e-08 	1.53754e-12 	1.59736e-12 	1.44598e-08
0.3    0.3    0.3    0.3    0.3    0.9 	-0.000666073 	2.42507e-06 	-0.000139424 	1e-15 	1.34041e-16 	3.9287e-17 	1e-15 	7.18042e-17 	1e-15 	1.78717e-08 	-8.64339e-12 	1.56813e-08 	1.53754e-12 	1.59736e-12 	1.44598e-08
0.3    0.3    0.3    0.3    0.3    0.99 	0.000470208 	2.8162e-05 	0.00140688 	1.00577e-15 	-4.5749e-16 	1.48109e-15 	1e-15 	-1.02479e-15 	2.19365e-15 	1.14517e-08 	-1.43611e-11 	-7.97313e-09 	3.09223e-12 	1.83598e-11 	8.01055e-09
0.3    0.3    0.3    0.3    0.3    1.08 	0.000470208 	2.8162e-05 	0.00140688 	1.00577e-15 	-4.5749e-16 	1.48109e-15 	1e-15 	-1.02479e-15 	2.19365e-15 	1.14517e-08 	-1.43611e-11 	-7.97313e-09 	3.09223e-12 	1.83598e-11 	8.01055e-09
0.3    0.3    0.3    0.3    0.3    1.17 	0.000470208 	2.8162e-05 	0.00140688 	1.00577e-15 	-4.5749e-16 	1.48109e-15 	1e-15 	-1.02479e-15 	2.19365e-15 	1.14517e-08 	-1.43611e-11 	-7.97313e-09 	3.09223e-12 	1.83598e-11 	8.01055e-09
0.3    0.3    0.3    0.3    0.3    1.26 	-0.00055852 	2.58161e-05 	-0.00280412 	1e-15 	1.58931e-16 	-1.91289e-16 	1e-15 	1.80256e-16 	1e-15 	3.05738e-08 	-1.36738e-10 	-3.72557e-08 	1.78495e-12 	2.1091e-10 	4.83665e-08
0.3    0.3    0.3    0.3    0.3    1.35 	-0.00055852 	2.58161e-05 	-0.00280412 	1e-15 	1.58931e-16 	-1.91289e-16 	1e-15 	1.80256e-16 	1e-15 	3.05738e-08 	-1.36738e-10 	-3.72557e-08 	1.78495e-12 	2.1091e-10 	4.83665e-08
0.3    0.3    0.3    0.3    0.3    1.44 	-0.0019312 	-7.61732e-06 	-0.00484915 	1.61034e-15 	5.59984e-17 	-1.47423e-15 	1e-15 	1.42047e-15 	3.82519e-15 	1.32427e-08 	-2.0073e-10 	-3.37008e-09 	3.42393e-12 	5.4161e-11 	1.02215e-09
0.3    0.3    0.3    0.3    0.3    1.53 	-0.0019312 	-7.61732e-06 	-0.00484915 	1.61034e-15 	5.59984e-17 	-1.47423e-15 	1e-15 	1.42047e-15 	3.82519e-15 	1.32427e-08 	-2.0073e-10 	-3.37008e-09 	3.42393e-12 	5.4161e-11 	1.02215e-09
0.3    0.3    0.3    0.3    0.3    1.62 	-0.00125831 	-5.83444e-06 	0.00637563 	1.99247e-15 	1.01749e-15 	-8.91375e-15 	1e-15 	-5.29523e-15 	1.8884e-14 	2.14116e-09 	-4.3347e-11 	-1.55768e-09 	9.90839e-13 	3.1359e-11 	1.13836e-09
0.3    0.3    0.3    0.3    0.3    1.71 	-0.00125831 	-5.83444e-06 	0.00637563 	1.99247e-15 	1.01749e-15 	-8.91375e-15 	1e-15 	-5.29523e-15 	1.8884e-14 	2.14116e-09 	-4.3347e-11 	-1.55768e-09 	9.90839e-13 	3.1359e-11 	1.13836e-09
0.3    0.3    0.3    0.3    0.3    1.8 	-0.00236763 	9.20002e-06 	-0.000952818 	1.46924e-15 	5.02791e-16 	-5.56842e-16 	1e-15 	-2.18765e-16 	1.48629e-15 	1.75299e-09 	-2.29675e-11 	2.03282e-09 	4.25152e-13 	-2.44368e-11 	3.80947e-09
0.3    0.3    0.3    0.3    0.3    1.89 	-0.00236763 	9.20002e-06 	-0.000952818 	1.46924e-15 	5.02791e-16 	-5.56842e-16 	1e-15 	-2.18765e-16 	1.48629e-15 	1.75299e-09 	-2.29675e-11 	2.03282e-09 	4.25152e-13 	-2.44368e-11 	3.80947e-09
0.3    0.3    0.3    0.3    0.3    1.98 	-0.00409621 	8.69247e-06 	0.00344407 	1.90379e-15 	6.58473e-16 	-1.82737e-16 	1e-15 	8.3626e-18 	1e-15 	7.94994e-09 	-1.07378e-11 	2.4136e-09 	6.41399e-14 	-1.06251e-11 	2.90356e-09
0.3    0.3    0.3    0.3    0.3    2.07 	-0.00409621 	8.69247e-06 	0.00344407 	1.90379e-15 	6.58473e-16 	-1.82737e-16 	1e-15 	8.3626e-18 	1e-15 	7.94994e-09 	-1.07378e-11 	2.4136e-09 	6.41399e-14 	-1.06251e-11 	2.90356e-09
0.3    0.3    0.3    0.3    0.3    2.16 	-0.000372927 	1.74742e-05 	-0.00245033 	3.45844e-15 	-1.30041e-15 	-3.11062e-15 	1.05894e-15 	2.79927e-15 	3.52571e-15 	3.48118e-10 	4.18954e-12 	-5.05612e-10 	2.32231e-12 	1.0371e-10 	8.8587e-09
0.3    0.3    0.3    0.3    0.3    2.25 	-0.000372927 	1.74742e-05 	-0.00245033 	3.45844e-15 	-1.30041e-15 	-3.11062e-15 	1.05894e-15 	2.79927e-15 	3.52571e-15 	3.48118e-10 	4.18954e-12 	-5.05612e-10 	2.32231e-12 	1.0371e-10 	8.8587e-09
0.3    0.3    0.3    0.3    0.3    2.34 	-0.000372927 	1.74742e-05 	-0.00245033 	3.45844e-15 	-1.30041e-15 	-3.11062e-15 	1.05894e-15 	2.79927e-15 	3.52571e-15 	3.48118e-10 	4.18954e-12 	-5.05612e-10 	2.32231e-12 	1.0371e-10 	8.8587e-09
0.3    0.3    0.3    0.3    0.3    2.43 	-0.00341399 	-1.24522e-05 	-0.00059987 	4.83856e-15 	1.33653e-15 	-4.41285e-15 	1e-15 	-1.01787e-15 	1.99986e-15 	5.02981e-09 	-1.21169e-11 	-4.24915e-09 	3.5977e-12 	-6.23219e-12 	3.76667e-09
0.3    0.3    0.3    0.3    0.3    2.52 	-0.00341399 	-1.24522e-05 	-0.00059987 	4.83856e-15 	1.33653e-15 	-4.41285e-15 	1e-15 	-1.01787e-15 	1.99986e-15 	5.02981e-09 	-1.21169e-11 	-4.24915e-09 	3.5977e-12 	-6.23219e-12 	3.76667e-09
0.3    0.3    0.3    0.3    0.3    2.61 	-0.00234995 	-8.23953e-06 	0.00614897 	1e-15 	1.15721e-16 	-6.16447e-16 	1e-15 	-5.20928e-16 	1e-15 	5.69981e-09 	-2.59706e-11 	-3.08836e-08 	4.56161e-13 	1.14324e-10 	1.70489e-07
0.3    0.3    0.3    0.3    0.3    2.7 	-0.00234995 	-8.23953e-06 	0.00614897 	1e-15 	1.15721e-16 	-6.16447e-16 	1e-15 	-5.20928e-16 	1e-15 	5.69981e-09 	-2.59706e-11 	-3.08836e-08 	4.56161e-13 	1.14324e-10 	1.70489e-07
0.3    0.3    0.3    0.3    0.3    2.79 	-0.00661112 	4.11503e-05 	-0.00142578 	1.70355e-15 	5.59512e-16 	-2.5431e-16 	1e-15 	-6.79785e-17 	1e-15 	6.4064e-08 	-1.49062e-10 	1.02444e-07 	1.49059e-11 	9.61671e-12 	1.77364e-07
0.3    0.3    0.3    0.3    0.3    2.88 	-0.00661112 	4.11503e-05 	-0.00142578 	1.70355e-15 	5.59512e-16 	-2.5431e-16 	1e-15 	-6.79785e-17 	1e-15 	6.4064e-08 	-1.49062e-10 	1.02444e-07 	1.49059e-11 	9.61671e-12 	1.77364e-07
0.3    0.3    0.3    0.3    0.3    2.97 	-0.000427506 	-2.0503e-05 	0.000247904 	1e-15 	1.37239e-16 	7.58535e-17 	1e-15 	5.90293e-17 	1e-15 	6.16595e-09 	-2.05391e-11 	4.60612e-09 	2.11047e-11 	-6.10212e-11 	3.64911e-09
0.3    0.3    0.3    0.3    0.3    3.06 	-0.000427506 	-2.0503e-05 	0.000247904 	1e-15 	1.37239e-16 	7.58535e-17 	1e-15 	5.90293e-17 	1e-15 	6.16595e-09 	-2.05391e-11 	4.60612e-09 	2.11047e-11 	-6.10212e-11 	3.64911e-09
0.3    0.3    0.3    0.3    0.3    3.15 	-0.00158107 	8.22809e-05 	-0.00228343 	4.73015e-15 	1.33455e-15 	2.95838e-15 	1e-15 	1.17807e-15 	2.6835e-15 	8.34553e-09 	-2.24873e-10 	4.85516e-09 	1.68744e-11 	-2.07065e-10 	6.75703e-09
0.3    0.3    0.3    0.3    0.3    3.24 	-0.00158107 	8.22809e-05 	-0.00228343 	4.73015e-15 	1.33455e-15 	2.95838e-15 	1e-15 	1.17807e-15 	2.6835e-15 	8.34553e-09 	-2.24873e-10 	4.85516e-09 	1.68744e-11 	-2.07065e-10 	6.75703e-09
0.3    0.3    0.3    0.3    0.3    3.33 	-0.00376896 	6.75688e-06 	-0.00983475 	8.04351e-15 	2.62888e-15 	4.54105e-15 	1.42505e-15 	3.93234e-15 	7.22838e-15 	5.47711e-08 	-2.64726e-10 	2.50594e-08 	8.70901e-12 	-1.29932e-10 	1.41752e-08
0.3    0.3    0.3    0.3    0.3    3.42 	-0.00376896 	6.75688e-06 	-0.00983475 	8.04351e-15 	2.62888e-15 	4.54105e-15 	1.42505e-15 	3.93234e-15 	7.22838e-15 	5.47711e-08 	-2.64726e-10 	2.50594e-08 	8.70901e-12 	-1.29932e-10 	1.41752e-08
0.3    0.3    0.3    0.3    0.3    3.51 	-0.00376896 	6.75688e-06 	-0.00983475 	8.04351e-15 	2.62888e-15 	4.54105e-15 	1.42505e-15 	3.93234e-15 	7.22838e-15 	5.47711e-08 	-2.64726e-10 	2.50594e-08 	8.70901e-12 	-1.29932e-10 	1.41752e-08
0.3    0.3    0.3    0.3    0.3    3.6 	-0.0004049 	-1.13018e-05 	0.00228825 	4.19454e-15 	3.0332e-15 	-3.07715e-15 	2.71173e-15 	-2.02503e-15 	3.07664e-15 	2.47853e-08 	-7.41245e-11 	1.16234e-08 	2.53344e-12 	-9.06773e-11 	1.0064e-08
0.3    0.3    0.3    0.3    0.3    3.69 	-0.0004049 	-1.13018e-05 	0.00228825 	4.19454e-15 	3.0332e-15 	-3.07715e-15 	2.71173e-15 	-2.02503e-15 	3.07664e-15 	2.47853e-08 	-7.41245e-11 	1.16234e-08 	2.53344e-12 	-9.06773e-11 	1.0064e-08
0.3    0.3    0.3    0.3    0.3    3.78 	0.00953785 	-5.5414e-05 	-0.00612857 	2.62732e-14 	-7.0901e-15 	-1.48534e-14 	2.12789e-15 	4.28999e-15 	5.45234e-15 	1.89946e-09 	-5.59478e-11 	2.04228e-09 	2.00361e-12 	-8.02615e-11 	1.61382e-07
0.3    0.3    0.3    0.3    0.3    3.87 	0.00953785 	-5.5414e-05 	-0.00612857 	2.62732e-14 	-7.0901e-15 	-1.48534e-14 	2.12789e-15 	4.28999e-15 	5.45234e-15 	1.89946e-09 	-5.59478e-11 	2.04228e-09 	2.00361e-12 	-8.02615e-11 	1.61382e-07
0.3    0.3    0.3    0.3    0.3    3.96 	0.000451661 	-3.09923e-05 	0.0158171 	2.84438e-15 	-1.24575e-15 	6.4476e-15 	1.60912e-15 	-6.88808e-15 	2.16099e-14 	8.40528e-08 	-4.2141e-10 	3.73739e-08 	2.93157e-12 	-2.83078e-10 	2.86825e-08
0.3    0.3    0.3    0.3    0.3    4.05 	0.000451661 	-3.09923e-05 	0.0158171 	2.84438e-15 	-1.24575e-15 	6.4476e-15 	1.60912e-15 	-6.88808e-15 	2.16099e-14 	8.40528e-08 	-4.2141e-10 	3.73739e-08 	2.93157e-12 	-2.83078e-10 	2.86825e-08
0.3    0.3    0.3    0.3    0.3    4.14 	0.000612897 	5.15778e-05 	0.00366738 	1e-15 	-6.66181e-17 	4.70799e-16 	1e-15 	-1.87491e-15 	6.09168e-15 	4.22558e-08 	-6.68941e-10 	-3.71715e-08 	1.7411e-11 	5.83932e-10 	3.42783e-08
0.3    0.3    0.3    0.3    0.3    4.23 	0.000612897 	5.15778e-05 	0.00366738 	1e-15 	-6.66181e-17 	4.70799e-16 	1e-15 	-1.87491e-15 	6.09168e-15 	4.22558e-08 	-6.68941e-10 	-3.71715e-08 	1.7411e-11 	5.83932e-10 	3.42783e-08
0.3    0.3    0.3    0.3    0.3    4.32 	-0.00197255 	-3.3518e-05 	0.00176563 	2.32188e-15 	8.32917e-16 	2.28957e-16 	1e-15 	-3.07259e-16 	1.92725e-15 	4.54117e-09 	-2.27635e-11 	-4.56785e-09 	4.17236e-12 	-2.44705e-11 	1.05434e-08
0.3    0.3    0.3    0.3    0.3    4.41 	-0.00197255 	-3.3518e-05 	0.00176563 	2.32188e-15 	8.32917e-16 	2.28957e-16 	1e-15 	-3.07259e-16 	1.92725e-15 	4.54117e-09 	-2.27635e-11 	-4.56785e-09 	4.17236e-12 	-2.44705e-11 	1.05434e-08
0.3    0.3    0.3    0.3    0.3    4.5 	-0.00197255 	-3.3518e-05 	0.00176563 	2.32188e-15 	8.32917e-16 	2.28957e-16 	1e-15 	-3.07259e-16 	1.92725e-15 	4.54117e-09 	-2.27635e-11 	-4.56785e-09 	4.17236e-12 	-2.44705e-11 	1.05434e-08
