0.1    0.1    0.1    0.1    0.1    0 	0.151505 	0.00136423 	0.0640996 	6.23344e-13 	-1.32755e-13 	3.99288e-14 	1.13579e-13 	1.85431e-14 	1.84313e-13 	6.2635e-09 	-6.38489e-09 	-3.0023e-08 	6.55199e-09 	2.8561e-08 	2.41716e-07
0.1    0.1    0.1    0.1    0.1    0.09 	0.151505 	0.00136423 	0.0640996 	6.23344e-13 	-1.32755e-13 	3.99288e-14 	1.13579e-13 	1.85431e-14 	1.84313e-13 	6.2635e-09 	-6.38489e-09 	-3.0023e-08 	6.55199e-09 	2.8561e-08 	2.41716e-07
0.1    0.1    0.1    0.1    0.1    0.18 	0.151505 	0.00136423 	0.0640996 	6.23344e-13 	-1.32755e-13 	3.99288e-14 	1.13579e-13 	1.85431e-14 	1.84313e-13 	6.2635e-09 	-6.38489e-09 	-3.0023e-08 	6.55199e-09 	2.8561e-08 	2.41716e-07
0.1    0.1    0.1    0.1    0.1    0.27 	0.119701 	-0.043213 	-0.0135563 	1.04273e-12 	-5.32979e-13 	-2.75557e-13 	3.21439e-13 	3.41173e-14 	1.19643e-13 	1.49867e-07 	-1.35719e-08 	1.94423e-07 	3.1821e-09 	-1.5824e-08 	2.53936e-07
0.1    0.1    0.1    0.1    0.1    0.36 	0.119701 	-0.043213 	-0.0135563 	1.04273e-12 	-5.32979e-13 	-2.75557e-13 	3.21439e-13 	3.41173e-14 	1.19643e-13 	1.49867e-07 	-1.35719e-08 	1.94423e-07 	3.1821e-09 	-1.5824e-08 	2.53936e-07
0.1    0.1    0.1    0.1    0.1    0.45 	0.0483727 	0.0123095 	0.0336522 	5.44454e-13 	-1.99282e-13 	-9.60112e-14 	1.85788e-13 	2.87135e-14 	1.26211e-13 	6.30581e-08 	-3.79541e-08 	1.10356e-08 	2.28708e-08 	-6.57988e-09 	2.08011e-09
0.1    0.1    0.1    0.1    0.1    0.54 	0.0483727 	0.0123095 	0.0336522 	5.44454e-13 	-1.99282e-13 	-9.60112e-14 	1.85788e-13 	2.87135e-14 	1.26211e-13 	6.30581e-08 	-3.79541e-08 	1.10356e-08 	2.28708e-08 	-6.57988e-09 	2.08011e-09
0.1    0.1    0.1    0.1    0.1    0.63 	0.080678 	-0.0215757 	0.01497 	2.87111e-13 	-1.13593e-13 	-1.35512e-15 	1.55553e-13 	4.47446e-15 	1.615e-13 	1.44526e-08 	-2.2997e-08 	-4.70133e-08 	3.73429e-08 	7.56163e-08 	1.53861e-07
0.1    0.1    0.1    0.1    0.1    0.72 	0.080678 	-0.0215757 	0.01497 	2.87111e-13 	-1.13593e-13 	-1.35512e-15 	1.55553e-13 	4.47446e-15 	1.615e-13 	1.44526e-08 	-2.2997e-08 	-4.70133e-08 	3.73429e-08 	7.56163e-08 	1.53861e-07
0.1    0.1    0.1    0.1    0.1    0.81 	0.0970473 	-0.0017571 	0.0154432 	5.14612e-13 	-1.60754e-13 	3.41083e-14 	1.17081e-13 	1.55337e-14 	1.579e-13 	9.85954e-08 	-9.82384e-08 	1.18738e-07 	9.80038e-08 	-1.18462e-07 	1.43192e-07
0.1    0.1    0.1    0.1    0.1    0.9 	0.0970473 	-0.0017571 	0.0154432 	5.14612e-13 	-1.60754e-13 	3.41083e-14 	1.17081e-13 	1.55337e-14 	1.579e-13 	9.85954e-08 	-9.82384e-08 	1.18738e-07 	9.80038e-08 	-1.18462e-07 	1.43192e-07
0.1    0.1    0.1    0.1    0.1    0.99 	0.0947613 	-0.0453449 	-0.00131618 	7.20046e-13 	-3.12936e-13 	8.54557e-14 	2.36252e-13 	-2.85069e-14 	1.75619e-13 	1.93968e-07 	-4.01708e-08 	1.12688e-07 	8.57631e-09 	-2.29744e-08 	6.61089e-08
0.1    0.1    0.1    0.1    0.1    1.08 	0.0947613 	-0.0453449 	-0.00131618 	7.20046e-13 	-3.12936e-13 	8.54557e-14 	2.36252e-13 	-2.85069e-14 	1.75619e-13 	1.93968e-07 	-4.01708e-08 	1.12688e-07 	8.57631e-09 	-2.29744e-08 	6.61089e-08
0.1    0.1    0.1    0.1    0.1    1.17 	0.0947613 	-0.0453449 	-0.00131618 	7.20046e-13 	-3.12936e-13 	8.54557e-14 	2.36252e-13 	-2.85069e-14 	1.75619e-13 	1.93968e-07 	-4.01708e-08 	1.12688e-07 	8.57631e-09 	-2.29744e-08 	6.61089e-08
0.1    0.1    0.1    0.1    0.1    1.26 	0.076373 	0.00902211 	0.0300872 	9.87299e-13 	-3.29828e-13 	-2.20326e-15 	1.09135e-13 	-1.35091e-14 	1.97696e-13 	3.68911e-08 	-5.60238e-08 	1.46104e-07 	8.54764e-08 	-2.22326e-07 	5.79222e-07
0.1    0.1    0.1    0.1    0.1    1.35 	0.076373 	0.00902211 	0.0300872 	9.87299e-13 	-3.29828e-13 	-2.20326e-15 	1.09135e-13 	-1.35091e-14 	1.97696e-13 	3.68911e-08 	-5.60238e-08 	1.46104e-07 	8.54764e-08 	-2.22326e-07 	5.79222e-07
0.1    0.1    0.1    0.1    0.1    1.44 	0.0347123 	0.0387228 	-0.0577144 	1.96643e-12 	-4.4449e-13 	-1.51815e-13 	1.59451e-13 	-2.01158e-14 	1.56564e-13 	9.87908e-07 	-5.18945e-07 	-2.06533e-07 	2.72991e-07 	1.08175e-07 	4.34481e-08
0.1    0.1    0.1    0.1    0.1    1.53 	0.0347123 	0.0387228 	-0.0577144 	1.96643e-12 	-4.4449e-13 	-1.51815e-13 	1.59451e-13 	-2.01158e-14 	1.56564e-13 	9.87908e-07 	-5.18945e-07 	-2.06533e-07 	2.72991e-07 	1.08175e-07 	4.34481e-08
0.1    0.1    0.1    0.1    0.1    1.62 	0.143208 	-0.0133076 	0.0620226 	1.22779e-12 	-3.34939e-13 	-1.93701e-13 	2.47496e-13 	7.29033e-14 	1.52257e-13 	2.29615e-08 	-7.01939e-08 	3.04743e-08 	2.80724e-07 	-9.67773e-08 	4.06626e-08
0.1    0.1    0.1    0.1    0.1    1.71 	0.143208 	-0.0133076 	0.0620226 	1.22779e-12 	-3.34939e-13 	-1.93701e-13 	2.47496e-13 	7.29033e-14 	1.52257e-13 	2.29615e-08 	-7.01939e-08 	3.04743e-08 	2.80724e-07 	-9.67773e-08 	4.06626e-08
0.1    0.1    0.1    0.1    0.1    1.8 	0.0847798 	-0.0633951 	-0.019118 	7.2202e-13 	-3.23191e-13 	-1.45184e-13 	2.09014e-13 	5.32303e-15 	2.27484e-13 	4.92912e-07 	1.66901e-07 	2.53223e-07 	5.70671e-08 	8.5685e-08 	1.30099e-07
0.1    0.1    0.1    0.1    0.1    1.89 	0.0847798 	-0.0633951 	-0.019118 	7.2202e-13 	-3.23191e-13 	-1.45184e-13 	2.09014e-13 	5.32303e-15 	2.27484e-13 	4.92912e-07 	1.66901e-07 	2.53223e-07 	5.70671e-08 	8.5685e-08 	1.30099e-07
0.1    0.1    0.1    0.1    0.1    1.98 	0.0800277 	-0.0148926 	0.0344405 	1.29431e-12 	-3.12033e-13 	-5.23914e-14 	1.84362e-13 	-1.08024e-13 	2.7754e-13 	1.11423e-08 	-2.51122e-08 	-2.54243e-08 	5.91147e-08 	6.16204e-08 	6.55315e-08
0.1    0.1    0.1    0.1    0.1    2.07 	0.0800277 	-0.0148926 	0.0344405 	1.29431e-12 	-3.12033e-13 	-5.23914e-14 	1.84362e-13 	-1.08024e-13 	2.7754e-13 	1.11423e-08 	-2.51122e-08 	-2.54243e-08 	5.91147e-08 	6.16204e-08 	6.55315e-08
0.1    0.1    0.1    0.1    0.1    2.16 	0.156208 	0.00969234 	-0.0339237 	8.81223e-13 	-2.6926e-13 	-1.36054e-13 	2.07403e-13 	6.16788e-15 	1.81572e-13 	9.45978e-09 	-5.79023e-08 	2.23709e-08 	3.65053e-07 	-1.3866e-07 	5.31875e-08
0.1    0.1    0.1    0.1    0.1    2.25 	0.156208 	0.00969234 	-0.0339237 	8.81223e-13 	-2.6926e-13 	-1.36054e-13 	2.07403e-13 	6.16788e-15 	1.81572e-13 	9.45978e-09 	-5.79023e-08 	2.23709e-08 	3.65053e-07 	-1.3866e-07 	5.31875e-08
0.1    0.1    0.1    0.1    0.1    2.34 	0.156208 	0.00969234 	-0.0339237 	8.81223e-13 	-2.6926e-13 	-1.36054e-13 	2.07403e-13 	6.16788e-15 	1.81572e-13 	9.45978e-09 	-5.79023e-08 	2.23709e-08 	3.65053e-07 	-1.3866e-07 	5.31875e-08
0.1    0.1    0.1    0.1    0.1    2.43 	0.173349 	-0.0336732 	0.0384621 	4.47396e-13 	-1.55105e-13 	3.05011e-14 	2.06229e-13 	-2.22318e-14 	1.32785e-13 	7.18119e-07 	-4.0403e-07 	-2.14691e-07 	2.44683e-07 	1.27391e-07 	6.67606e-08
0.1    0.1    0.1    0.1    0.1    2.52 	0.173349 	-0.0336732 	0.0384621 	4.47396e-13 	-1.55105e-13 	3.05011e-14 	2.06229e-13 	-2.22318e-14 	1.32785e-13 	7.18119e-07 	-4.0403e-07 	-2.14691e-07 	2.44683e-07 	1.27391e-07 	6.67606e-08
0.1    0.1    0.1    0.1    0.1    2.61 	0.109142 	-0.00582021 	-0.0451824 	4.50465e-13 	-1.13754e-13 	2.54365e-15 	1.46779e-13 	-5.01752e-14 	2.22074e-13 	2.97454e-07 	1.1507e-07 	1.07295e-07 	4.54223e-08 	4.15422e-08 	3.87075e-08
0.1    0.1    0.1    0.1    0.1    2.7 	0.109142 	-0.00582021 	-0.0451824 	4.50465e-13 	-1.13754e-13 	2.54365e-15 	1.46779e-13 	-5.01752e-14 	2.22074e-13 	2.97454e-07 	1.1507e-07 	1.07295e-07 	4.54223e-08 	4.15422e-08 	3.87075e-08
0.1    0.1    0.1    0.1    0.1    2.79 	0.12796 	0.0225765 	-0.0186689 	4.52497e-13 	-1.40094e-13 	4.42827e-15 	1.81058e-13 	-3.36255e-14 	1.70465e-13 	1.08262e-07 	-5.67533e-08 	-2.66937e-07 	3.07884e-08 	1.37751e-07 	6.62913e-07
0.1    0.1    0.1    0.1    0.1    2.88 	0.12796 	0.0225765 	-0.0186689 	4.52497e-13 	-1.40094e-13 	4.42827e-15 	1.81058e-13 	-3.36255e-14 	1.70465e-13 	1.08262e-07 	-5.67533e-08 	-2.66937e-07 	3.07884e-08 	1.37751e-07 	6.62913e-07
0.1    0.1    0.1    0.1    0.1    2.97 	0.126544 	0.0126775 	-0.00940065 	5.84596e-13 	-1.61242e-13 	1.34541e-14 	1.71731e-13 	-5.35369e-14 	2.06327e-13 	8.03061e-08 	-4.25938e-08 	-5.30957e-09 	2.26765e-08 	2.59971e-09 	1.04804e-09
0.1    0.1    0.1    0.1    0.1    3.06 	0.126544 	0.0126775 	-0.00940065 	5.84596e-13 	-1.61242e-13 	1.34541e-14 	1.71731e-13 	-5.35369e-14 	2.06327e-13 	8.03061e-08 	-4.25938e-08 	-5.30957e-09 	2.26765e-08 	2.59971e-09 	1.04804e-09
0.1    0.1    0.1    0.1    0.1    3.15 	0.0313887 	0.00167726 	-0.0485671 	6.7536e-13 	-2.50195e-13 	-2.11329e-14 	2.42107e-13 	-9.86581e-15 	1.95226e-13 	9.35823e-07 	-2.57648e-07 	7.70891e-07 	7.09485e-08 	-2.12277e-07 	6.35154e-07
0.1    0.1    0.1    0.1    0.1    3.24 	0.0313887 	0.00167726 	-0.0485671 	6.7536e-13 	-2.50195e-13 	-2.11329e-14 	2.42107e-13 	-9.86581e-15 	1.95226e-13 	9.35823e-07 	-2.57648e-07 	7.70891e-07 	7.09485e-08 	-2.12277e-07 	6.35154e-07
0.1    0.1    0.1    0.1    0.1    3.33 	0.0235158 	0.0131373 	0.0185401 	6.68999e-13 	-2.36263e-13 	1.61538e-13 	2.16072e-13 	-8.67378e-14 	2.66238e-13 	4.3092e-08 	-5.11616e-08 	-7.68348e-08 	6.28458e-08 	9.04066e-08 	1.37318e-07
0.1    0.1    0.1    0.1    0.1    3.42 	0.0235158 	0.0131373 	0.0185401 	6.68999e-13 	-2.36263e-13 	1.61538e-13 	2.16072e-13 	-8.67378e-14 	2.66238e-13 	4.3092e-08 	-5.11616e-08 	-7.68348e-08 	6.28458e-08 	9.04066e-08 	1.37318e-07
0.1    0.1    0.1    0.1    0.1    3.51 	0.0235158 	0.0131373 	0.0185401 	6.68999e-13 	-2.36263e-13 	1.61538e-13 	2.16072e-13 	-8.67378e-14 	2.66238e-13 	4.3092e-08 	-5.11616e-08 	-7.68348e-08 	6.28458e-08 	9.04066e-08 	1.37318e-07
0.1    0.1    0.1    0.1    0.1    3.6 	0.121587 	-0.0104303 	-0.0540517 	6.75667e-13 	-2.3447e-13 	-4.67746e-14 	1.82566e-13 	1.22391e-14 	2.99862e-13 	3.17509e-08 	2.77375e-08 	-2.89533e-08 	2.45985e-08 	-2.4145e-08 	2.99975e-08
0.1    0.1    0.1    0.1    0.1    3.69 	0.121587 	-0.0104303 	-0.0540517 	6.75667e-13 	-2.3447e-13 	-4.67746e-14 	1.82566e-13 	1.22391e-14 	2.99862e-13 	3.17509e-08 	2.77375e-08 	-2.89533e-08 	2.45985e-08 	-2.4145e-08 	2.99975e-08
0.1    0.1    0.1    0.1    0.1    3.78 	0.0921404 	-0.0124188 	-0.0717762 	1.24716e-12 	-4.21788e-13 	-2.25895e-14 	2.65426e-13 	-3.82262e-14 	1.79479e-13 	1.41286e-07 	-1.91e-07 	1.12297e-08 	2.60444e-07 	-1.51255e-08 	8.94097e-10
0.1    0.1    0.1    0.1    0.1    3.87 	0.0921404 	-0.0124188 	-0.0717762 	1.24716e-12 	-4.21788e-13 	-2.25895e-14 	2.65426e-13 	-3.82262e-14 	1.79479e-13 	1.41286e-07 	-1.91e-07 	1.12297e-08 	2.60444e-07 	-1.51255e-08 	8.94097e-10
0.1    0.1    0.1    0.1    0.1    3.96 	0.0729733 	-0.0145841 	-0.0508675 	1.9247e-12 	-7.97224e-13 	-2.48507e-13 	5.80795e-13 	4.03013e-14 	1.14228e-13 	6.92552e-07 	-3.38853e-07 	-2.71224e-07 	1.66158e-07 	1.33523e-07 	1.0812e-07
0.1    0.1    0.1    0.1    0.1    4.05 	0.0729733 	-0.0145841 	-0.0508675 	1.9247e-12 	-7.97224e-13 	-2.48507e-13 	5.80795e-13 	4.03013e-14 	1.14228e-13 	6.92552e-07 	-3.38853e-07 	-2.71224e-07 	1.66158e-07 	1.33523e-07 	1.0812e-07
0.1    0.1    0.1    0.1    0.1    4.14 	0.0850094 	-0.00245767 	0.0410996 	2.43376e-12 	-9.66945e-13 	-2.298e-14 	6.2771e-13 	2.50458e-14 	2.28809e-13 	1.0937e-06 	-8.33153e-07 	4.88493e-07 	6.34859e-07 	-3.71033e-07 	2.25471e-07
0.1    0.1    0.1    0.1    0.1    4.23 	0.0850094 	-0.00245767 	0.0410996 	2.43376e-12 	-9.66945e-13 	-2.298e-14 	6.2771e-13 	2.50458e-14 	2.28809e-13 	1.0937e-06 	-8.33153e-07 	4.88493e-07 	6.34859e-07 	-3.71033e-07 	2.25471e-07
0.1    0.1    0.1    0.1    0.1    4.32 	0.0561454 	0.000774541 	0.0755624 	1.30886e-12 	-4.75421e-13 	-1.99848e-15 	2.75258e-13 	2.01097e-14 	2.11479e-13 	9.51483e-10 	-4.44206e-10 	2.84289e-09 	1.40501e-09 	-3.32083e-09 	1.18165e-08
0.1    0.1    0.1    0.1    0.1    4.41 	0.0561454 	0.000774541 	0.0755624 	1.30886e-12 	-4.75421e-13 	-1.99848e-15 	2.75258e-13 	2.01097e-14 	2.11479e-13 	9.51483e-10 	-4.44206e-10 	2.84289e-09 	1.40501e-09 	-3.32083e-09 	1.18165e-08
0.1    0.1    0.1    0.1    0.1    4.5 	0.0561454 	0.000774541 	0.0755624 	1.30886e-12 	-4.75421e-13 	-1.99848e-15 	2.75258e-13 	2.01097e-14 	2.11479e-13 	9.51483e-10 	-4.44206e-10 	2.84289e-09 	1.40501e-09 	-3.32083e-09 	1.18165e-08
0.2    0.2    0.2    0.2    0.2    0 	0.150376 	0.0025731 	0.0667229 	6.21405e-13 	-1.35632e-13 	3.87218e-14 	1.14182e-13 	1.94661e-14 	1.85353e-13 	1.94355e-07 	-2.06458e-07 	-5.60404e-07 	2.19348e-07 	5.93637e-07 	1.70151e-06
0.2    0.2    0.2    0.2    0.2    0.09 	0.150376 	0.0025731 	0.0667229 	6.21405e-13 	-1.35632e-13 	3.87218e-14 	1.14182e-13 	1.94661e-14 	1.85353e-13 	1.94355e-07 	-2.06458e-07 	-5.60404e-07 	2.19348e-07 	5.93637e-07 	1.70151e-06
0.2    0.2    0.2    0.2    0.2    0.18 	0.150376 	0.0025731 	0.0667229 	6.21405e-13 	-1.35632e-13 	3.87218e-14 	1.14182e-13 	1.94661e-14 	1.85353e-13 	1.94355e-07 	-2.06458e-07 	-5.60404e-07 	2.19348e-07 	5.93637e-07 	1.70151e-06
0.2    0.2    0.2    0.2    0.2    0.27 	0.120852 	-0.0438047 	-0.0129346 	1.03261e-12 	-5.2723e-13 	-2.69508e-13 	3.17273e-13 	3.24843e-14 	1.22149e-13 	5.01927e-07 	-1.66719e-07 	4.58447e-07 	6.28897e-08 	-1.4009e-07 	4.39646e-07
0.2    0.2    0.2    0.2    0.2    0.36 	0.120852 	-0.0438047 	-0.0129346 	1.03261e-12 	-5.2723e-13 	-2.69508e-13 	3.17273e-13 	3.24843e-14 	1.22149e-13 	5.01927e-07 	-1.66719e-07 	4.58447e-07 	6.28897e-08 	-1.4009e-07 	4.39646e-07
0.2    0.2    0.2    0.2    0.2    0.45 	0.0477535 	0.0126021 	0.0333184 	5.4411e-13 	-2.00067e-13 	-9.51811e-14 	1.86132e-13 	2.84109e-14 	1.26154e-13 	1.80484e-07 	-9.71862e-08 	6.18161e-08 	5.25545e-08 	-3.26737e-08 	2.28788e-08
0.2    0.2    0.2    0.2    0.2    0.54 	0.0477535 	0.0126021 	0.0333184 	5.4411e-13 	-2.00067e-13 	-9.51811e-14 	1.86132e-13 	2.84109e-14 	1.26154e-13 	1.80484e-07 	-9.71862e-08 	6.18161e-08 	5.25545e-08 	-3.26737e-08 	2.28788e-08
0.2    0.2    0.2    0.2    0.2    0.63 	0.0807474 	-0.0216188 	0.0145372 	2.8812e-13 	-1.14396e-13 	-1.43971e-15 	1.56525e-13 	4.51803e-15 	1.60957e-13 	2.03213e-08 	-2.7409e-08 	-6.89239e-08 	3.80965e-08 	9.26394e-08 	2.36335e-07
0.2    0.2    0.2    0.2    0.2    0.72 	0.0807474 	-0.0216188 	0.0145372 	2.8812e-13 	-1.14396e-13 	-1.43971e-15 	1.56525e-13 	4.51803e-15 	1.60957e-13 	2.03213e-08 	-2.7409e-08 	-6.89239e-08 	3.80965e-08 	9.26394e-08 	2.36335e-07
0.2    0.2    0.2    0.2    0.2    0.81 	0.0975619 	-0.00247273 	0.0163791 	5.18687e-13 	-1.61743e-13 	3.36607e-14 	1.17687e-13 	1.60447e-14 	1.58204e-13 	1.97203e-07 	-2.22642e-07 	2.77369e-07 	2.53229e-07 	-3.16024e-07 	3.94557e-07
0.2    0.2    0.2    0.2    0.2    0.9 	0.0975619 	-0.00247273 	0.0163791 	5.18687e-13 	-1.61743e-13 	3.36607e-14 	1.17687e-13 	1.60447e-14 	1.58204e-13 	1.97203e-07 	-2.22642e-07 	2.77369e-07 	2.53229e-07 	-3.16024e-07 	3.94557e-07
0.2    0.2    0.2    0.2    0.2    0.99 	0.0961515 	-0.0460806 	-0.000691844 	7.19021e-13 	-3.1109e-13 	8.72383e-14 	2.35027e-13 	-2.83884e-14 	1.76062e-13 	7.25853e-07 	-2.65992e-07 	3.60438e-07 	1.02595e-07 	-1.29897e-07 	1.80225e-07
0.2    0.2    0.2    0.2    0.2    1.08 	0.0961515 	-0.0460806 	-0.000691844 	7.19021e-13 	-3.1109e-13 	8.72383e-14 	2.35027e-13 	-2.83884e-14 	1.76062e-13 	7.25853e-07 	-2.65992e-07 	3.60438e-07 	1.02595e-07 	-1.29897e-07 	1.80225e-07
0.2    0.2    0.2    0.2    0.2    1.17 	0.0961515 	-0.0460806 	-0.000691844 	7.19021e-13 	-3.1109e-13 	8.72383e-14 	2.35027e-13 	-2.83884e-14 	1.76062e-13 	7.25853e-07 	-2.65992e-07 	3.60438e-07 	1.02595e-07 	-1.29897e-07 	1.80225e-07
0.2    0.2    0.2    0.2    0.2    1.26 	0.0759019 	0.00947011 	0.0283502 	9.87211e-13 	-3.29669e-13 	-1.0819e-14 	1.09313e-13 	-1.33242e-14 	1.98525e-13 	9.3681e-08 	-1.25453e-07 	3.69165e-07 	1.70545e-07 	-4.95885e-07 	1.45599e-06
0.2    0.2    0.2    0.2    0.2    1.35 	0.0759019 	0.00947011 	0.0283502 	9.87211e-13 	-3.29669e-13 	-1.0819e-14 	1.09313e-13 	-1.33242e-14 	1.98525e-13 	9.3681e-08 	-1.25453e-07 	3.69165e-07 	1.70545e-07 	-4.95885e-07 	1.45599e-06
0.2    0.2    0.2    0.2    0.2    1.44 	0.0372015 	0.0375431 	-0.0582404 	2.00663e-12 	-4.55649e-13 	-1.44247e-13 	1.63424e-13 	-2.18192e-14 	1.58629e-13 	2.75675e-06 	-1.36503e-06 	-5.99585e-07 	6.76713e-07 	2.96618e-07 	1.3062e-07
0.2    0.2    0.2    0.2    0.2    1.53 	0.0372015 	0.0375431 	-0.0582404 	2.00663e-12 	-4.55649e-13 	-1.44247e-13 	1.63424e-13 	-2.18192e-14 	1.58629e-13 	2.75675e-06 	-1.36503e-06 	-5.99585e-07 	6.76713e-07 	2.96618e-07 	1.3062e-07
0.2    0.2    0.2    0.2    0.2    1.62 	0.141849 	-0.0113664 	0.0604768 	1.21819e-12 	-3.39398e-13 	-2.05764e-13 	2.49597e-13 	7.48417e-14 	1.52486e-13 	3.52907e-07 	-6.40096e-07 	4.18487e-07 	1.22612e-06 	-7.64756e-07 	4.9684e-07
0.2    0.2    0.2    0.2    0.2    1.71 	0.141849 	-0.0113664 	0.0604768 	1.21819e-12 	-3.39398e-13 	-2.05764e-13 	2.49597e-13 	7.48417e-14 	1.52486e-13 	3.52907e-07 	-6.40096e-07 	4.18487e-07 	1.22612e-06 	-7.64756e-07 	4.9684e-07
0.2    0.2    0.2    0.2    0.2    1.8 	0.0833767 	-0.0642907 	-0.0198001 	7.3135e-13 	-3.25875e-13 	-1.40121e-13 	2.09509e-13 	5.01891e-15 	2.26028e-13 	1.1479e-06 	5.25455e-07 	5.79128e-07 	2.4757e-07 	2.64467e-07 	2.92239e-07
0.2    0.2    0.2    0.2    0.2    1.89 	0.0833767 	-0.0642907 	-0.0198001 	7.3135e-13 	-3.25875e-13 	-1.40121e-13 	2.09509e-13 	5.01891e-15 	2.26028e-13 	1.1479e-06 	5.25455e-07 	5.79128e-07 	2.4757e-07 	2.64467e-07 	2.92239e-07
0.2    0.2    0.2    0.2    0.2    1.98 	0.080456 	-0.0152714 	0.0341103 	1.29953e-12 	-3.12391e-13 	-5.47866e-14 	1.844e-13 	-1.08804e-13 	2.77296e-13 	5.48697e-08 	-7.68237e-08 	-6.897e-08 	1.15158e-07 	1.0571e-07 	9.8318e-08
0.2    0.2    0.2    0.2    0.2    2.07 	0.080456 	-0.0152714 	0.0341103 	1.29953e-12 	-3.12391e-13 	-5.47866e-14 	1.844e-13 	-1.08804e-13 	2.77296e-13 	5.48697e-08 	-7.68237e-08 	-6.897e-08 	1.15158e-07 	1.0571e-07 	9.8318e-08
0.2    0.2    0.2    0.2    0.2    2.16 	0.156376 	0.00797235 	-0.0335447 	8.76691e-13 	-2.70452e-13 	-1.33042e-13 	2.09202e-13 	5.23687e-15 	1.81481e-13 	1.75439e-08 	-1.43333e-07 	4.34036e-08 	1.20617e-06 	-3.56541e-07 	1.07758e-07
0.2    0.2    0.2    0.2    0.2    2.25 	0.156376 	0.00797235 	-0.0335447 	8.76691e-13 	-2.70452e-13 	-1.33042e-13 	2.09202e-13 	5.23687e-15 	1.81481e-13 	1.75439e-08 	-1.43333e-07 	4.34036e-08 	1.20617e-06 	-3.56541e-07 	1.07758e-07
0.2    0.2    0.2    0.2    0.2    2.34 	0.156376 	0.00797235 	-0.0335447 	8.76691e-13 	-2.70452e-13 	-1.33042e-13 	2.09202e-13 	5.23687e-15 	1.81481e-13 	1.75439e-08 	-1.43333e-07 	4.34036e-08 	1.20617e-06 	-3.56541e-07 	1.07758e-07
0.2    0.2    0.2    0.2    0.2    2.43 	0.170515 	-0.0335581 	0.0389511 	4.37539e-13 	-1.54691e-13 	2.77504e-14 	2.07349e-13 	-2.12008e-14 	1.31427e-13 	2.77605e-06 	-7.04969e-07 	-6.05198e-07 	2.39395e-07 	1.69691e-07 	1.36394e-07
0.2    0.2    0.2    0.2    0.2    2.52 	0.170515 	-0.0335581 	0.0389511 	4.37539e-13 	-1.54691e-13 	2.77504e-14 	2.07349e-13 	-2.12008e-14 	1.31427e-13 	2.77605e-06 	-7.04969e-07 	-6.05198e-07 	2.39395e-07 	1.69691e-07 	1.36394e-07
0.2    0.2    0.2    0.2    0.2    2.61 	0.108024 	-0.00576321 	-0.0455119 	4.47713e-13 	-1.14613e-13 	4.51218e-15 	1.47577e-13 	-5.08762e-14 	2.21519e-13 	7.12317e-07 	1.48426e-07 	2.39496e-07 	4.03795e-08 	5.12438e-08 	8.0722e-08
0.2    0.2    0.2    0.2    0.2    2.7 	0.108024 	-0.00576321 	-0.0455119 	4.47713e-13 	-1.14613e-13 	4.51218e-15 	1.47577e-13 	-5.08762e-14 	2.21519e-13 	7.12317e-07 	1.48426e-07 	2.39496e-07 	4.03795e-08 	5.12438e-08 	8.0722e-08
0.2    0.2    0.2    0.2    0.2    2.79 	0.127243 	0.0224404 	-0.0162633 	4.49189e-13 	-1.4101e-13 	6.26562e-15 	1.82234e-13 	-3.40078e-14 	1.70026e-13 	2.61968e-07 	-5.49459e-08 	-7.61117e-07 	2.15696e-08 	1.46263e-07 	2.22984e-06
0.2    0.2    0.2    0.2    0.2    2.88 	0.127243 	0.0224404 	-0.0162633 	4.49189e-13 	-1.4101e-13 	6.26562e-15 	1.82234e-13 	-3.40078e-14 	1.70026e-13 	2.61968e-07 	-5.49459e-08 	-7.61117e-07 	2.15696e-08 	1.46263e-07 	2.22984e-06
0.2    0.2    0.2    0.2    0.2    2.97 	0.125784 	0.0131297 	-0.00980653 	5.8355e-13 	-1.61465e-13 	1.36885e-14 	1.70801e-13 	-5.36955e-14 	2.07773e-13 	2.38861e-07 	-1.36688e-07 	5.57062e-08 	7.83527e-08 	-3.26895e-08 	1.95003e-08
0.2    0.2    0.2    0.2    0.2    3.06 	0.125784 	0.0131297 	-0.00980653 	5.8355e-13 	-1.61465e-13 	1.36885e-14 	1.70801e-13 	-5.36955e-14 	2.07773e-13 	2.38861e-07 	-1.36688e-07 	5.57062e-08 	7.83527e-08 	-3.26895e-08 	1.95003e-08
0.2    0.2    0.2    0.2    0.2    3.15 	0.0295103 	0.00210523 	-0.0499984 	6.79267e-13 	-2.51696e-13 	-2.18351e-14 	2.42188e-13 	-8.72569e-15 	1.93897e-13 	2.11541e-06 	-5.4664e-07 	1.68735e-06 	1.41563e-07 	-4.36446e-07 	1.34653e-06
0.2    0.2    0.2    0.2    0.2    3.24 	0.0295103 	0.00210523 	-0.0499984 	6.79267e-13 	-2.51696e-13 	-2.18351e-14 	2.42188e-13 	-8.72569e-15 	1.93897e-13 	2.11541e-06 	-5.4664e-07 	1.68735e-06 	1.41563e-07 	-4.36446e-07 	1.34653e-06
0.2    0.2    0.2    0.2    0.2    3.33 	0.0236177 	0.0132021 	0.0181965 	6.70004e-13 	-2.36373e-13 	1.60265e-13 	2.1522e-13 	-8.57086e-14 	2.66693e-13 	5.15944e-08 	-4.46768e-08 	-1.01685e-07 	4.43049e-08 	8.46467e-08 	2.02681e-07
0.2    0.2    0.2    0.2    0.2    3.42 	0.0236177 	0.0132021 	0.0181965 	6.70004e-13 	-2.36373e-13 	1.60265e-13 	2.1522e-13 	-8.57086e-14 	2.66693e-13 	5.15944e-08 	-4.46768e-08 	-1.01685e-07 	4.43049e-08 	8.46467e-08 	2.02681e-07
0.2    0.2    0.2    0.2    0.2    3.51 	0.0236177 	0.0132021 	0.0181965 	6.70004e-13 	-2.36373e-13 	1.60265e-13 	2.1522e-13 	-8.57086e-14 	2.66693e-13 	5.15944e-08 	-4.46768e-08 	-1.01685e-07 	4.43049e-08 	8.46467e-08 	2.02681e-07
0.2    0.2    0.2    0.2    0.2    3.6 	0.121195 	-0.0110614 	-0.0544948 	6.77792e-13 	-2.35938e-13 	-4.63441e-14 	1.83279e-13 	1.16379e-14 	3.00138e-13 	8.01711e-08 	9.56758e-08 	4.5675e-10 	1.17313e-07 	9.39675e-09 	2.5056e-08
0.2    0.2    0.2    0.2    0.2    3.69 	0.121195 	-0.0110614 	-0.0544948 	6.77792e-13 	-2.35938e-13 	-4.63441e-14 	1.83279e-13 	1.16379e-14 	3.00138e-13 	8.01711e-08 	9.56758e-08 	4.5675e-10 	1.17313e-07 	9.39675e-09 	2.5056e-08
0.2    0.2    0.2    0.2    0.2    3.78 	0.0931826 	-0.0130908 	-0.0716497 	1.25478e-12 	-4.23454e-13 	-1.49177e-14 	2.66927e-13 	-4.03893e-14 	1.78986e-13 	4.41742e-07 	-4.3911e-07 	4.31966e-08 	4.53124e-07 	-4.20219e-08 	4.27761e-09
0.2    0.2    0.2    0.2    0.2    3.87 	0.0931826 	-0.0130908 	-0.0716497 	1.25478e-12 	-4.23454e-13 	-1.49177e-14 	2.66927e-13 	-4.03893e-14 	1.78986e-13 	4.41742e-07 	-4.3911e-07 	4.31966e-08 	4.53124e-07 	-4.20219e-08 	4.27761e-09
0.2    0.2    0.2    0.2    0.2    3.96 	0.0760927 	-0.0159268 	-0.051469 	1.91561e-12 	-7.91836e-13 	-2.39308e-13 	5.81344e-13 	3.99495e-14 	1.15026e-13 	3.05369e-06 	-1.37788e-06 	-8.28797e-07 	6.22607e-07 	3.7671e-07 	2.33747e-07
0.2    0.2    0.2    0.2    0.2    4.05 	0.0760927 	-0.0159268 	-0.051469 	1.91561e-12 	-7.91836e-13 	-2.39308e-13 	5.81344e-13 	3.99495e-14 	1.15026e-13 	3.05369e-06 	-1.37788e-06 	-8.28797e-07 	6.22607e-07 	3.7671e-07 	2.33747e-07
0.2    0.2    0.2    0.2    0.2    4.14 	0.0884035 	-0.00495316 	0.0413866 	2.46461e-12 	-9.84552e-13 	-1.94097e-14 	6.39535e-13 	2.24509e-14 	2.28626e-13 	4.04448e-06 	-3.05462e-06 	9.83449e-07 	2.30742e-06 	-7.44718e-07 	2.7935e-07
0.2    0.2    0.2    0.2    0.2    4.23 	0.0884035 	-0.00495316 	0.0413866 	2.46461e-12 	-9.84552e-13 	-1.94097e-14 	6.39535e-13 	2.24509e-14 	2.28626e-13 	4.04448e-06 	-3.05462e-06 	9.83449e-07 	2.30742e-06 	-7.44718e-07 	2.7935e-07
0.2    0.2    0.2    0.2    0.2    4.32 	0.0561086 	0.000451169 	0.075781 	1.34047e-12 	-4.86624e-13 	-3.0675e-15 	2.79063e-13 	1.97118e-14 	2.09714e-13 	5.95959e-10 	1.22484e-09 	3.64996e-11 	1.9785e-08 	-2.07064e-08 	2.5591e-08
0.2    0.2    0.2    0.2    0.2    4.41 	0.0561086 	0.000451169 	0.075781 	1.34047e-12 	-4.86624e-13 	-3.0675e-15 	2.79063e-13 	1.97118e-14 	2.09714e-13 	5.95959e-10 	1.22484e-09 	3.64996e-11 	1.9785e-08 	-2.07064e-08 	2.5591e-08
0.2    0.2    0.2    0.2    0.2    4.5 	0.0561086 	0.000451169 	0.075781 	1.34047e-12 	-4.86624e-13 	-3.0675e-15 	2.79063e-13 	1.97118e-14 	2.09714e-13 	5.95959e-10 	1.22484e-09 	3.64996e-11 	1.9785e-08 	-2.07064e-08 	2.5591e-08
0.3    0.3    0.3    0.3    0.3    0 	0.148855 	0.00414726 	0.0695244 	6.20275e-13 	-1.38745e-13 	3.7373e-14 	1.14822e-13 	2.03853e-14 	1.86317e-13 	8.58489e-07 	-9.04773e-07 	-1.98249e-06 	9.53612e-07 	2.0895e-06 	4.69564e-06
0.3    0.3    0.3    0.3    0.3    0.09 	0.148855 	0.00414726 	0.0695244 	6.20275e-13 	-1.38745e-13 	3.7373e-14 	1.14822e-13 	2.03853e-14 	1.86317e-13 	8.58489e-07 	-9.04773e-07 	-1.98249e-06 	9.53612e-07 	2.0895e-06 	4.69564e-06
0.3    0.3    0.3    0.3    0.3    0.18 	0.148855 	0.00414726 	0.0695244 	6.20275e-13 	-1.38745e-13 	3.7373e-14 	1.14822e-13 	2.03853e-14 	1.86317e-13 	8.58489e-07 	-9.04773e-07 	-1.98249e-06 	9.53612e-07 	2.0895e-06 	4.69564e-06
0.3    0.3    0.3    0.3    0.3    0.27 	0.12192 	-0.04441 	-0.0127692 	1.02219e-12 	-5.21146e-13 	-2.6317e-13 	3.12957e-13 	3.08863e-14 	1.24747e-13 	1.02178e-06 	-4.45044e-07 	6.51292e-07 	2.0439e-07 	-2.60392e-07 	4.71226e-07
0.3    0.3    0.3    0.3    0.3    0.36 	0.12192 	-0.04441 	-0.0127692 	1.02219e-12 	-5.21146e-13 	-2.6317e-13 	3.12957e-13 	3.08863e-14 	1.24747e-13 	1.02178e-06 	-4.45044e-07 	6.51292e-07 	2.0439e-07 	-2.60392e-07 	4.71226e-07
0.3    0.3    0.3    0.3    0.3    0.45 	0.0472469 	0.0128281 	0.0329794 	5.43849e-13 	-2.0088e-13 	-9.43684e-14 	1.86514e-13 	2.81388e-14 	1.26137e-13 	3.14332e-07 	-1.58489e-07 	1.43066e-07 	8.02995e-08 	-7.09343e-08 	6.88823e-08
0.3    0.3    0.3    0.3    0.3    0.54 	0.0472469 	0.0128281 	0.0329794 	5.43849e-13 	-2.0088e-13 	-9.43684e-14 	1.86514e-13 	2.81388e-14 	1.26137e-13 	3.14332e-07 	-1.58489e-07 	1.43066e-07 	8.02995e-08 	-7.09343e-08 	6.88823e-08
0.3    0.3    0.3    0.3    0.3    0.63 	0.0805655 	-0.0214721 	0.0143463 	2.89165e-13 	-1.15215e-13 	-1.53072e-15 	1.5749e-13 	4.56784e-15 	1.60398e-13 	1.49792e-08 	-1.97305e-08 	-5.15542e-08 	2.70458e-08 	7.10582e-08 	2.59191e-07
0.3    0.3    0.3    0.3    0.3    0.72 	0.0805655 	-0.0214721 	0.0143463 	2.89165e-13 	-1.15215e-13 	-1.53072e-15 	1.5749e-13 	4.56784e-15 	1.60398e-13 	1.49792e-08 	-1.97305e-08 	-5.15542e-08 	2.70458e-08 	7.10582e-08 	2.59191e-07
0.3    0.3    0.3    0.3    0.3    0.81 	0.0978786 	-0.00309045 	0.0172174 	5.23074e-13 	-1.62822e-13 	3.32925e-14 	1.1834e-13 	1.65112e-14 	1.58488e-13 	2.64208e-07 	-3.37848e-07 	4.32398e-07 	4.39948e-07 	-5.65079e-07 	7.26305e-07
0.3    0.3    0.3    0.3    0.3    0.9 	0.0978786 	-0.00309045 	0.0172174 	5.23074e-13 	-1.62822e-13 	3.32925e-14 	1.1834e-13 	1.65112e-14 	1.58488e-13 	2.64208e-07 	-3.37848e-07 	4.32398e-07 	4.39948e-07 	-5.65079e-07 	7.26305e-07
0.3    0.3    0.3    0.3    0.3    0.99 	0.0972966 	-0.0469683 	-0.000140235 	7.17985e-13 	-3.09134e-13 	8.90172e-14 	2.33651e-13 	-2.82714e-14 	1.76538e-13 	1.40761e-06 	-6.98129e-07 	6.75999e-07 	3.63834e-07 	-3.32356e-07 	3.25676e-07
0.3    0.3    0.3    0.3    0.3    1.08 	0.0972966 	-0.0469683 	-0.000140235 	7.17985e-13 	-3.09134e-13 	8.90172e-14 	2.33651e-13 	-2.82714e-14 	1.76538e-13 	1.40761e-06 	-6.98129e-07 	6.75999e-07 	3.63834e-07 	-3.32356e-07 	3.25676e-07
0.3    0.3    0.3    0.3    0.3    1.17 	0.0972966 	-0.0469683 	-0.000140235 	7.17985e-13 	-3.09134e-13 	8.90172e-14 	2.33651e-13 	-2.82714e-14 	1.76538e-13 	1.40761e-06 	-6.98129e-07 	6.75999e-07 	3.63834e-07 	-3.32356e-07 	3.25676e-07
0.3    0.3    0.3    0.3    0.3    1.26 	0.0753457 	0.00970103 	0.0266976 	9.87245e-13 	-3.29457e-13 	-1.9265e-14 	1.09491e-13 	-1.31844e-14 	1.99358e-13 	2.03072e-07 	-2.00173e-07 	7.32818e-07 	2.11957e-07 	-7.35975e-07 	2.6577e-06
0.3    0.3    0.3    0.3    0.3    1.35 	0.0753457 	0.00970103 	0.0266976 	9.87245e-13 	-3.29457e-13 	-1.9265e-14 	1.09491e-13 	-1.31844e-14 	1.99358e-13 	2.03072e-07 	-2.00173e-07 	7.32818e-07 	2.11957e-07 	-7.35975e-07 	2.6577e-06
0.3    0.3    0.3    0.3    0.3    1.44 	0.0395165 	0.0364406 	-0.0586101 	2.04641e-12 	-4.66897e-13 	-1.35959e-13 	1.67436e-13 	-2.3601e-14 	1.60774e-13 	5.18317e-06 	-2.51744e-06 	-1.05633e-06 	1.22351e-06 	5.13266e-07 	2.1618e-07
0.3    0.3    0.3    0.3    0.3    1.53 	0.0395165 	0.0364406 	-0.0586101 	2.04641e-12 	-4.66897e-13 	-1.35959e-13 	1.67436e-13 	-2.3601e-14 	1.60774e-13 	5.18317e-06 	-2.51744e-06 	-1.05633e-06 	1.22351e-06 	5.13266e-07 	2.1618e-07
0.3    0.3    0.3    0.3    0.3    1.62 	0.140316 	-0.00950362 	0.0587724 	1.2084e-12 	-3.43837e-13 	-2.17103e-13 	2.51643e-13 	7.67093e-14 	1.52678e-13 	1.17712e-06 	-1.76976e-06 	1.34798e-06 	2.73577e-06 	-2.03452e-06 	1.54456e-06
0.3    0.3    0.3    0.3    0.3    1.71 	0.140316 	-0.00950362 	0.0587724 	1.2084e-12 	-3.43837e-13 	-2.17103e-13 	2.51643e-13 	7.67093e-14 	1.52678e-13 	1.17712e-06 	-1.76976e-06 	1.34798e-06 	2.73577e-06 	-2.03452e-06 	1.54456e-06
0.3    0.3    0.3    0.3    0.3    1.8 	0.0823399 	-0.0652021 	-0.0202324 	7.41357e-13 	-3.28791e-13 	-1.35004e-13 	2.10151e-13 	4.68712e-15 	2.24673e-13 	1.76517e-06 	9.98522e-07 	8.60058e-07 	5.87005e-07 	4.83149e-07 	4.19606e-07
0.3    0.3    0.3    0.3    0.3    1.89 	0.0823399 	-0.0652021 	-0.0202324 	7.41357e-13 	-3.28791e-13 	-1.35004e-13 	2.10151e-13 	4.68712e-15 	2.24673e-13 	1.76517e-06 	9.98522e-07 	8.60058e-07 	5.87005e-07 	4.83149e-07 	4.19606e-07
0.3    0.3    0.3    0.3    0.3    1.98 	0.0809038 	-0.0154495 	0.0338137 	1.30474e-12 	-3.12565e-13 	-5.73493e-14 	1.84329e-13 	-1.09487e-13 	2.76973e-13 	1.33499e-07 	-1.30976e-07 	-1.28304e-07 	1.43551e-07 	1.38707e-07 	1.35679e-07
0.3    0.3    0.3    0.3    0.3    2.07 	0.0809038 	-0.0154495 	0.0338137 	1.30474e-12 	-3.12565e-13 	-5.73493e-14 	1.84329e-13 	-1.09487e-13 	2.76973e-13 	1.33499e-07 	-1.30976e-07 	-1.28304e-07 	1.43551e-07 	1.38707e-07 	1.35679e-07
0.3    0.3    0.3    0.3    0.3    2.16 	0.156612 	0.00648841 	-0.0333118 	8.71891e-13 	-2.71539e-13 	-1.29921e-13 	2.10964e-13 	4.31458e-15 	1.81357e-13 	3.41086e-08 	-2.77565e-07 	6.88911e-08 	2.28866e-06 	-5.64899e-07 	1.4423e-07
0.3    0.3    0.3    0.3    0.3    2.25 	0.156612 	0.00648841 	-0.0333118 	8.71891e-13 	-2.71539e-13 	-1.29921e-13 	2.10964e-13 	4.31458e-15 	1.81357e-13 	3.41086e-08 	-2.77565e-07 	6.88911e-08 	2.28866e-06 	-5.64899e-07 	1.4423e-07
0.3    0.3    0.3    0.3    0.3    2.34 	0.156612 	0.00648841 	-0.0333118 	8.71891e-13 	-2.71539e-13 	-1.29921e-13 	2.10964e-13 	4.31458e-15 	1.81357e-13 	3.41086e-08 	-2.77565e-07 	6.88911e-08 	2.28866e-06 	-5.64899e-07 	1.4423e-07
0.3    0.3    0.3    0.3    0.3    2.43 	0.167748 	-0.0337626 	0.0393989 	4.27931e-13 	-1.54283e-13 	2.5026e-14 	2.08519e-13 	-2.01475e-14 	1.30144e-13 	6.04823e-06 	-6.91518e-07 	-1.1611e-06 	1.75017e-07 	1.53657e-07 	2.27756e-07
0.3    0.3    0.3    0.3    0.3    2.52 	0.167748 	-0.0337626 	0.0393989 	4.27931e-13 	-1.54283e-13 	2.5026e-14 	2.08519e-13 	-2.01475e-14 	1.30144e-13 	6.04823e-06 	-6.91518e-07 	-1.1611e-06 	1.75017e-07 	1.53657e-07 	2.27756e-07
0.3    0.3    0.3    0.3    0.3    2.61 	0.10719 	-0.00542666 	-0.0457104 	4.45055e-13 	-1.15526e-13 	6.43767e-15 	1.48423e-13 	-5.15624e-14 	2.20927e-13 	1.10848e-06 	5.54898e-08 	3.44622e-07 	3.22562e-08 	2.18602e-08 	1.0787e-07
0.3    0.3    0.3    0.3    0.3    2.7 	0.10719 	-0.00542666 	-0.0457104 	4.45055e-13 	-1.15526e-13 	6.43767e-15 	1.48423e-13 	-5.15624e-14 	2.20927e-13 	1.10848e-06 	5.54898e-08 	3.44622e-07 	3.22562e-08 	2.18602e-08 	1.0787e-07
0.3    0.3    0.3    0.3    0.3    2.79 	0.12657 	0.022111 	-0.0140293 	4.45952e-13 	-1.41927e-13 	7.96664e-15 	1.83422e-13 	-3.4365e-14 	1.69623e-13 	4.63117e-07 	1.55069e-08 	-1.439e-06 	2.51085e-08 	-7.1223e-08 	4.49512e-06
0.3    0.3    0.3    0.3    0.3    2.88 	0.12657 	0.022111 	-0.0140293 	4.45952e-13 	-1.41927e-13 	7.96664e-15 	1.83422e-13 	-3.4365e-14 	1.69623e-13 	4.63117e-07 	1.55069e-08 	-1.439e-06 	2.51085e-08 	-7.1223e-08 	4.49512e-06
0.3    0.3    0.3    0.3    0.3    2.97 	0.125042 	0.0135259 	-0.0103517 	5.82515e-13 	-1.61694e-13 	1.38848e-14 	1.6986e-13 	-5.38151e-14 	2.09255e-13 	4.7562e-07 	-2.712e-07 	2.04176e-07 	1.54753e-07 	-1.1674e-07 	1.01901e-07
0.3    0.3    0.3    0.3    0.3    3.06 	0.125042 	0.0135259 	-0.0103517 	5.82515e-13 	-1.61694e-13 	1.38848e-14 	1.6986e-13 	-5.38151e-14 	2.09255e-13 	4.7562e-07 	-2.712e-07 	2.04176e-07 	1.54753e-07 	-1.1674e-07 	1.01901e-07
0.3    0.3    0.3    0.3    0.3    3.15 	0.0280697 	0.00233544 	-0.0510388 	6.83321e-13 	-2.53176e-13 	-2.25271e-14 	2.42222e-13 	-7.57948e-15 	1.92617e-13 	3.25319e-06 	-7.67068e-07 	2.52973e-06 	1.82564e-07 	-5.98042e-07 	1.96867e-06
0.3    0.3    0.3    0.3    0.3    3.24 	0.0280697 	0.00233544 	-0.0510388 	6.83321e-13 	-2.53176e-13 	-2.25271e-14 	2.42222e-13 	-7.57948e-15 	1.92617e-13 	3.25319e-06 	-7.67068e-07 	2.52973e-06 	1.82564e-07 	-5.98042e-07 	1.96867e-06
0.3    0.3    0.3    0.3    0.3    3.33 	0.0235237 	0.0133467 	0.0181609 	6.70944e-13 	-2.36444e-13 	1.58869e-13 	2.14317e-13 	-8.46164e-14 	2.6708e-13 	3.98392e-08 	-2.98601e-08 	-8.51762e-08 	3.01491e-08 	5.52222e-08 	1.94103e-07
0.3    0.3    0.3    0.3    0.3    3.42 	0.0235237 	0.0133467 	0.0181609 	6.70944e-13 	-2.36444e-13 	1.58869e-13 	2.14317e-13 	-8.46164e-14 	2.6708e-13 	3.98392e-08 	-2.98601e-08 	-8.51762e-08 	3.01491e-08 	5.52222e-08 	1.94103e-07
0.3    0.3    0.3    0.3    0.3    3.51 	0.0235237 	0.0133467 	0.0181609 	6.70944e-13 	-2.36444e-13 	1.58869e-13 	2.14317e-13 	-8.46164e-14 	2.6708e-13 	3.98392e-08 	-2.98601e-08 	-8.51762e-08 	3.01491e-08 	5.52222e-08 	1.94103e-07
0.3    0.3    0.3    0.3    0.3    3.6 	0.120894 	-0.0117136 	-0.0551933 	6.79769e-13 	-2.3736e-13 	-4.57555e-14 	1.83958e-13 	1.10201e-14 	3.00286e-13 	1.30659e-07 	1.90767e-07 	8.8054e-08 	2.87802e-07 	1.52278e-07 	1.20259e-07
0.3    0.3    0.3    0.3    0.3    3.69 	0.120894 	-0.0117136 	-0.0551933 	6.79769e-13 	-2.3736e-13 	-4.57555e-14 	1.83958e-13 	1.10201e-14 	3.00286e-13 	1.30659e-07 	1.90767e-07 	8.8054e-08 	2.87802e-07 	1.52278e-07 	1.20259e-07
0.3    0.3    0.3    0.3    0.3    3.78 	0.094177 	-0.0134437 	-0.0714645 	1.26166e-12 	-4.24862e-13 	-6.89293e-15 	2.68351e-13 	-4.25498e-14 	1.7859e-13 	8.76825e-07 	-6.6208e-07 	1.08163e-07 	5.38694e-07 	-7.79221e-08 	1.37476e-08
0.3    0.3    0.3    0.3    0.3    3.87 	0.094177 	-0.0134437 	-0.0714645 	1.26166e-12 	-4.24862e-13 	-6.89293e-15 	2.68351e-13 	-4.25498e-14 	1.7859e-13 	8.76825e-07 	-6.6208e-07 	1.08163e-07 	5.38694e-07 	-7.79221e-08 	1.37476e-08
0.3    0.3    0.3    0.3    0.3    3.96 	0.0791987 	-0.0172495 	-0.0519003 	1.90461e-12 	-7.85577e-13 	-2.29635e-13 	5.81415e-13 	3.95406e-14 	1.15875e-13 	7.08843e-06 	-3.11043e-06 	-1.5228e-06 	1.36591e-06 	6.72167e-07 	3.4299e-07
0.3    0.3    0.3    0.3    0.3    4.05 	0.0791987 	-0.0172495 	-0.0519003 	1.90461e-12 	-7.85577e-13 	-2.29635e-13 	5.81415e-13 	3.95406e-14 	1.15875e-13 	7.08843e-06 	-3.11043e-06 	-1.5228e-06 	1.36591e-06 	6.72167e-07 	3.4299e-07
0.3    0.3    0.3    0.3    0.3    4.14 	0.0917552 	-0.00723676 	0.0412726 	2.49392e-12 	-1.0017e-12 	-1.55441e-14 	6.51204e-13 	1.98037e-14 	2.28317e-13 	8.79921e-06 	-6.43415e-06 	1.15067e-06 	4.70784e-06 	-8.5479e-07 	2.30967e-07
0.3    0.3    0.3    0.3    0.3    4.23 	0.0917552 	-0.00723676 	0.0412726 	2.49392e-12 	-1.0017e-12 	-1.55441e-14 	6.51204e-13 	1.98037e-14 	2.28317e-13 	8.79921e-06 	-6.43415e-06 	1.15067e-06 	4.70784e-06 	-8.5479e-07 	2.30967e-07
0.3    0.3    0.3    0.3    0.3    4.32 	0.0561593 	1.26987e-05 	0.075998 	1.37221e-12 	-4.97926e-13 	-4.47034e-15 	2.83021e-13 	1.93134e-14 	2.07952e-13 	4.83007e-10 	4.86015e-10 	1.18084e-10 	7.53207e-08 	-5.58153e-08 	4.56721e-08
0.3    0.3    0.3    0.3    0.3    4.41 	0.0561593 	1.26987e-05 	0.075998 	1.37221e-12 	-4.97926e-13 	-4.47034e-15 	2.83021e-13 	1.93134e-14 	2.07952e-13 	4.83007e-10 	4.86015e-10 	1.18084e-10 	7.53207e-08 	-5.58153e-08 	4.56721e-08
0.3    0.3    0.3    0.3    0.3    4.5 	0.0561593 	1.26987e-05 	0.075998 	1.37221e-12 	-4.97926e-13 	-4.47034e-15 	2.83021e-13 	1.93134e-14 	2.07952e-13 	4.83007e-10 	4.86015e-10 	1.18084e-10 	7.53207e-08 	-5.58153e-08 	4.56721e-08
