0.1      0.1    0.1    0.1    0.1    0 	0.162783 	0.0125262 	-0.00577003 	5.32854e-13 	-1.75997e-13 	3.45504e-14 	1.81173e-13 	-2.56798e-14 	1.67755e-13 	4.50105e-08 	2.39525e-08 	-5.88164e-08 	1.31494e-08 	-3.16741e-08 	7.72099e-08
0.1      0.1    0.1    0.1    0.1    0.09 	0.162783 	0.0125262 	-0.00577003 	5.32854e-13 	-1.75997e-13 	3.45504e-14 	1.81173e-13 	-2.56798e-14 	1.67755e-13 	4.50105e-08 	2.39525e-08 	-5.88164e-08 	1.31494e-08 	-3.16741e-08 	7.72099e-08
0.1      0.1    0.1    0.1    0.1    0.18 	0.162783 	0.0125262 	-0.00577003 	5.32854e-13 	-1.75997e-13 	3.45504e-14 	1.81173e-13 	-2.56798e-14 	1.67755e-13 	4.50105e-08 	2.39525e-08 	-5.88164e-08 	1.31494e-08 	-3.16741e-08 	7.72099e-08
0.1      0.1    0.1    0.1    0.1    0.27 	0.151848 	0.028063 	0.0268728 	4.55535e-13 	-1.32674e-13 	9.82737e-14 	1.50723e-13 	-2.32323e-14 	1.71112e-13 	4.42593e-10 	4.58605e-10 	4.14968e-09 	3.59392e-08 	1.6211e-07 	7.41153e-07
0.1      0.1    0.1    0.1    0.1    0.36 	0.151848 	0.028063 	0.0268728 	4.55535e-13 	-1.32674e-13 	9.82737e-14 	1.50723e-13 	-2.32323e-14 	1.71112e-13 	4.42593e-10 	4.58605e-10 	4.14968e-09 	3.59392e-08 	1.6211e-07 	7.41153e-07
0.1      0.1    0.1    0.1    0.1    0.45 	0.12672 	0.00299522 	-0.0308936 	3.3304e-13 	-9.78715e-14 	2.13517e-14 	1.34127e-13 	1.59095e-14 	1.62542e-13 	2.69783e-07 	-1.31603e-07 	3.9569e-08 	6.43783e-08 	-1.9304e-08 	5.80795e-09
0.1      0.1    0.1    0.1    0.1    0.54 	0.12672 	0.00299522 	-0.0308936 	3.3304e-13 	-9.78715e-14 	2.13517e-14 	1.34127e-13 	1.59095e-14 	1.62542e-13 	2.69783e-07 	-1.31603e-07 	3.9569e-08 	6.43783e-08 	-1.9304e-08 	5.80795e-09
0.1      0.1    0.1    0.1    0.1    0.63 	0.14087 	0.0172334 	-0.0127603 	3.96628e-13 	-1.00956e-13 	7.84267e-14 	1.38773e-13 	-2.46456e-14 	2.17516e-13 	1.22289e-09 	-7.74042e-09 	-2.86053e-09 	1.05206e-07 	3.82808e-08 	1.39321e-08
0.1      0.1    0.1    0.1    0.1    0.72 	0.14087 	0.0172334 	-0.0127603 	3.96628e-13 	-1.00956e-13 	7.84267e-14 	1.38773e-13 	-2.46456e-14 	2.17516e-13 	1.22289e-09 	-7.74042e-09 	-2.86053e-09 	1.05206e-07 	3.82808e-08 	1.39321e-08
0.1      0.1    0.1    0.1    0.1    0.81 	0.118495 	0.0124634 	-0.0541142 	4.31098e-13 	-1.43312e-13 	-4.50084e-15 	1.73172e-13 	1.00732e-14 	1.90165e-13 	4.16349e-07 	-1.74298e-07 	1.82292e-07 	7.30017e-08 	-7.62855e-08 	7.98368e-08
0.1      0.1    0.1    0.1    0.1    0.9 	0.118495 	0.0124634 	-0.0541142 	4.31098e-13 	-1.43312e-13 	-4.50084e-15 	1.73172e-13 	1.00732e-14 	1.90165e-13 	4.16349e-07 	-1.74298e-07 	1.82292e-07 	7.30017e-08 	-7.62855e-08 	7.98368e-08
0.1      0.1    0.1    0.1    0.1    0.99 	0.0971488 	0.0804722 	0.018608 	4.83776e-13 	-1.31623e-13 	3.91386e-14 	2.27659e-13 	1.1497e-14 	1.71322e-13 	1.98349e-07 	-6.8332e-08 	1.84233e-07 	2.39979e-08 	-6.36594e-08 	1.71203e-07
0.1      0.1    0.1    0.1    0.1    1.08 	0.0971488 	0.0804722 	0.018608 	4.83776e-13 	-1.31623e-13 	3.91386e-14 	2.27659e-13 	1.1497e-14 	1.71322e-13 	1.98349e-07 	-6.8332e-08 	1.84233e-07 	2.39979e-08 	-6.36594e-08 	1.71203e-07
0.1      0.1    0.1    0.1    0.1    1.17 	0.0971488 	0.0804722 	0.018608 	4.83776e-13 	-1.31623e-13 	3.91386e-14 	2.27659e-13 	1.1497e-14 	1.71322e-13 	1.98349e-07 	-6.8332e-08 	1.84233e-07 	2.39979e-08 	-6.36594e-08 	1.71203e-07
0.1      0.1    0.1    0.1    0.1    1.26 	0.0566809 	0.025588 	-0.00164962 	6.91662e-13 	-2.32402e-13 	-3.04771e-14 	2.71145e-13 	1.62497e-14 	2.32348e-13 	2.34768e-07 	1.25574e-07 	-2.03339e-07 	6.81583e-08 	-1.07913e-07 	1.76847e-07
0.1      0.1    0.1    0.1    0.1    1.35 	0.0566809 	0.025588 	-0.00164962 	6.91662e-13 	-2.32402e-13 	-3.04771e-14 	2.71145e-13 	1.62497e-14 	2.32348e-13 	2.34768e-07 	1.25574e-07 	-2.03339e-07 	6.81583e-08 	-1.07913e-07 	1.76847e-07
0.1      0.1    0.1    0.1    0.1    1.44 	0.121035 	0.0385706 	-0.0114379 	4.59781e-13 	-1.6872e-13 	-4.84457e-14 	1.93895e-13 	-1.03922e-14 	2.08577e-13 	2.17535e-08 	4.53366e-08 	-6.32115e-08 	9.76326e-08 	-1.34112e-07 	1.85473e-07
0.1      0.1    0.1    0.1    0.1    1.53 	0.121035 	0.0385706 	-0.0114379 	4.59781e-13 	-1.6872e-13 	-4.84457e-14 	1.93895e-13 	-1.03922e-14 	2.08577e-13 	2.17535e-08 	4.53366e-08 	-6.32115e-08 	9.76326e-08 	-1.34112e-07 	1.85473e-07
0.1      0.1    0.1    0.1    0.1    1.62 	0.0971015 	0.00414365 	0.00872394 	6.3555e-13 	-2.93759e-13 	3.75332e-14 	2.7991e-13 	-6.93173e-14 	2.64244e-13 	3.12554e-07 	-2.94873e-07 	2.38223e-07 	2.78899e-07 	-2.24863e-07 	1.81589e-07
0.1      0.1    0.1    0.1    0.1    1.71 	0.0971015 	0.00414365 	0.00872394 	6.3555e-13 	-2.93759e-13 	3.75332e-14 	2.7991e-13 	-6.93173e-14 	2.64244e-13 	3.12554e-07 	-2.94873e-07 	2.38223e-07 	2.78899e-07 	-2.24863e-07 	1.81589e-07
0.1      0.1    0.1    0.1    0.1    1.8 	0.137722 	0.0153583 	0.0125832 	6.83661e-13 	-3.21215e-13 	9.02335e-14 	3.31356e-13 	-8.84317e-14 	2.30067e-13 	8.9206e-09 	3.52826e-08 	-3.11589e-08 	1.39874e-07 	-1.23287e-07 	1.08855e-07
0.1      0.1    0.1    0.1    0.1    1.89 	0.137722 	0.0153583 	0.0125832 	6.83661e-13 	-3.21215e-13 	9.02335e-14 	3.31356e-13 	-8.84317e-14 	2.30067e-13 	8.9206e-09 	3.52826e-08 	-3.11589e-08 	1.39874e-07 	-1.23287e-07 	1.08855e-07
0.1      0.1    0.1    0.1    0.1    1.98 	0.109966 	0.0151945 	-0.00817325 	6.44875e-13 	-3.15016e-13 	-6.5556e-14 	2.99736e-13 	2.1634e-14 	2.01123e-13 	6.23179e-09 	-6.30458e-09 	-2.0541e-08 	7.27072e-09 	2.30342e-08 	7.34036e-08
0.1      0.1    0.1    0.1    0.1    2.07 	0.109966 	0.0151945 	-0.00817325 	6.44875e-13 	-3.15016e-13 	-6.5556e-14 	2.99736e-13 	2.1634e-14 	2.01123e-13 	6.23179e-09 	-6.30458e-09 	-2.0541e-08 	7.27072e-09 	2.30342e-08 	7.34036e-08
0.1      0.1    0.1    0.1    0.1    2.16 	0.137374 	0.00794089 	0.026036 	5.28762e-13 	-1.63888e-13 	-9.91092e-14 	1.77452e-13 	3.39019e-14 	1.99629e-13 	1.218e-08 	3.20664e-09 	-2.16253e-08 	9.43793e-10 	-5.88123e-09 	3.87866e-08
0.1      0.1    0.1    0.1    0.1    2.25 	0.137374 	0.00794089 	0.026036 	5.28762e-13 	-1.63888e-13 	-9.91092e-14 	1.77452e-13 	3.39019e-14 	1.99629e-13 	1.218e-08 	3.20664e-09 	-2.16253e-08 	9.43793e-10 	-5.88123e-09 	3.87866e-08
0.1      0.1    0.1    0.1    0.1    2.34 	0.137374 	0.00794089 	0.026036 	5.28762e-13 	-1.63888e-13 	-9.91092e-14 	1.77452e-13 	3.39019e-14 	1.99629e-13 	1.218e-08 	3.20664e-09 	-2.16253e-08 	9.43793e-10 	-5.88123e-09 	3.87866e-08
0.1      0.1    0.1    0.1    0.1    2.43 	0.141912 	0.0189032 	0.00276751 	4.8482e-13 	-1.71627e-13 	-1.52853e-15 	1.84284e-13 	-8.63217e-15 	1.87491e-13 	9.57177e-09 	8.16814e-09 	-4.2459e-08 	6.97434e-09 	-3.62425e-08 	1.88379e-07
0.1      0.1    0.1    0.1    0.1    2.52 	0.141912 	0.0189032 	0.00276751 	4.8482e-13 	-1.71627e-13 	-1.52853e-15 	1.84284e-13 	-8.63217e-15 	1.87491e-13 	9.57177e-09 	8.16814e-09 	-4.2459e-08 	6.97434e-09 	-3.62425e-08 	1.88379e-07
0.1      0.1    0.1    0.1    0.1    2.61 	0.129821 	0.0216754 	0.00135952 	3.77181e-13 	-9.20065e-14 	-1.44526e-14 	1.44532e-13 	-2.535e-14 	1.72021e-13 	1.31067e-07 	-2.56947e-07 	1.2146e-07 	5.04062e-07 	-2.38334e-07 	1.12704e-07
0.1      0.1    0.1    0.1    0.1    2.7 	0.129821 	0.0216754 	0.00135952 	3.77181e-13 	-9.20065e-14 	-1.44526e-14 	1.44532e-13 	-2.535e-14 	1.72021e-13 	1.31067e-07 	-2.56947e-07 	1.2146e-07 	5.04062e-07 	-2.38334e-07 	1.12704e-07
0.1      0.1    0.1    0.1    0.1    2.79 	0.14922 	0.0198405 	-0.00658871 	3.50412e-13 	-1.03414e-13 	-6.28932e-14 	1.44923e-13 	8.32141e-15 	1.94635e-13 	8.07875e-09 	1.54511e-09 	-3.50678e-08 	3.03566e-10 	-6.79384e-09 	1.55489e-07
0.1      0.1    0.1    0.1    0.1    2.88 	0.14922 	0.0198405 	-0.00658871 	3.50412e-13 	-1.03414e-13 	-6.28932e-14 	1.44923e-13 	8.32141e-15 	1.94635e-13 	8.07875e-09 	1.54511e-09 	-3.50678e-08 	3.03566e-10 	-6.79384e-09 	1.55489e-07
0.1      0.1    0.1    0.1    0.1    2.97 	0.154124 	0.00227241 	-0.0425252 	3.84203e-13 	-1.36089e-13 	-4.03178e-14 	1.65885e-13 	2.52279e-14 	1.66022e-13 	2.57714e-08 	-1.12072e-08 	2.31524e-08 	5.08602e-09 	-9.78935e-09 	2.11839e-08
0.1      0.1    0.1    0.1    0.1    3.06 	0.154124 	0.00227241 	-0.0425252 	3.84203e-13 	-1.36089e-13 	-4.03178e-14 	1.65885e-13 	2.52279e-14 	1.66022e-13 	2.57714e-08 	-1.12072e-08 	2.31524e-08 	5.08602e-09 	-9.78935e-09 	2.11839e-08
0.1      0.1    0.1    0.1    0.1    3.15 	0.14403 	-0.00721299 	-0.00288311 	3.74766e-13 	-1.01046e-13 	1.94763e-14 	1.41844e-13 	-7.68498e-15 	1.50627e-13 	5.04722e-10 	1.61433e-08 	1.30493e-08 	6.23532e-07 	4.90643e-07 	3.87506e-07
0.1      0.1    0.1    0.1    0.1    3.24 	0.14403 	-0.00721299 	-0.00288311 	3.74766e-13 	-1.01046e-13 	1.94763e-14 	1.41844e-13 	-7.68498e-15 	1.50627e-13 	5.04722e-10 	1.61433e-08 	1.30493e-08 	6.23532e-07 	4.90643e-07 	3.87506e-07
0.1      0.1    0.1    0.1    0.1    3.33 	0.185236 	-0.000314026 	-0.0165305 	4.38947e-13 	-1.30765e-13 	1.29692e-15 	1.50378e-13 	-3.9768e-17 	1.62918e-13 	4.41569e-09 	-5.67275e-09 	-6.61308e-09 	7.37065e-09 	8.76713e-09 	1.07947e-08
0.1      0.1    0.1    0.1    0.1    3.42 	0.185236 	-0.000314026 	-0.0165305 	4.38947e-13 	-1.30765e-13 	1.29692e-15 	1.50378e-13 	-3.9768e-17 	1.62918e-13 	4.41569e-09 	-5.67275e-09 	-6.61308e-09 	7.37065e-09 	8.76713e-09 	1.07947e-08
0.1      0.1    0.1    0.1    0.1    3.51 	0.185236 	-0.000314026 	-0.0165305 	4.38947e-13 	-1.30765e-13 	1.29692e-15 	1.50378e-13 	-3.9768e-17 	1.62918e-13 	4.41569e-09 	-5.67275e-09 	-6.61308e-09 	7.37065e-09 	8.76713e-09 	1.07947e-08
0.1      0.1    0.1    0.1    0.1    3.6 	0.168141 	-0.0262231 	0.00663542 	4.09505e-13 	-1.1632e-13 	1.77646e-14 	1.17819e-13 	-6.05392e-15 	1.77843e-13 	1.01099e-06 	-2.31311e-08 	-5.25811e-09 	6.51991e-10 	1.49069e-10 	3.44852e-11
0.1      0.1    0.1    0.1    0.1    3.69 	0.168141 	-0.0262231 	0.00663542 	4.09505e-13 	-1.1632e-13 	1.77646e-14 	1.17819e-13 	-6.05392e-15 	1.77843e-13 	1.01099e-06 	-2.31311e-08 	-5.25811e-09 	6.51991e-10 	1.49069e-10 	3.44852e-11
0.1      0.1    0.1    0.1    0.1    3.78 	0.161848 	0.0160753 	0.0137232 	3.76608e-13 	-1.30636e-13 	4.10856e-14 	1.37823e-13 	-2.77419e-14 	1.7624e-13 	4.51828e-08 	7.89295e-08 	5.75197e-08 	1.38734e-07 	1.00793e-07 	7.33397e-08
0.1      0.1    0.1    0.1    0.1    3.87 	0.161848 	0.0160753 	0.0137232 	3.76608e-13 	-1.30636e-13 	4.10856e-14 	1.37823e-13 	-2.77419e-14 	1.7624e-13 	4.51828e-08 	7.89295e-08 	5.75197e-08 	1.38734e-07 	1.00793e-07 	7.33397e-08
0.1      0.1    0.1    0.1    0.1    3.96 	0.118676 	0.0235098 	-0.0118105 	2.82772e-13 	-1.09609e-13 	5.16036e-14 	1.29207e-13 	-7.74195e-15 	1.79931e-13 	5.29232e-07 	5.30887e-07 	9.76456e-09 	5.33303e-07 	8.85323e-09 	1.35723e-09
0.1      0.1    0.1    0.1    0.1    4.05 	0.118676 	0.0235098 	-0.0118105 	2.82772e-13 	-1.09609e-13 	5.16036e-14 	1.29207e-13 	-7.74195e-15 	1.79931e-13 	5.29232e-07 	5.30887e-07 	9.76456e-09 	5.33303e-07 	8.85323e-09 	1.35723e-09
0.1      0.1    0.1    0.1    0.1    4.14 	0.120269 	0.0289376 	-0.0320644 	3.79127e-13 	-1.05072e-13 	6.44429e-14 	1.27368e-13 	-3.20381e-15 	1.60512e-13 	3.61745e-07 	1.40733e-07 	2.9787e-07 	5.57984e-08 	1.15851e-07 	2.45275e-07
0.1      0.1    0.1    0.1    0.1    4.23 	0.120269 	0.0289376 	-0.0320644 	3.79127e-13 	-1.05072e-13 	6.44429e-14 	1.27368e-13 	-3.20381e-15 	1.60512e-13 	3.61745e-07 	1.40733e-07 	2.9787e-07 	5.57984e-08 	1.15851e-07 	2.45275e-07
0.1      0.1    0.1    0.1    0.1    4.32 	0.186283 	-0.0431529 	0.00464988 	5.08318e-13 	-1.358e-13 	5.54688e-14 	1.27772e-13 	-1.58577e-14 	1.59702e-13 	3.28988e-08 	3.86433e-08 	3.35106e-08 	4.59709e-08 	3.86795e-08 	3.49538e-08
0.1      0.1    0.1    0.1    0.1    4.41 	0.186283 	-0.0431529 	0.00464988 	5.08318e-13 	-1.358e-13 	5.54688e-14 	1.27772e-13 	-1.58577e-14 	1.59702e-13 	3.28988e-08 	3.86433e-08 	3.35106e-08 	4.59709e-08 	3.86795e-08 	3.49538e-08
0.1      0.1    0.1    0.1    0.1    4.5 	0.186283 	-0.0431529 	0.00464988 	5.08318e-13 	-1.358e-13 	5.54688e-14 	1.27772e-13 	-1.58577e-14 	1.59702e-13 	3.28988e-08 	3.86433e-08 	3.35106e-08 	4.59709e-08 	3.86795e-08 	3.49538e-08
0.2      0.2    0.2    0.2    0.2    0 	0.163672 	0.0125586 	-0.00666594 	5.34075e-13 	-1.76958e-13 	3.35908e-14 	1.82041e-13 	-2.49239e-14 	1.67065e-13 	2.25687e-07 	5.35949e-08 	-2.50875e-07 	1.64492e-08 	-6.18421e-08 	2.80313e-07
0.2      0.2    0.2    0.2    0.2    0.09 	0.163672 	0.0125586 	-0.00666594 	5.34075e-13 	-1.76958e-13 	3.35908e-14 	1.82041e-13 	-2.49239e-14 	1.67065e-13 	2.25687e-07 	5.35949e-08 	-2.50875e-07 	1.64492e-08 	-6.18421e-08 	2.80313e-07
0.2      0.2    0.2    0.2    0.2    0.18 	0.163672 	0.0125586 	-0.00666594 	5.34075e-13 	-1.76958e-13 	3.35908e-14 	1.82041e-13 	-2.49239e-14 	1.67065e-13 	2.25687e-07 	5.35949e-08 	-2.50875e-07 	1.64492e-08 	-6.18421e-08 	2.80313e-07
0.2      0.2    0.2    0.2    0.2    0.27 	0.152143 	0.0282716 	0.0295274 	4.54781e-13 	-1.32743e-13 	9.91605e-14 	1.50504e-13 	-2.35273e-14 	1.71611e-13 	1.2905e-08 	2.1409e-08 	1.67076e-07 	5.89542e-08 	3.79764e-07 	2.61281e-06
0.2      0.2    0.2    0.2    0.2    0.36 	0.152143 	0.0282716 	0.0295274 	4.54781e-13 	-1.32743e-13 	9.91605e-14 	1.50504e-13 	-2.35273e-14 	1.71611e-13 	1.2905e-08 	2.1409e-08 	1.67076e-07 	5.89542e-08 	3.79764e-07 	2.61281e-06
0.2      0.2    0.2    0.2    0.2    0.45 	0.124782 	0.00413398 	-0.0310909 	3.2926e-13 	-9.71529e-14 	2.16019e-14 	1.33978e-13 	1.62332e-14 	1.63424e-13 	1.16117e-06 	-6.39375e-07 	1.45176e-07 	3.52927e-07 	-7.96044e-08 	1.83222e-08
0.2      0.2    0.2    0.2    0.2    0.54 	0.124782 	0.00413398 	-0.0310909 	3.2926e-13 	-9.71529e-14 	2.16019e-14 	1.33978e-13 	1.62332e-14 	1.63424e-13 	1.16117e-06 	-6.39375e-07 	1.45176e-07 	3.52927e-07 	-7.96044e-08 	1.83222e-08
0.2      0.2    0.2    0.2    0.2    0.63 	0.140374 	0.0182692 	-0.0123231 	3.95519e-13 	-1.00819e-13 	7.98649e-14 	1.39125e-13 	-2.48285e-14 	2.17832e-13 	3.71746e-08 	-1.12784e-07 	-4.46912e-08 	3.90603e-07 	1.52573e-07 	5.96899e-08
0.2      0.2    0.2    0.2    0.2    0.72 	0.140374 	0.0182692 	-0.0123231 	3.95519e-13 	-1.00819e-13 	7.98649e-14 	1.39125e-13 	-2.48285e-14 	2.17832e-13 	3.71746e-08 	-1.12784e-07 	-4.46912e-08 	3.90603e-07 	1.52573e-07 	5.96899e-08
0.2      0.2    0.2    0.2    0.2    0.81 	0.120116 	0.0118852 	-0.0533017 	4.33363e-13 	-1.43653e-13 	-2.41673e-15 	1.73373e-13 	9.35298e-15 	1.89951e-13 	1.17624e-06 	-4.5811e-07 	5.47942e-07 	1.7875e-07 	-2.13075e-07 	2.55597e-07
0.2      0.2    0.2    0.2    0.2    0.9 	0.120116 	0.0118852 	-0.0533017 	4.33363e-13 	-1.43653e-13 	-2.41673e-15 	1.73373e-13 	9.35298e-15 	1.89951e-13 	1.17624e-06 	-4.5811e-07 	5.47942e-07 	1.7875e-07 	-2.13075e-07 	2.55597e-07
0.2      0.2    0.2    0.2    0.2    0.99 	0.0984174 	0.0802801 	0.0197011 	4.83674e-13 	-1.32925e-13 	3.9126e-14 	2.27429e-13 	1.14712e-14 	1.7253e-13 	6.44733e-07 	-1.53002e-07 	5.7548e-07 	3.82724e-08 	-1.37265e-07 	5.13917e-07
0.2      0.2    0.2    0.2    0.2    1.08 	0.0984174 	0.0802801 	0.0197011 	4.83674e-13 	-1.32925e-13 	3.9126e-14 	2.27429e-13 	1.14712e-14 	1.7253e-13 	6.44733e-07 	-1.53002e-07 	5.7548e-07 	3.82724e-08 	-1.37265e-07 	5.13917e-07
0.2      0.2    0.2    0.2    0.2    1.17 	0.0984174 	0.0802801 	0.0197011 	4.83674e-13 	-1.32925e-13 	3.9126e-14 	2.27429e-13 	1.14712e-14 	1.7253e-13 	6.44733e-07 	-1.53002e-07 	5.7548e-07 	3.82724e-08 	-1.37265e-07 	5.13917e-07
0.2      0.2    0.2    0.2    0.2    1.26 	0.0581234 	0.0267535 	-0.00262374 	6.9593e-13 	-2.29022e-13 	-2.96024e-14 	2.67958e-13 	1.63773e-14 	2.33911e-13 	7.99377e-07 	5.46341e-07 	-6.05701e-07 	3.78101e-07 	-4.10609e-07 	4.61379e-07
0.2      0.2    0.2    0.2    0.2    1.35 	0.0581234 	0.0267535 	-0.00262374 	6.9593e-13 	-2.29022e-13 	-2.96024e-14 	2.67958e-13 	1.63773e-14 	2.33911e-13 	7.99377e-07 	5.46341e-07 	-6.05701e-07 	3.78101e-07 	-4.10609e-07 	4.61379e-07
0.2      0.2    0.2    0.2    0.2    1.44 	0.121552 	0.0389568 	-0.0125578 	4.61434e-13 	-1.70721e-13 	-5.05242e-14 	1.94824e-13 	-9.43739e-15 	2.0789e-13 	9.01545e-08 	1.16964e-07 	-2.196e-07 	1.63892e-07 	-2.91994e-07 	5.39144e-07
0.2      0.2    0.2    0.2    0.2    1.53 	0.121552 	0.0389568 	-0.0125578 	4.61434e-13 	-1.70721e-13 	-5.05242e-14 	1.94824e-13 	-9.43739e-15 	2.0789e-13 	9.01545e-08 	1.16964e-07 	-2.196e-07 	1.63892e-07 	-2.91994e-07 	5.39144e-07
0.2      0.2    0.2    0.2    0.2    1.62 	0.0986602 	0.00217363 	0.00999428 	6.43619e-13 	-2.99311e-13 	3.94496e-14 	2.82654e-13 	-7.01265e-14 	2.64304e-13 	9.8297e-07 	-1.08013e-06 	7.75244e-07 	1.1944e-06 	-8.53119e-07 	6.11624e-07
0.2      0.2    0.2    0.2    0.2    1.71 	0.0986602 	0.00217363 	0.00999428 	6.43619e-13 	-2.99311e-13 	3.94496e-14 	2.82654e-13 	-7.01265e-14 	2.64304e-13 	9.8297e-07 	-1.08013e-06 	7.75244e-07 	1.1944e-06 	-8.53119e-07 	6.11624e-07
0.2      0.2    0.2    0.2    0.2    1.8 	0.137414 	0.0137381 	0.0137095 	6.75543e-13 	-3.21651e-13 	9.08037e-14 	3.33398e-13 	-9.00694e-14 	2.29734e-13 	3.40475e-08 	1.57358e-07 	-1.21639e-07 	7.31564e-07 	-5.62821e-07 	4.34683e-07
0.2      0.2    0.2    0.2    0.2    1.89 	0.137414 	0.0137381 	0.0137095 	6.75543e-13 	-3.21651e-13 	9.08037e-14 	3.33398e-13 	-9.00694e-14 	2.29734e-13 	3.40475e-08 	1.57358e-07 	-1.21639e-07 	7.31564e-07 	-5.62821e-07 	4.34683e-07
0.2      0.2    0.2    0.2    0.2    1.98 	0.109918 	0.0147548 	-0.00910809 	6.46543e-13 	-3.17964e-13 	-6.60379e-14 	3.01319e-13 	2.18126e-14 	2.00383e-13 	4.64828e-09 	-9.12152e-09 	-2.5746e-08 	4.66852e-08 	1.16513e-07 	2.93978e-07
0.2      0.2    0.2    0.2    0.2    2.07 	0.109918 	0.0147548 	-0.00910809 	6.46543e-13 	-3.17964e-13 	-6.60379e-14 	3.01319e-13 	2.18126e-14 	2.00383e-13 	4.64828e-09 	-9.12152e-09 	-2.5746e-08 	4.66852e-08 	1.16513e-07 	2.93978e-07
0.2      0.2    0.2    0.2    0.2    2.16 	0.137119 	0.00798662 	0.026573 	5.32338e-13 	-1.64693e-13 	-1.01355e-13 	1.78446e-13 	3.42109e-14 	1.99478e-13 	3.5718e-08 	2.35512e-09 	-6.44225e-08 	6.35029e-10 	-4.07983e-09 	1.16753e-07
0.2      0.2    0.2    0.2    0.2    2.25 	0.137119 	0.00798662 	0.026573 	5.32338e-13 	-1.64693e-13 	-1.01355e-13 	1.78446e-13 	3.42109e-14 	1.99478e-13 	3.5718e-08 	2.35512e-09 	-6.44225e-08 	6.35029e-10 	-4.07983e-09 	1.16753e-07
0.2      0.2    0.2    0.2    0.2    2.34 	0.137119 	0.00798662 	0.026573 	5.32338e-13 	-1.64693e-13 	-1.01355e-13 	1.78446e-13 	3.42109e-14 	1.99478e-13 	3.5718e-08 	2.35512e-09 	-6.44225e-08 	6.35029e-10 	-4.07983e-09 	1.16753e-07
0.2      0.2    0.2    0.2    0.2    2.43 	0.141575 	0.0185883 	0.00436145 	4.8318e-13 	-1.71629e-13 	-2.90074e-15 	1.83823e-13 	-8.02153e-15 	1.88109e-13 	3.77619e-08 	3.38309e-08 	-1.7433e-07 	3.03276e-08 	-1.56247e-07 	8.05054e-07
0.2      0.2    0.2    0.2    0.2    2.52 	0.141575 	0.0185883 	0.00436145 	4.8318e-13 	-1.71629e-13 	-2.90074e-15 	1.83823e-13 	-8.02153e-15 	1.88109e-13 	3.77619e-08 	3.38309e-08 	-1.7433e-07 	3.03276e-08 	-1.56247e-07 	8.05054e-07
0.2      0.2    0.2    0.2    0.2    2.61 	0.128531 	0.0238477 	0.000413956 	3.74332e-13 	-9.0507e-14 	-1.53996e-14 	1.43712e-13 	-2.44924e-14 	1.72096e-13 	5.35843e-07 	-9.68017e-07 	4.39073e-07 	1.75165e-06 	-7.95227e-07 	3.61199e-07
0.2      0.2    0.2    0.2    0.2    2.7 	0.128531 	0.0238477 	0.000413956 	3.74332e-13 	-9.0507e-14 	-1.53996e-14 	1.43712e-13 	-2.44924e-14 	1.72096e-13 	5.35843e-07 	-9.68017e-07 	4.39073e-07 	1.75165e-06 	-7.95227e-07 	3.61199e-07
0.2      0.2    0.2    0.2    0.2    2.79 	0.148834 	0.0198605 	-0.00547529 	3.48878e-13 	-1.04333e-13 	-6.14851e-14 	1.45331e-13 	7.9241e-15 	1.94299e-13 	4.3346e-08 	2.3251e-09 	-1.45548e-07 	2.89627e-10 	-8.75424e-09 	4.95876e-07
0.2      0.2    0.2    0.2    0.2    2.88 	0.148834 	0.0198605 	-0.00547529 	3.48878e-13 	-1.04333e-13 	-6.14851e-14 	1.45331e-13 	7.9241e-15 	1.94299e-13 	4.3346e-08 	2.3251e-09 	-1.45548e-07 	2.89627e-10 	-8.75424e-09 	4.95876e-07
0.2      0.2    0.2    0.2    0.2    2.97 	0.154782 	0.00183297 	-0.0422896 	3.87281e-13 	-1.37766e-13 	-4.05048e-14 	1.67421e-13 	2.48888e-14 	1.65399e-13 	1.21107e-07 	-7.16223e-08 	6.81872e-08 	4.29004e-08 	-3.91894e-08 	4.08952e-08
0.2      0.2    0.2    0.2    0.2    3.06 	0.154782 	0.00183297 	-0.0422896 	3.87281e-13 	-1.37766e-13 	-4.05048e-14 	1.67421e-13 	2.48888e-14 	1.65399e-13 	1.21107e-07 	-7.16223e-08 	6.81872e-08 	4.29004e-08 	-3.91894e-08 	4.08952e-08
0.2      0.2    0.2    0.2    0.2    3.15 	0.144272 	-0.00473649 	-0.000405054 	3.75321e-13 	-1.00291e-13 	1.96749e-14 	1.4224e-13 	-7.73976e-15 	1.50809e-13 	1.00151e-08 	1.43097e-07 	1.31976e-07 	2.23026e-06 	2.01748e-06 	1.83276e-06
0.2      0.2    0.2    0.2    0.2    3.24 	0.144272 	-0.00473649 	-0.000405054 	3.75321e-13 	-1.00291e-13 	1.96749e-14 	1.4224e-13 	-7.73976e-15 	1.50809e-13 	1.00151e-08 	1.43097e-07 	1.31976e-07 	2.23026e-06 	2.01748e-06 	1.83276e-06
0.2      0.2    0.2    0.2    0.2    3.33 	0.185194 	-0.000114918 	-0.0159011 	4.35388e-13 	-1.28793e-13 	2.87994e-15 	1.49087e-13 	-2.40224e-17 	1.63454e-13 	5.85926e-09 	-1.0428e-08 	-1.93719e-08 	2.00864e-08 	4.02464e-08 	8.5902e-08
0.2      0.2    0.2    0.2    0.2    3.42 	0.185194 	-0.000114918 	-0.0159011 	4.35388e-13 	-1.28793e-13 	2.87994e-15 	1.49087e-13 	-2.40224e-17 	1.63454e-13 	5.85926e-09 	-1.0428e-08 	-1.93719e-08 	2.00864e-08 	4.02464e-08 	8.5902e-08
0.2      0.2    0.2    0.2    0.2    3.51 	0.185194 	-0.000114918 	-0.0159011 	4.35388e-13 	-1.28793e-13 	2.87994e-15 	1.49087e-13 	-2.40224e-17 	1.63454e-13 	5.85926e-09 	-1.0428e-08 	-1.93719e-08 	2.00864e-08 	4.02464e-08 	8.5902e-08
0.2      0.2    0.2    0.2    0.2    3.6 	0.17153 	-0.0264132 	0.00660627 	4.12646e-13 	-1.14746e-13 	1.87681e-14 	1.17462e-13 	-6.03421e-15 	1.7878e-13 	3.92144e-06 	-1.70041e-07 	-3.10546e-08 	7.7384e-09 	1.39475e-09 	2.53911e-10
0.2      0.2    0.2    0.2    0.2    3.69 	0.17153 	-0.0264132 	0.00660627 	4.12646e-13 	-1.14746e-13 	1.87681e-14 	1.17462e-13 	-6.03421e-15 	1.7878e-13 	3.92144e-06 	-1.70041e-07 	-3.10546e-08 	7.7384e-09 	1.39475e-09 	2.53911e-10
0.2      0.2    0.2    0.2    0.2    3.78 	0.161312 	0.0147865 	0.0129018 	3.75503e-13 	-1.31966e-13 	4.13035e-14 	1.38486e-13 	-2.70167e-14 	1.76362e-13 	1.27878e-07 	2.66369e-07 	1.7973e-07 	5.59362e-07 	3.76148e-07 	2.53302e-07
0.2      0.2    0.2    0.2    0.2    3.87 	0.161312 	0.0147865 	0.0129018 	3.75503e-13 	-1.31966e-13 	4.13035e-14 	1.38486e-13 	-2.70167e-14 	1.76362e-13 	1.27878e-07 	2.66369e-07 	1.7973e-07 	5.59362e-07 	3.76148e-07 	2.53302e-07
0.2      0.2    0.2    0.2    0.2    3.96 	0.116174 	0.0212912 	-0.0122978 	2.82012e-13 	-1.11403e-13 	5.18549e-14 	1.29995e-13 	-8.33411e-15 	1.79788e-13 	2.12663e-06 	1.98022e-06 	2.58407e-07 	1.84622e-06 	2.3722e-07 	3.64172e-08
0.2      0.2    0.2    0.2    0.2    4.05 	0.116174 	0.0212912 	-0.0122978 	2.82012e-13 	-1.11403e-13 	5.18549e-14 	1.29995e-13 	-8.33411e-15 	1.79788e-13 	2.12663e-06 	1.98022e-06 	2.58407e-07 	1.84622e-06 	2.3722e-07 	3.64172e-08
0.2      0.2    0.2    0.2    0.2    4.14 	0.122172 	0.0291575 	-0.0304699 	3.81778e-13 	-1.05553e-13 	6.54989e-14 	1.26837e-13 	-3.30881e-15 	1.61276e-13 	1.30732e-06 	3.15457e-07 	1.08383e-06 	8.33432e-08 	2.61169e-07 	8.98566e-07
0.2      0.2    0.2    0.2    0.2    4.23 	0.122172 	0.0291575 	-0.0304699 	3.81778e-13 	-1.05553e-13 	6.54989e-14 	1.26837e-13 	-3.30881e-15 	1.61276e-13 	1.30732e-06 	3.15457e-07 	1.08383e-06 	8.33432e-08 	2.61169e-07 	8.98566e-07
0.2      0.2    0.2    0.2    0.2    4.32 	0.187185 	-0.0424054 	0.00587513 	5.01459e-13 	-1.3228e-13 	5.54702e-14 	1.2666e-13 	-1.57208e-14 	1.59148e-13 	2.08473e-07 	1.93886e-07 	2.61796e-07 	1.81995e-07 	2.41787e-07 	3.30492e-07
0.2      0.2    0.2    0.2    0.2    4.41 	0.187185 	-0.0424054 	0.00587513 	5.01459e-13 	-1.3228e-13 	5.54702e-14 	1.2666e-13 	-1.57208e-14 	1.59148e-13 	2.08473e-07 	1.93886e-07 	2.61796e-07 	1.81995e-07 	2.41787e-07 	3.30492e-07
0.2      0.2    0.2    0.2    0.2    4.5 	0.187185 	-0.0424054 	0.00587513 	5.01459e-13 	-1.3228e-13 	5.54702e-14 	1.2666e-13 	-1.57208e-14 	1.59148e-13 	2.08473e-07 	1.93886e-07 	2.61796e-07 	1.81995e-07 	2.41787e-07 	3.30492e-07
0.3      0.3    0.3    0.3    0.3    0 	0.164589 	0.0123741 	-0.00759916 	5.35231e-13 	-1.77934e-13 	3.25727e-14 	1.82896e-13 	-2.41003e-14 	1.66364e-13 	5.62784e-07 	3.26421e-08 	-5.93397e-07 	1.19839e-08 	-3.81192e-08 	6.27316e-07
0.3      0.3    0.3    0.3    0.3    0.09 	0.164589 	0.0123741 	-0.00759916 	5.35231e-13 	-1.77934e-13 	3.25727e-14 	1.82896e-13 	-2.41003e-14 	1.66364e-13 	5.62784e-07 	3.26421e-08 	-5.93397e-07 	1.19839e-08 	-3.81192e-08 	6.27316e-07
0.3      0.3    0.3    0.3    0.3    0.18 	0.164589 	0.0123741 	-0.00759916 	5.35231e-13 	-1.77934e-13 	3.25727e-14 	1.82896e-13 	-2.41003e-14 	1.66364e-13 	5.62784e-07 	3.26421e-08 	-5.93397e-07 	1.19839e-08 	-3.81192e-08 	6.27316e-07
0.3      0.3    0.3    0.3    0.3    0.27 	0.152488 	0.028268 	0.0319844 	4.5399e-13 	-1.329e-13 	9.96579e-14 	1.50352e-13 	-2.36671e-14 	1.72e-13 	5.18158e-08 	4.09627e-08 	5.06077e-07 	5.72838e-08 	5.01734e-07 	5.3622e-06
0.3      0.3    0.3    0.3    0.3    0.36 	0.152488 	0.028268 	0.0319844 	4.5399e-13 	-1.329e-13 	9.96579e-14 	1.50352e-13 	-2.36671e-14 	1.72e-13 	5.18158e-08 	4.09627e-08 	5.06077e-07 	5.72838e-08 	5.01734e-07 	5.3622e-06
0.3      0.3    0.3    0.3    0.3    0.45 	0.122711 	0.00533501 	-0.0312085 	3.25592e-13 	-9.65032e-14 	2.18623e-14 	1.33843e-13 	1.65385e-14 	1.64334e-13 	2.82067e-06 	-1.60624e-06 	2.82113e-07 	9.15635e-07 	-1.59915e-07 	2.91417e-08
0.3      0.3    0.3    0.3    0.3    0.54 	0.122711 	0.00533501 	-0.0312085 	3.25592e-13 	-9.65032e-14 	2.18623e-14 	1.33843e-13 	1.65385e-14 	1.64334e-13 	2.82067e-06 	-1.60624e-06 	2.82113e-07 	9.15635e-07 	-1.59915e-07 	2.91417e-08
0.3      0.3    0.3    0.3    0.3    0.63 	0.139712 	0.0192053 	-0.0118404 	3.94414e-13 	-1.0078e-13 	8.11932e-14 	1.39492e-13 	-2.49753e-14 	2.18091e-13 	1.64282e-07 	-3.48549e-07 	-1.519e-07 	8.00332e-07 	3.42098e-07 	1.46962e-07
0.3      0.3    0.3    0.3    0.3    0.72 	0.139712 	0.0192053 	-0.0118404 	3.94414e-13 	-1.0078e-13 	8.11932e-14 	1.39492e-13 	-2.49753e-14 	2.18091e-13 	1.64282e-07 	-3.48549e-07 	-1.519e-07 	8.00332e-07 	3.42098e-07 	1.46962e-07
0.3      0.3    0.3    0.3    0.3    0.81 	0.121568 	0.0114158 	-0.0524674 	4.35699e-13 	-1.43988e-13 	-2.64125e-16 	1.73552e-13 	8.59462e-15 	1.89827e-13 	2.17012e-06 	-7.97166e-07 	1.07904e-06 	2.93714e-07 	-3.95172e-07 	5.38194e-07
0.3      0.3    0.3    0.3    0.3    0.9 	0.121568 	0.0114158 	-0.0524674 	4.35699e-13 	-1.43988e-13 	-2.64125e-16 	1.73552e-13 	8.59462e-15 	1.89827e-13 	2.17012e-06 	-7.97166e-07 	1.07904e-06 	2.93714e-07 	-3.95172e-07 	5.38194e-07
0.3      0.3    0.3    0.3    0.3    0.99 	0.0995743 	0.0801139 	0.0206541 	4.83553e-13 	-1.34294e-13 	3.90467e-14 	2.27177e-13 	1.14352e-14 	1.73736e-13 	1.2638e-06 	-2.44169e-07 	1.09883e-06 	4.97781e-08 	-2.1346e-07 	9.55957e-07
0.3      0.3    0.3    0.3    0.3    1.08 	0.0995743 	0.0801139 	0.0206541 	4.83553e-13 	-1.34294e-13 	3.90467e-14 	2.27177e-13 	1.14352e-14 	1.73736e-13 	1.2638e-06 	-2.44169e-07 	1.09883e-06 	4.97781e-08 	-2.1346e-07 	9.55957e-07
0.3      0.3    0.3    0.3    0.3    1.17 	0.0995743 	0.0801139 	0.0206541 	4.83553e-13 	-1.34294e-13 	3.90467e-14 	2.27177e-13 	1.14352e-14 	1.73736e-13 	1.2638e-06 	-2.44169e-07 	1.09883e-06 	4.97781e-08 	-2.1346e-07 	9.55957e-07
0.3      0.3    0.3    0.3    0.3    1.26 	0.0594463 	0.0279311 	-0.00345066 	6.9991e-13 	-2.2566e-13 	-2.86296e-14 	2.64828e-13 	1.64516e-14 	2.35484e-13 	1.60396e-06 	1.22572e-06 	-1.13255e-06 	9.45398e-07 	-8.59657e-07 	8.03595e-07
0.3      0.3    0.3    0.3    0.3    1.35 	0.0594463 	0.0279311 	-0.00345066 	6.9991e-13 	-2.2566e-13 	-2.86296e-14 	2.64828e-13 	1.64516e-14 	2.35484e-13 	1.60396e-06 	1.22572e-06 	-1.13255e-06 	9.45398e-07 	-8.59657e-07 	8.03595e-07
0.3      0.3    0.3    0.3    0.3    1.44 	0.122033 	0.0391054 	-0.0136256 	4.6321e-13 	-1.72852e-13 	-5.2557e-14 	1.95884e-13 	-8.43742e-15 	2.07185e-13 	1.94564e-07 	1.76647e-07 	-4.48831e-07 	1.82946e-07 	-4.16666e-07 	1.03967e-06
0.3      0.3    0.3    0.3    0.3    1.53 	0.122033 	0.0391054 	-0.0136256 	4.6321e-13 	-1.72852e-13 	-5.2557e-14 	1.95884e-13 	-8.43742e-15 	2.07185e-13 	1.94564e-07 	1.76647e-07 	-4.48831e-07 	1.82946e-07 	-4.16666e-07 	1.03967e-06
0.3      0.3    0.3    0.3    0.3    1.62 	0.10012 	6.9395e-05 	0.0111953 	6.51976e-13 	-3.04956e-13 	4.138e-14 	2.85465e-13 	-7.08892e-14 	2.6434e-13 	1.9401e-06 	-2.36767e-06 	1.55906e-06 	2.91076e-06 	-1.90541e-06 	1.25323e-06
0.3      0.3    0.3    0.3    0.3    1.71 	0.10012 	6.9395e-05 	0.0111953 	6.51976e-13 	-3.04956e-13 	4.138e-14 	2.85465e-13 	-7.08892e-14 	2.6434e-13 	1.9401e-06 	-2.36767e-06 	1.55906e-06 	2.91076e-06 	-1.90541e-06 	1.25323e-06
0.3      0.3    0.3    0.3    0.3    1.8 	0.137085 	0.0119898 	0.0147726 	6.67184e-13 	-3.21888e-13 	9.09927e-14 	3.35352e-13 	-9.15519e-14 	2.29394e-13 	7.54591e-08 	3.77343e-07 	-2.65808e-07 	1.89457e-06 	-1.3289e-06 	9.36745e-07
0.3      0.3    0.3    0.3    0.3    1.89 	0.137085 	0.0119898 	0.0147726 	6.67184e-13 	-3.21888e-13 	9.09927e-14 	3.35352e-13 	-9.15519e-14 	2.29394e-13 	7.54591e-08 	3.77343e-07 	-2.65808e-07 	1.89457e-06 	-1.3289e-06 	9.36745e-07
0.3      0.3    0.3    0.3    0.3    1.98 	0.109759 	0.0142352 	-0.0099896 	6.48135e-13 	-3.20841e-13 	-6.65309e-14 	3.02827e-13 	2.19556e-14 	1.99647e-13 	5.09379e-09 	7.56191e-09 	9.93371e-09 	1.3946e-07 	2.96885e-07 	6.4047e-07
0.3      0.3    0.3    0.3    0.3    2.07 	0.109759 	0.0142352 	-0.0099896 	6.48135e-13 	-3.20841e-13 	-6.65309e-14 	3.02827e-13 	2.19556e-14 	1.99647e-13 	5.09379e-09 	7.56191e-09 	9.93371e-09 	1.3946e-07 	2.96885e-07 	6.4047e-07
0.3      0.3    0.3    0.3    0.3    2.16 	0.137016 	0.0081068 	0.0270874 	5.36048e-13 	-1.65459e-13 	-1.03684e-13 	1.79419e-13 	3.45071e-14 	1.99375e-13 	4.91872e-08 	-4.68341e-09 	-1.05368e-07 	2.23625e-09 	1.34213e-08 	2.33498e-07
0.3      0.3    0.3    0.3    0.3    2.25 	0.137016 	0.0081068 	0.0270874 	5.36048e-13 	-1.65459e-13 	-1.03684e-13 	1.79419e-13 	3.45071e-14 	1.99375e-13 	4.91872e-08 	-4.68341e-09 	-1.05368e-07 	2.23625e-09 	1.34213e-08 	2.33498e-07
0.3      0.3    0.3    0.3    0.3    2.34 	0.137016 	0.0081068 	0.0270874 	5.36048e-13 	-1.65459e-13 	-1.03684e-13 	1.79419e-13 	3.45071e-14 	1.99375e-13 	4.91872e-08 	-4.68341e-09 	-1.05368e-07 	2.23625e-09 	1.34213e-08 	2.33498e-07
0.3      0.3    0.3    0.3    0.3    2.43 	0.141223 	0.0182266 	0.00598194 	4.81632e-13 	-1.71704e-13 	-4.33303e-15 	1.83422e-13 	-7.41266e-15 	1.88704e-13 	8.71699e-08 	8.1927e-08 	-4.04694e-07 	7.70999e-08 	-3.80422e-07 	1.87902e-06
0.3      0.3    0.3    0.3    0.3    2.52 	0.141223 	0.0182266 	0.00598194 	4.81632e-13 	-1.71704e-13 	-4.33303e-15 	1.83422e-13 	-7.41266e-15 	1.88704e-13 	8.71699e-08 	8.1927e-08 	-4.04694e-07 	7.70999e-08 	-3.80422e-07 	1.87902e-06
0.3      0.3    0.3    0.3    0.3    2.61 	0.127189 	0.0259248 	-0.000429954 	3.71584e-13 	-8.91081e-14 	-1.63096e-14 	1.42953e-13 	-2.36246e-14 	1.72191e-13 	1.25545e-06 	-2.13706e-06 	9.34278e-07 	3.64583e-06 	-1.59616e-06 	6.99454e-07
0.3      0.3    0.3    0.3    0.3    2.7 	0.127189 	0.0259248 	-0.000429954 	3.71584e-13 	-8.91081e-14 	-1.63096e-14 	1.42953e-13 	-2.36246e-14 	1.72191e-13 	1.25545e-06 	-2.13706e-06 	9.34278e-07 	3.64583e-06 	-1.59616e-06 	6.99454e-07
0.3      0.3    0.3    0.3    0.3    2.79 	0.148475 	0.0199365 	-0.00440421 	3.47462e-13 	-1.05252e-13 	-5.99999e-14 	1.45737e-13 	7.47181e-15 	1.93925e-13 	1.01664e-07 	-4.48253e-09 	-3.16876e-07 	7.60526e-10 	1.23749e-08 	9.94795e-07
0.3      0.3    0.3    0.3    0.3    2.88 	0.148475 	0.0199365 	-0.00440421 	3.47462e-13 	-1.05252e-13 	-5.99999e-14 	1.45737e-13 	7.47181e-15 	1.93925e-13 	1.01664e-07 	-4.48253e-09 	-3.16876e-07 	7.60526e-10 	1.23749e-08 	9.94795e-07
0.3      0.3    0.3    0.3    0.3    2.97 	0.155565 	0.00130087 	-0.0420843 	3.90404e-13 	-1.3947e-13 	-4.0638e-14 	1.68996e-13 	2.44682e-14 	1.64786e-13 	3.31426e-07 	-2.12413e-07 	1.35812e-07 	1.36771e-07 	-8.54329e-08 	6.0014e-08
0.3      0.3    0.3    0.3    0.3    3.06 	0.155565 	0.00130087 	-0.0420843 	3.90404e-13 	-1.3947e-13 	-4.0638e-14 	1.68996e-13 	2.44682e-14 	1.64786e-13 	3.31426e-07 	-2.12413e-07 	1.35812e-07 	1.36771e-07 	-8.54329e-08 	6.0014e-08
0.3      0.3    0.3    0.3    0.3    3.15 	0.144566 	-0.00235438 	0.00215892 	3.75976e-13 	-9.96845e-14 	1.97221e-14 	1.42738e-13 	-7.77567e-15 	1.50961e-13 	3.81136e-08 	4.12861e-07 	4.06803e-07 	4.70411e-06 	4.57275e-06 	4.46105e-06
0.3      0.3    0.3    0.3    0.3    3.24 	0.144566 	-0.00235438 	0.00215892 	3.75976e-13 	-9.96845e-14 	1.97221e-14 	1.42738e-13 	-7.77567e-15 	1.50961e-13 	3.81136e-08 	4.12861e-07 	4.06803e-07 	4.70411e-06 	4.57275e-06 	4.46105e-06
0.3      0.3    0.3    0.3    0.3    3.33 	0.185221 	5.0059e-05 	-0.0150429 	4.31843e-13 	-1.26856e-13 	4.51218e-15 	1.47859e-13 	-6.4394e-17 	1.64e-13 	4.69697e-09 	-1.06948e-08 	-2.52994e-08 	3.37358e-08 	9.69415e-08 	3.01453e-07
0.3      0.3    0.3    0.3    0.3    3.42 	0.185221 	5.0059e-05 	-0.0150429 	4.31843e-13 	-1.26856e-13 	4.51218e-15 	1.47859e-13 	-6.4394e-17 	1.64e-13 	4.69697e-09 	-1.06948e-08 	-2.52994e-08 	3.37358e-08 	9.69415e-08 	3.01453e-07
0.3      0.3    0.3    0.3    0.3    3.51 	0.185221 	5.0059e-05 	-0.0150429 	4.31843e-13 	-1.26856e-13 	4.51218e-15 	1.47859e-13 	-6.4394e-17 	1.64e-13 	4.69697e-09 	-1.06948e-08 	-2.52994e-08 	3.37358e-08 	9.69415e-08 	3.01453e-07
0.3      0.3    0.3    0.3    0.3    3.6 	0.174876 	-0.0265833 	0.00659511 	4.15493e-13 	-1.1311e-13 	1.97913e-14 	1.17141e-13 	-5.99122e-15 	1.798e-13 	8.65709e-06 	-4.24592e-07 	-6.05047e-08 	2.119e-08 	2.98106e-09 	4.35538e-10
0.3      0.3    0.3    0.3    0.3    3.69 	0.174876 	-0.0265833 	0.00659511 	4.15493e-13 	-1.1311e-13 	1.97913e-14 	1.17141e-13 	-5.99122e-15 	1.798e-13 	8.65709e-06 	-4.24592e-07 	-6.05047e-08 	2.119e-08 	2.98106e-09 	4.35538e-10
0.3      0.3    0.3    0.3    0.3    3.78 	0.160785 	0.0135327 	0.0121024 	3.74378e-13 	-1.33196e-13 	4.1563e-14 	1.391e-13 	-2.62261e-14 	1.76505e-13 	2.45551e-07 	5.49286e-07 	3.59776e-07 	1.23486e-06 	8.07191e-07 	5.28067e-07
0.3      0.3    0.3    0.3    0.3    3.87 	0.160785 	0.0135327 	0.0121024 	3.74378e-13 	-1.33196e-13 	4.1563e-14 	1.391e-13 	-2.62261e-14 	1.76505e-13 	2.45551e-07 	5.49286e-07 	3.59776e-07 	1.23486e-06 	8.07191e-07 	5.28067e-07
0.3      0.3    0.3    0.3    0.3    3.96 	0.113787 	0.01919 	-0.0128762 	2.81568e-13 	-1.13188e-13 	5.2e-14 	1.30759e-13 	-8.91341e-15 	1.79562e-13 	4.62784e-06 	4.1942e-06 	7.93884e-07 	3.80405e-06 	7.14562e-07 	1.45058e-07
0.3      0.3    0.3    0.3    0.3    4.05 	0.113787 	0.01919 	-0.0128762 	2.81568e-13 	-1.13188e-13 	5.2e-14 	1.30759e-13 	-8.91341e-15 	1.79562e-13 	4.62784e-06 	4.1942e-06 	7.93884e-07 	3.80405e-06 	7.14562e-07 	1.45058e-07
0.3      0.3    0.3    0.3    0.3    4.14 	0.124019 	0.0291283 	-0.0288651 	3.8441e-13 	-1.06201e-13 	6.64725e-14 	1.26388e-13 	-3.42168e-15 	1.6202e-13 	2.77683e-06 	4.02701e-07 	2.33613e-06 	7.64344e-08 	3.36777e-07 	1.96564e-06
0.3      0.3    0.3    0.3    0.3    4.23 	0.124019 	0.0291283 	-0.0288651 	3.8441e-13 	-1.06201e-13 	6.64725e-14 	1.26388e-13 	-3.42168e-15 	1.6202e-13 	2.77683e-06 	4.02701e-07 	2.33613e-06 	7.64344e-08 	3.36777e-07 	1.96564e-06
0.3      0.3    0.3    0.3    0.3    4.32 	0.188107 	-0.041571 	0.00720323 	4.94388e-13 	-1.28819e-13 	5.5214e-14 	1.25563e-13 	-1.54743e-14 	1.58586e-13 	5.51487e-07 	4.90779e-07 	7.37461e-07 	4.38204e-07 	6.54611e-07 	9.88693e-07
0.3      0.3    0.3    0.3    0.3    4.41 	0.188107 	-0.041571 	0.00720323 	4.94388e-13 	-1.28819e-13 	5.5214e-14 	1.25563e-13 	-1.54743e-14 	1.58586e-13 	5.51487e-07 	4.90779e-07 	7.37461e-07 	4.38204e-07 	6.54611e-07 	9.88693e-07
0.3      0.3    0.3    0.3    0.3    4.5 	0.188107 	-0.041571 	0.00720323 	4.94388e-13 	-1.28819e-13 	5.5214e-14 	1.25563e-13 	-1.54743e-14 	1.58586e-13 	5.51487e-07 	4.90779e-07 	7.37461e-07 	4.38204e-07 	6.54611e-07 	9.88693e-07
