0.1    0.1    0.1    0.1    0.1    0 	0.0282007 	-0.0218687 	-0.00180705 	1.06519e-12 	-6.41767e-13 	-2.26869e-13 	8.09745e-13 	2.42908e-13 	2.54399e-13 	4.76842e-08 	-2.32838e-08 	3.01449e-08 	1.1572e-08 	-1.39579e-08 	2.256e-08
0.1    0.1    0.1    0.1    0.1    0 	0.00546021 	-0.0208292 	-0.047926 	2.64448e-13 	-9.31866e-14 	-6.4144e-14 	2.94031e-13 	2.07185e-13 	2.07103e-13 	9.11991e-07 	-1.2813e-07 	1.6141e-07 	1.80095e-08 	-2.26145e-08 	2.956e-08
0.1    0.1    0.1    0.1    0.1    0.09 	0.0282007 	-0.0218687 	-0.00180705 	1.06519e-12 	-6.41767e-13 	-2.26869e-13 	8.09745e-13 	2.42908e-13 	2.54399e-13 	4.76842e-08 	-2.32838e-08 	3.01449e-08 	1.1572e-08 	-1.39579e-08 	2.256e-08
0.1    0.1    0.1    0.1    0.1    0.09 	0.00546021 	-0.0208292 	-0.047926 	2.64448e-13 	-9.31866e-14 	-6.4144e-14 	2.94031e-13 	2.07185e-13 	2.07103e-13 	9.11991e-07 	-1.2813e-07 	1.6141e-07 	1.80095e-08 	-2.26145e-08 	2.956e-08
0.1    0.1    0.1    0.1    0.1    0.18 	0.00546021 	-0.0208292 	-0.047926 	2.64448e-13 	-9.31866e-14 	-6.4144e-14 	2.94031e-13 	2.07185e-13 	2.07103e-13 	9.11991e-07 	-1.2813e-07 	1.6141e-07 	1.80095e-08 	-2.26145e-08 	2.956e-08
0.1    0.1    0.1    0.1    0.1    0.27 	0.0188885 	-0.00311002 	0.0511443 	4.13225e-13 	-8.54771e-14 	2.97626e-14 	2.11781e-13 	1.24433e-13 	2.20797e-13 	2.12523e-09 	8.24084e-09 	6.22358e-10 	3.2214e-08 	2.55141e-09 	2.60545e-10
0.1    0.1    0.1    0.1    0.1    0.36 	0.0188885 	-0.00311002 	0.0511443 	4.13225e-13 	-8.54771e-14 	2.97626e-14 	2.11781e-13 	1.24433e-13 	2.20797e-13 	2.12523e-09 	8.24084e-09 	6.22358e-10 	3.2214e-08 	2.55141e-09 	2.60545e-10
0.1    0.1    0.1    0.1    0.1    0.45 	-0.00979357 	0.0066458 	-0.00445152 	5.32553e-13 	2.66679e-14 	3.42154e-13 	1.2616e-13 	3.46511e-14 	6.63249e-13 	2.96615e-09 	-2.6605e-09 	-1.12306e-08 	2.39621e-09 	1.00566e-08 	4.25665e-08
0.1    0.1    0.1    0.1    0.1    0.54 	-0.00979357 	0.0066458 	-0.00445152 	5.32553e-13 	2.66679e-14 	3.42154e-13 	1.2616e-13 	3.46511e-14 	6.63249e-13 	2.96615e-09 	-2.6605e-09 	-1.12306e-08 	2.39621e-09 	1.00566e-08 	4.25665e-08
0.1    0.1    0.1    0.1    0.1    0.63 	-0.0315404 	0.00338553 	-0.0113996 	5.93708e-13 	-6.15437e-15 	4.73714e-14 	1.38894e-13 	-1.38448e-13 	3.24941e-13 	3.0143e-10 	-6.15148e-10 	-1.22668e-09 	2.83156e-09 	5.89488e-09 	1.23211e-08
0.1    0.1    0.1    0.1    0.1    0.63 	-0.0445704 	0.00189114 	0.0471478 	6.06125e-13 	-8.25376e-14 	2.95823e-13 	1.11099e-13 	-4.26821e-13 	1.09503e-12 	5.97583e-09 	-7.14201e-09 	8.79463e-09 	8.72785e-09 	-1.04112e-08 	1.29956e-08
0.1    0.1    0.1    0.1    0.1    0.72 	-0.0445704 	0.00189114 	0.0471478 	6.06125e-13 	-8.25376e-14 	2.95823e-13 	1.11099e-13 	-4.26821e-13 	1.09503e-12 	5.97583e-09 	-7.14201e-09 	8.79463e-09 	8.72785e-09 	-1.04112e-08 	1.29956e-08
0.1    0.1    0.1    0.1    0.1    0.72 	-0.0315404 	0.00338553 	-0.0113996 	5.93708e-13 	-6.15437e-15 	4.73714e-14 	1.38894e-13 	-1.38448e-13 	3.24941e-13 	3.0143e-10 	-6.15148e-10 	-1.22668e-09 	2.83156e-09 	5.89488e-09 	1.23211e-08
0.1    0.1    0.1    0.1    0.1    0.81 	0.00611795 	0.00191748 	0.0171052 	3.86063e-13 	5.13132e-14 	1.3746e-13 	2.22894e-13 	-2.86417e-14 	4.29887e-13 	7.39565e-09 	-9.19381e-09 	1.66549e-08 	1.16554e-08 	-2.05655e-08 	3.75957e-08
0.1    0.1    0.1    0.1    0.1    0.81 	0.00572388 	0.000204691 	0.0278012 	6.05631e-13 	-7.42776e-14 	1.38911e-13 	2.05048e-13 	-2.67275e-13 	6.19738e-13 	1.76544e-08 	1.7608e-09 	2.1911e-08 	1.77134e-10 	2.20478e-09 	2.75653e-08
0.1    0.1    0.1    0.1    0.1    0.9 	0.00572388 	0.000204691 	0.0278012 	6.05631e-13 	-7.42776e-14 	1.38911e-13 	2.05048e-13 	-2.67275e-13 	6.19738e-13 	1.76544e-08 	1.7608e-09 	2.1911e-08 	1.77134e-10 	2.20478e-09 	2.75653e-08
0.1    0.1    0.1    0.1    0.1    0.9 	0.00611795 	0.00191748 	0.0171052 	3.86063e-13 	5.13132e-14 	1.3746e-13 	2.22894e-13 	-2.86417e-14 	4.29887e-13 	7.39565e-09 	-9.19381e-09 	1.66549e-08 	1.16554e-08 	-2.05655e-08 	3.75957e-08
0.1    0.1    0.1    0.1    0.1    0.99 	0.00157719 	0.00834545 	0.022691 	4.76514e-13 	-4.78144e-14 	-6.78575e-14 	1.50536e-13 	-1.41027e-13 	4.72112e-13 	1.02193e-08 	-1.75133e-08 	6.20731e-10 	3.00184e-08 	-1.04834e-09 	1.78119e-10
0.1    0.1    0.1    0.1    0.1    0.99 	-0.0208192 	-0.00110808 	-0.0574465 	6.33739e-13 	-2.46121e-13 	1.50345e-13 	3.61906e-13 	-1.47481e-13 	5.78923e-13 	2.88757e-08 	1.06288e-08 	-1.68384e-08 	4.17968e-09 	-6.27685e-09 	9.84532e-09
0.1    0.1    0.1    0.1    0.1    1.08 	0.00157719 	0.00834545 	0.022691 	4.76514e-13 	-4.78144e-14 	-6.78575e-14 	1.50536e-13 	-1.41027e-13 	4.72112e-13 	1.02193e-08 	-1.75133e-08 	6.20731e-10 	3.00184e-08 	-1.04834e-09 	1.78119e-10
0.1    0.1    0.1    0.1    0.1    1.17 	0.00157719 	0.00834545 	0.022691 	4.76514e-13 	-4.78144e-14 	-6.78575e-14 	1.50536e-13 	-1.41027e-13 	4.72112e-13 	1.02193e-08 	-1.75133e-08 	6.20731e-10 	3.00184e-08 	-1.04834e-09 	1.78119e-10
0.1    0.1    0.1    0.1    0.1    1.26 	0.0159708 	0.00117123 	-0.0226236 	3.82138e-13 	-9.92032e-14 	-3.42083e-14 	1.7031e-13 	-8.68822e-14 	3.6733e-13 	1.44121e-09 	-3.3821e-09 	-3.58323e-09 	8.78828e-09 	9.02742e-09 	9.35884e-09
0.1    0.1    0.1    0.1    0.1    1.26 	0.021348 	-0.0192666 	0.0330095 	7.13828e-13 	-1.87299e-13 	3.77206e-13 	7.50744e-13 	-8.51577e-13 	1.46973e-12 	2.5432e-07 	-4.4693e-08 	-2.8984e-07 	9.45077e-09 	5.05883e-08 	3.304e-07
0.1    0.1    0.1    0.1    0.1    1.35 	0.0159708 	0.00117123 	-0.0226236 	3.82138e-13 	-9.92032e-14 	-3.42083e-14 	1.7031e-13 	-8.68822e-14 	3.6733e-13 	1.44121e-09 	-3.3821e-09 	-3.58323e-09 	8.78828e-09 	9.02742e-09 	9.35884e-09
0.1    0.1    0.1    0.1    0.1    1.35 	0.021348 	-0.0192666 	0.0330095 	7.13828e-13 	-1.87299e-13 	3.77206e-13 	7.50744e-13 	-8.51577e-13 	1.46973e-12 	2.5432e-07 	-4.4693e-08 	-2.8984e-07 	9.45077e-09 	5.05883e-08 	3.304e-07
0.1    0.1    0.1    0.1    0.1    1.44 	-0.0365227 	-0.000352882 	0.0693458 	1.20421e-12 	-3.97186e-13 	-2.16618e-13 	4.78503e-13 	-6.7188e-14 	7.22874e-13 	1.54341e-10 	-1.46054e-09 	-5.47258e-10 	3.19107e-08 	1.22349e-08 	4.6932e-09
0.1    0.1    0.1    0.1    0.1    1.44 	-0.0234786 	-0.00845321 	0.0194629 	3.26931e-13 	6.37613e-14 	-4.91943e-14 	1.81989e-13 	6.84443e-14 	4.44938e-13 	1.38527e-08 	8.61312e-10 	-7.16404e-09 	6.5248e-11 	-4.39161e-10 	4.1646e-09
0.1    0.1    0.1    0.1    0.1    1.53 	-0.0234786 	-0.00845321 	0.0194629 	3.26931e-13 	6.37613e-14 	-4.91943e-14 	1.81989e-13 	6.84443e-14 	4.44938e-13 	1.38527e-08 	8.61312e-10 	-7.16404e-09 	6.5248e-11 	-4.39161e-10 	4.1646e-09
0.1    0.1    0.1    0.1    0.1    1.53 	-0.0365227 	-0.000352882 	0.0693458 	1.20421e-12 	-3.97186e-13 	-2.16618e-13 	4.78503e-13 	-6.7188e-14 	7.22874e-13 	1.54341e-10 	-1.46054e-09 	-5.47258e-10 	3.19107e-08 	1.22349e-08 	4.6932e-09
0.1    0.1    0.1    0.1    0.1    1.62 	0.00130045 	0.00867216 	-0.0254011 	7.73544e-13 	-3.44008e-14 	-4.42194e-13 	3.01773e-13 	-2.24287e-13 	1.14683e-12 	1.72867e-08 	1.3301e-09 	-3.72035e-08 	1.28947e-10 	-2.94584e-09 	8.03836e-08
0.1    0.1    0.1    0.1    0.1    1.62 	0.00725986 	0.0131724 	0.0203564 	4.14901e-13 	-1.87794e-14 	8.10561e-14 	2.79633e-13 	-2.0636e-13 	7.46654e-13 	1.65819e-08 	-2.71009e-09 	2.24049e-08 	4.49427e-10 	-3.65588e-09 	3.02831e-08
0.1    0.1    0.1    0.1    0.1    1.71 	0.00725986 	0.0131724 	0.0203564 	4.14901e-13 	-1.87794e-14 	8.10561e-14 	2.79633e-13 	-2.0636e-13 	7.46654e-13 	1.65819e-08 	-2.71009e-09 	2.24049e-08 	4.49427e-10 	-3.65588e-09 	3.02831e-08
0.1    0.1    0.1    0.1    0.1    1.71 	0.00130045 	0.00867216 	-0.0254011 	7.73544e-13 	-3.44008e-14 	-4.42194e-13 	3.01773e-13 	-2.24287e-13 	1.14683e-12 	1.72867e-08 	1.3301e-09 	-3.72035e-08 	1.28947e-10 	-2.94584e-09 	8.03836e-08
0.1    0.1    0.1    0.1    0.1    1.8 	0.0678073 	-0.017685 	-0.0284774 	6.6334e-13 	-2.15864e-13 	-1.85122e-14 	2.54705e-13 	-6.84029e-14 	2.78589e-13 	2.57176e-08 	-6.77768e-09 	-4.02538e-08 	1.82941e-09 	1.05644e-08 	6.31236e-08
0.1    0.1    0.1    0.1    0.1    1.8 	0.0141636 	0.0106427 	-0.0256646 	8.8545e-13 	-2.04507e-13 	-1.31584e-13 	3.04703e-13 	-6.83545e-14 	1.05021e-12 	1.48515e-07 	1.08641e-08 	-3.32932e-08 	9.41703e-10 	-2.48016e-09 	7.47793e-09
0.1    0.1    0.1    0.1    0.1    1.89 	0.0141636 	0.0106427 	-0.0256646 	8.8545e-13 	-2.04507e-13 	-1.31584e-13 	3.04703e-13 	-6.83545e-14 	1.05021e-12 	1.48515e-07 	1.08641e-08 	-3.32932e-08 	9.41703e-10 	-2.48016e-09 	7.47793e-09
0.1    0.1    0.1    0.1    0.1    1.89 	0.0678073 	-0.017685 	-0.0284774 	6.6334e-13 	-2.15864e-13 	-1.85122e-14 	2.54705e-13 	-6.84029e-14 	2.78589e-13 	2.57176e-08 	-6.77768e-09 	-4.02538e-08 	1.82941e-09 	1.05644e-08 	6.31236e-08
0.1    0.1    0.1    0.1    0.1    1.98 	0.0379865 	-0.0154931 	0.0396719 	8.07179e-13 	-1.90266e-13 	2.19901e-13 	5.42664e-13 	-1.49567e-13 	3.85117e-13 	7.36363e-07 	-2.50253e-08 	-8.50537e-08 	9.58544e-10 	3.13756e-09 	1.04051e-08
0.1    0.1    0.1    0.1    0.1    1.98 	0.0535597 	-0.0145474 	-0.0167368 	1.54688e-12 	-5.69799e-13 	1.87491e-13 	5.15137e-13 	-8.01936e-14 	5.52255e-13 	7.23388e-08 	-6.95411e-09 	1.05329e-07 	7.14742e-10 	-1.01715e-08 	1.53414e-07
0.1    0.1    0.1    0.1    0.1    2.07 	0.0535597 	-0.0145474 	-0.0167368 	1.54688e-12 	-5.69799e-13 	1.87491e-13 	5.15137e-13 	-8.01936e-14 	5.52255e-13 	7.23388e-08 	-6.95411e-09 	1.05329e-07 	7.14742e-10 	-1.01715e-08 	1.53414e-07
0.1    0.1    0.1    0.1    0.1    2.07 	0.0379865 	-0.0154931 	0.0396719 	8.07179e-13 	-1.90266e-13 	2.19901e-13 	5.42664e-13 	-1.49567e-13 	3.85117e-13 	7.36363e-07 	-2.50253e-08 	-8.50537e-08 	9.58544e-10 	3.13756e-09 	1.04051e-08
0.1    0.1    0.1    0.1    0.1    2.16 	-0.0101315 	-0.00906601 	-0.00429761 	5.5494e-13 	-2.22711e-13 	-5.60853e-14 	3.85262e-13 	1.49464e-13 	5.00422e-13 	2.87595e-08 	1.59084e-09 	8.27291e-09 	8.93859e-11 	4.69523e-10 	2.62603e-09
0.1    0.1    0.1    0.1    0.1    2.16 	-0.00910102 	0.0140821 	0.0153554 	4.11684e-13 	-3.7906e-14 	9.41367e-14 	1.91634e-13 	1.50318e-14 	3.72337e-13 	1.80627e-08 	1.72908e-08 	-1.22564e-08 	1.66075e-08 	-1.17704e-08 	8.34315e-09
0.1    0.1    0.1    0.1    0.1    2.25 	-0.0101315 	-0.00906601 	-0.00429761 	5.5494e-13 	-2.22711e-13 	-5.60853e-14 	3.85262e-13 	1.49464e-13 	5.00422e-13 	2.87595e-08 	1.59084e-09 	8.27291e-09 	8.93859e-11 	4.69523e-10 	2.62603e-09
0.1    0.1    0.1    0.1    0.1    2.25 	-0.00910102 	0.0140821 	0.0153554 	4.11684e-13 	-3.7906e-14 	9.41367e-14 	1.91634e-13 	1.50318e-14 	3.72337e-13 	1.80627e-08 	1.72908e-08 	-1.22564e-08 	1.66075e-08 	-1.17704e-08 	8.34315e-09
0.1    0.1    0.1    0.1    0.1    2.34 	-0.00910102 	0.0140821 	0.0153554 	4.11684e-13 	-3.7906e-14 	9.41367e-14 	1.91634e-13 	1.50318e-14 	3.72337e-13 	1.80627e-08 	1.72908e-08 	-1.22564e-08 	1.66075e-08 	-1.17704e-08 	8.34315e-09
0.1    0.1    0.1    0.1    0.1    2.34 	-0.0101315 	-0.00906601 	-0.00429761 	5.5494e-13 	-2.22711e-13 	-5.60853e-14 	3.85262e-13 	1.49464e-13 	5.00422e-13 	2.87595e-08 	1.59084e-09 	8.27291e-09 	8.93859e-11 	4.69523e-10 	2.62603e-09
0.1    0.1    0.1    0.1    0.1    2.43 	-0.0290622 	0.00226186 	0.00471672 	6.87053e-13 	-1.11829e-13 	-4.28606e-13 	6.54966e-13 	1.0504e-12 	4.07264e-12 	1.87245e-09 	-1.38227e-09 	6.35192e-09 	1.02664e-09 	-4.6531e-09 	2.18024e-08
0.1    0.1    0.1    0.1    0.1    2.43 	-0.0407858 	0.00585455 	0.00136048 	3.45537e-13 	-2.67392e-14 	-1.02151e-13 	2.03349e-13 	1.52711e-13 	8.89283e-13 	3.96972e-09 	3.84337e-09 	3.81509e-09 	4.10751e-09 	3.77637e-09 	3.6848e-09
0.1    0.1    0.1    0.1    0.1    2.52 	-0.0290622 	0.00226186 	0.00471672 	6.87053e-13 	-1.11829e-13 	-4.28606e-13 	6.54966e-13 	1.0504e-12 	4.07264e-12 	1.87245e-09 	-1.38227e-09 	6.35192e-09 	1.02664e-09 	-4.6531e-09 	2.18024e-08
0.1    0.1    0.1    0.1    0.1    2.52 	-0.0407858 	0.00585455 	0.00136048 	3.45537e-13 	-2.67392e-14 	-1.02151e-13 	2.03349e-13 	1.52711e-13 	8.89283e-13 	3.96972e-09 	3.84337e-09 	3.81509e-09 	4.10751e-09 	3.77637e-09 	3.6848e-09
0.1    0.1    0.1    0.1    0.1    2.61 	-0.0111091 	-0.00209053 	-0.0227703 	5.79996e-13 	3.91617e-14 	5.29195e-14 	1.11978e-13 	-2.68231e-14 	2.2664e-13 	3.91158e-10 	2.20713e-09 	1.57386e-10 	2.08527e-08 	6.95697e-10 	6.87743e-11
0.1    0.1    0.1    0.1    0.1    2.61 	0.0161925 	-0.00229194 	0.0120163 	8.51636e-13 	-6.55938e-14 	3.13151e-13 	4.8836e-14 	3.49237e-15 	1.84815e-13 	1.58263e-10 	5.76126e-10 	-1.2041e-09 	3.00517e-09 	-7.14455e-09 	1.75684e-08
0.1    0.1    0.1    0.1    0.1    2.7 	0.0161925 	-0.00229194 	0.0120163 	8.51636e-13 	-6.55938e-14 	3.13151e-13 	4.8836e-14 	3.49237e-15 	1.84815e-13 	1.58263e-10 	5.76126e-10 	-1.2041e-09 	3.00517e-09 	-7.14455e-09 	1.75684e-08
0.1    0.1    0.1    0.1    0.1    2.7 	-0.0111091 	-0.00209053 	-0.0227703 	5.79996e-13 	3.91617e-14 	5.29195e-14 	1.11978e-13 	-2.68231e-14 	2.2664e-13 	3.91158e-10 	2.20713e-09 	1.57386e-10 	2.08527e-08 	6.95697e-10 	6.87743e-11
0.1    0.1    0.1    0.1    0.1    2.79 	-0.00602865 	-0.00329943 	-0.00662671 	5.27874e-13 	-1.13217e-13 	1.55334e-13 	1.17607e-13 	-3.62369e-14 	3.03267e-13 	1.19062e-11 	2.80701e-10 	-2.1238e-10 	1.07004e-08 	-9.18225e-09 	8.27658e-09
0.1    0.1    0.1    0.1    0.1    2.79 	0.0191041 	-0.00377803 	-0.00561979 	6.78108e-13 	-1.68038e-13 	-9.01171e-14 	1.9909e-13 	8.61496e-14 	3.96964e-13 	7.74323e-09 	5.62615e-09 	6.31787e-09 	4.09019e-09 	4.63275e-09 	6.31465e-09
0.1    0.1    0.1    0.1    0.1    2.88 	0.0191041 	-0.00377803 	-0.00561979 	6.78108e-13 	-1.68038e-13 	-9.01171e-14 	1.9909e-13 	8.61496e-14 	3.96964e-13 	7.74323e-09 	5.62615e-09 	6.31787e-09 	4.09019e-09 	4.63275e-09 	6.31465e-09
0.1    0.1    0.1    0.1    0.1    2.88 	-0.00602865 	-0.00329943 	-0.00662671 	5.27874e-13 	-1.13217e-13 	1.55334e-13 	1.17607e-13 	-3.62369e-14 	3.03267e-13 	1.19062e-11 	2.80701e-10 	-2.1238e-10 	1.07004e-08 	-9.18225e-09 	8.27658e-09
0.1    0.1    0.1    0.1    0.1    2.97 	0.0108991 	0.00605008 	0.00109828 	3.90307e-13 	-2.17781e-14 	8.9479e-14 	6.05927e-14 	1.11055e-14 	1.92443e-13 	3.97858e-08 	-1.42787e-08 	4.49e-08 	5.12836e-09 	-1.61105e-08 	5.06898e-08
0.1    0.1    0.1    0.1    0.1    2.97 	-0.00783908 	0.00586882 	-0.012678 	1.16218e-12 	-3.83779e-13 	-6.1415e-13 	4.52047e-13 	4.07563e-13 	9.63521e-13 	7.08847e-09 	-3.88766e-09 	2.6968e-08 	2.19121e-09 	-1.43201e-08 	1.06548e-07
0.1    0.1    0.1    0.1    0.1    3.06 	-0.00783908 	0.00586882 	-0.012678 	1.16218e-12 	-3.83779e-13 	-6.1415e-13 	4.52047e-13 	4.07563e-13 	9.63521e-13 	7.08847e-09 	-3.88766e-09 	2.6968e-08 	2.19121e-09 	-1.43201e-08 	1.06548e-07
0.1    0.1    0.1    0.1    0.1    3.06 	0.0108991 	0.00605008 	0.00109828 	3.90307e-13 	-2.17781e-14 	8.9479e-14 	6.05927e-14 	1.11055e-14 	1.92443e-13 	3.97858e-08 	-1.42787e-08 	4.49e-08 	5.12836e-09 	-1.61105e-08 	5.06898e-08
0.1    0.1    0.1    0.1    0.1    3.15 	0.0378829 	-0.0109307 	0.00409884 	9.81832e-13 	-4.55804e-13 	-2.24742e-13 	6.8164e-13 	2.15791e-13 	3.68816e-13 	2.86903e-09 	6.15848e-09 	-2.27189e-08 	4.17645e-08 	-1.31423e-07 	4.19304e-07
0.1    0.1    0.1    0.1    0.1    3.15 	-0.0153109 	0.00857501 	-0.0301657 	4.26078e-13 	-5.46063e-15 	6.45431e-14 	9.69074e-14 	1.36154e-14 	1.76117e-13 	3.76642e-08 	6.62065e-09 	4.92226e-08 	1.39178e-09 	8.68228e-09 	6.4332e-08
0.1    0.1    0.1    0.1    0.1    3.24 	0.0378829 	-0.0109307 	0.00409884 	9.81832e-13 	-4.55804e-13 	-2.24742e-13 	6.8164e-13 	2.15791e-13 	3.68816e-13 	2.86903e-09 	6.15848e-09 	-2.27189e-08 	4.17645e-08 	-1.31423e-07 	4.19304e-07
0.1    0.1    0.1    0.1    0.1    3.24 	-0.0153109 	0.00857501 	-0.0301657 	4.26078e-13 	-5.46063e-15 	6.45431e-14 	9.69074e-14 	1.36154e-14 	1.76117e-13 	3.76642e-08 	6.62065e-09 	4.92226e-08 	1.39178e-09 	8.68228e-09 	6.4332e-08
0.1    0.1    0.1    0.1    0.1    3.33 	-0.0169962 	0.00233292 	0.0303285 	4.01107e-13 	4.6593e-14 	9.43253e-14 	2.40173e-13 	-3.84993e-16 	2.55026e-13 	3.24685e-09 	4.04106e-10 	2.3402e-09 	6.00209e-11 	2.88803e-10 	1.69082e-09
0.1    0.1    0.1    0.1    0.1    3.42 	0.00973677 	-0.000870686 	-0.0257281 	7.06016e-13 	1.43923e-13 	7.0709e-14 	2.27029e-13 	8.76471e-14 	2.91323e-13 	2.78714e-09 	1.20322e-10 	1.1102e-08 	1.06282e-10 	3.90985e-10 	4.43137e-08
0.1    0.1    0.1    0.1    0.1    3.42 	-0.0169962 	0.00233292 	0.0303285 	4.01107e-13 	4.6593e-14 	9.43253e-14 	2.40173e-13 	-3.84993e-16 	2.55026e-13 	3.24685e-09 	4.04106e-10 	2.3402e-09 	6.00209e-11 	2.88803e-10 	1.69082e-09
0.1    0.1    0.1    0.1    0.1    3.51 	0.00973677 	-0.000870686 	-0.0257281 	7.06016e-13 	1.43923e-13 	7.0709e-14 	2.27029e-13 	8.76471e-14 	2.91323e-13 	2.78714e-09 	1.20322e-10 	1.1102e-08 	1.06282e-10 	3.90985e-10 	4.43137e-08
0.1    0.1    0.1    0.1    0.1    3.51 	-0.0169962 	0.00233292 	0.0303285 	4.01107e-13 	4.6593e-14 	9.43253e-14 	2.40173e-13 	-3.84993e-16 	2.55026e-13 	3.24685e-09 	4.04106e-10 	2.3402e-09 	6.00209e-11 	2.88803e-10 	1.69082e-09
0.1    0.1    0.1    0.1    0.1    3.6 	-0.0161659 	0.0051007 	0.0139921 	1.72339e-12 	-4.47187e-13 	-1.13193e-12 	3.61389e-13 	3.81441e-13 	1.63194e-12 	1.81969e-08 	2.7621e-09 	-1.77448e-08 	5.14297e-10 	-2.72934e-09 	1.73447e-08
0.1    0.1    0.1    0.1    0.1    3.6 	0.00082908 	0.00814877 	0.0132658 	6.10261e-13 	-2.08377e-14 	-2.60666e-14 	2.29628e-13 	1.32914e-13 	5.01069e-13 	9.66639e-09 	5.53167e-10 	1.33881e-08 	3.82535e-11 	7.52385e-10 	1.87297e-08
0.1    0.1    0.1    0.1    0.1    3.69 	-0.0161659 	0.0051007 	0.0139921 	1.72339e-12 	-4.47187e-13 	-1.13193e-12 	3.61389e-13 	3.81441e-13 	1.63194e-12 	1.81969e-08 	2.7621e-09 	-1.77448e-08 	5.14297e-10 	-2.72934e-09 	1.73447e-08
0.1    0.1    0.1    0.1    0.1    3.69 	0.00082908 	0.00814877 	0.0132658 	6.10261e-13 	-2.08377e-14 	-2.60666e-14 	2.29628e-13 	1.32914e-13 	5.01069e-13 	9.66639e-09 	5.53167e-10 	1.33881e-08 	3.82535e-11 	7.52385e-10 	1.87297e-08
0.1    0.1    0.1    0.1    0.1    3.78 	-0.0168632 	0.0142946 	-0.0219881 	3.31008e-13 	1.4879e-14 	-1.04767e-13 	1.77723e-13 	-1.0023e-13 	5.67919e-13 	2.25885e-08 	-1.1676e-08 	1.55233e-08 	6.04852e-09 	-8.09559e-09 	1.1192e-08
0.1    0.1    0.1    0.1    0.1    3.78 	0.018943 	-0.012942 	-0.0288683 	5.56154e-13 	-1.81216e-13 	3.40878e-13 	2.59008e-13 	-2.11691e-13 	5.03517e-13 	3.09109e-08 	-2.87858e-09 	-1.12838e-08 	4.4487e-10 	1.41367e-09 	4.91461e-09
0.1    0.1    0.1    0.1    0.1    3.87 	0.018943 	-0.012942 	-0.0288683 	5.56154e-13 	-1.81216e-13 	3.40878e-13 	2.59008e-13 	-2.11691e-13 	5.03517e-13 	3.09109e-08 	-2.87858e-09 	-1.12838e-08 	4.4487e-10 	1.41367e-09 	4.91461e-09
0.1    0.1    0.1    0.1    0.1    3.96 	0.0115322 	0.000818185 	0.0182852 	6.6223e-13 	-1.1238e-13 	-1.08183e-13 	1.6493e-13 	7.85448e-14 	4.50001e-13 	2.49879e-08 	1.37876e-11 	2.21291e-08 	1.95175e-12 	1.05293e-11 	1.98505e-08
0.1    0.1    0.1    0.1    0.1    3.96 	-0.00360221 	-0.00143084 	-0.0480021 	3.41734e-13 	-3.95863e-14 	-1.56228e-13 	1.7336e-13 	-1.11299e-13 	4.04572e-13 	1.59809e-09 	-9.53714e-10 	3.09151e-09 	7.04082e-10 	-1.98067e-09 	6.15421e-09
0.1    0.1    0.1    0.1    0.1    4.05 	0.0115322 	0.000818185 	0.0182852 	6.6223e-13 	-1.1238e-13 	-1.08183e-13 	1.6493e-13 	7.85448e-14 	4.50001e-13 	2.49879e-08 	1.37876e-11 	2.21291e-08 	1.95175e-12 	1.05293e-11 	1.98505e-08
0.1    0.1    0.1    0.1    0.1    4.05 	-0.00360221 	-0.00143084 	-0.0480021 	3.41734e-13 	-3.95863e-14 	-1.56228e-13 	1.7336e-13 	-1.11299e-13 	4.04572e-13 	1.59809e-09 	-9.53714e-10 	3.09151e-09 	7.04082e-10 	-1.98067e-09 	6.15421e-09
0.1    0.1    0.1    0.1    0.1    4.14 	0.0404198 	0.00762112 	-0.0546106 	1.59227e-12 	-5.2242e-13 	-5.86018e-13 	3.23638e-13 	1.25146e-13 	5.83505e-13 	1.51559e-10 	-5.09245e-12 	-7.27023e-10 	8.23837e-10 	-2.81373e-09 	1.32751e-08
0.1    0.1    0.1    0.1    0.1    4.14 	-0.031108 	-0.00821802 	-0.0127793 	3.10599e-13 	-1.40051e-13 	-2.79249e-14 	2.91751e-13 	-6.9774e-14 	2.08757e-13 	2.42951e-07 	1.77443e-09 	-1.77134e-07 	4.25999e-11 	-1.2347e-09 	1.2927e-07
0.1    0.1    0.1    0.1    0.1    4.23 	0.0404198 	0.00762112 	-0.0546106 	1.59227e-12 	-5.2242e-13 	-5.86018e-13 	3.23638e-13 	1.25146e-13 	5.83505e-13 	1.51559e-10 	-5.09245e-12 	-7.27023e-10 	8.23837e-10 	-2.81373e-09 	1.32751e-08
0.1    0.1    0.1    0.1    0.1    4.32 	0.109478 	-0.00855034 	-0.0550656 	1.03377e-12 	-5.3681e-13 	-6.17647e-14 	5.49488e-13 	-2.15771e-13 	3.92931e-13 	1.12891e-08 	-1.28905e-08 	5.22021e-09 	1.51883e-08 	-6.4739e-09 	2.988e-09
0.1    0.1    0.1    0.1    0.1    4.32 	-0.0258504 	-0.00149227 	-0.01229 	3.51161e-13 	-1.20006e-13 	3.33573e-14 	2.71451e-13 	-8.0056e-14 	2.69434e-13 	5.99318e-09 	-5.05906e-09 	7.72573e-09 	4.27956e-09 	-6.56012e-09 	1.01616e-08
0.1    0.1    0.1    0.1    0.1    4.41 	0.109478 	-0.00855034 	-0.0550656 	1.03377e-12 	-5.3681e-13 	-6.17647e-14 	5.49488e-13 	-2.15771e-13 	3.92931e-13 	1.12891e-08 	-1.28905e-08 	5.22021e-09 	1.51883e-08 	-6.4739e-09 	2.988e-09
0.1    0.1    0.1    0.1    0.1    4.41 	-0.0258504 	-0.00149227 	-0.01229 	3.51161e-13 	-1.20006e-13 	3.33573e-14 	2.71451e-13 	-8.0056e-14 	2.69434e-13 	5.99318e-09 	-5.05906e-09 	7.72573e-09 	4.27956e-09 	-6.56012e-09 	1.01616e-08
0.1    0.1    0.1    0.1    0.1    4.5 	0.109478 	-0.00855034 	-0.0550656 	1.03377e-12 	-5.3681e-13 	-6.17647e-14 	5.49488e-13 	-2.15771e-13 	3.92931e-13 	1.12891e-08 	-1.28905e-08 	5.22021e-09 	1.51883e-08 	-6.4739e-09 	2.988e-09
0.1    0.1    0.1    0.1    0.1    4.5 	-0.0258504 	-0.00149227 	-0.01229 	3.51161e-13 	-1.20006e-13 	3.33573e-14 	2.71451e-13 	-8.0056e-14 	2.69434e-13 	5.99318e-09 	-5.05906e-09 	7.72573e-09 	4.27956e-09 	-6.56012e-09 	1.01616e-08
0.2    0.2    0.2    0.2    0.2    0 	0.0293417 	-0.0224009 	-0.00205054 	1.14163e-12 	-6.91018e-13 	-2.32801e-13 	8.35032e-13 	2.35931e-13 	2.61516e-13 	3.05686e-07 	-1.50666e-07 	1.46518e-08 	7.44329e-08 	-7.2505e-09 	1.48391e-08
0.2    0.2    0.2    0.2    0.2    0 	0.00246374 	-0.0204726 	-0.0479878 	2.59562e-13 	-8.51344e-14 	-5.06658e-14 	2.89044e-13 	1.95531e-13 	1.963e-13 	3.25735e-06 	-4.29461e-07 	2.95206e-07 	5.67389e-08 	-3.96229e-08 	3.27838e-08
0.2    0.2    0.2    0.2    0.2    0.09 	0.0293417 	-0.0224009 	-0.00205054 	1.14163e-12 	-6.91018e-13 	-2.32801e-13 	8.35032e-13 	2.35931e-13 	2.61516e-13 	3.05686e-07 	-1.50666e-07 	1.46518e-08 	7.44329e-08 	-7.2505e-09 	1.48391e-08
0.2    0.2    0.2    0.2    0.2    0.09 	0.00246374 	-0.0204726 	-0.0479878 	2.59562e-13 	-8.51344e-14 	-5.06658e-14 	2.89044e-13 	1.95531e-13 	1.963e-13 	3.25735e-06 	-4.29461e-07 	2.95206e-07 	5.67389e-08 	-3.96229e-08 	3.27838e-08
0.2    0.2    0.2    0.2    0.2    0.18 	0.00246374 	-0.0204726 	-0.0479878 	2.59562e-13 	-8.51344e-14 	-5.06658e-14 	2.89044e-13 	1.95531e-13 	1.963e-13 	3.25735e-06 	-4.29461e-07 	2.95206e-07 	5.67389e-08 	-3.96229e-08 	3.27838e-08
0.2    0.2    0.2    0.2    0.2    0.27 	0.0187684 	-0.00343877 	0.0510866 	4.05633e-13 	-8.31008e-14 	2.86967e-14 	2.1157e-13 	1.2519e-13 	2.20103e-13 	4.96553e-09 	1.77238e-08 	2.39349e-09 	6.4054e-08 	8.58483e-09 	1.24696e-09
0.2    0.2    0.2    0.2    0.2    0.36 	0.0187684 	-0.00343877 	0.0510866 	4.05633e-13 	-8.31008e-14 	2.86967e-14 	2.1157e-13 	1.2519e-13 	2.20103e-13 	4.96553e-09 	1.77238e-08 	2.39349e-09 	6.4054e-08 	8.58483e-09 	1.24696e-09
0.2    0.2    0.2    0.2    0.2    0.45 	-0.00991258 	0.00669985 	-0.00393008 	5.29014e-13 	2.63733e-14 	3.40674e-13 	1.26642e-13 	3.45744e-14 	6.63406e-13 	7.6046e-09 	-5.31736e-09 	-3.06296e-08 	3.82386e-09 	2.12763e-08 	1.2357e-07
0.2    0.2    0.2    0.2    0.2    0.54 	-0.00991258 	0.00669985 	-0.00393008 	5.29014e-13 	2.63733e-14 	3.40674e-13 	1.26642e-13 	3.45744e-14 	6.63406e-13 	7.6046e-09 	-5.31736e-09 	-3.06296e-08 	3.82386e-09 	2.12763e-08 	1.2357e-07
0.2    0.2    0.2    0.2    0.2    0.63 	-0.0317369 	0.00347402 	-0.011187 	5.92087e-13 	-5.94076e-15 	4.77668e-14 	1.38061e-13 	-1.39687e-13 	3.29385e-13 	6.75113e-09 	-5.78249e-09 	-1.26148e-08 	6.32561e-09 	1.36156e-08 	2.93633e-08
0.2    0.2    0.2    0.2    0.2    0.63 	-0.0443098 	0.00180744 	0.0475583 	6.01646e-13 	-8.14263e-14 	2.95689e-13 	1.10624e-13 	-4.22918e-13 	1.11415e-12 	2.34706e-08 	-1.69364e-08 	3.68295e-08 	1.3518e-08 	-2.63885e-08 	5.78542e-08
0.2    0.2    0.2    0.2    0.2    0.72 	-0.0443098 	0.00180744 	0.0475583 	6.01646e-13 	-8.14263e-14 	2.95689e-13 	1.10624e-13 	-4.22918e-13 	1.11415e-12 	2.34706e-08 	-1.69364e-08 	3.68295e-08 	1.3518e-08 	-2.63885e-08 	5.78542e-08
0.2    0.2    0.2    0.2    0.2    0.72 	-0.0317369 	0.00347402 	-0.011187 	5.92087e-13 	-5.94076e-15 	4.77668e-14 	1.38061e-13 	-1.39687e-13 	3.29385e-13 	6.75113e-09 	-5.78249e-09 	-1.26148e-08 	6.32561e-09 	1.36156e-08 	2.93633e-08
0.2    0.2    0.2    0.2    0.2    0.81 	0.00589825 	0.00208015 	0.0165133 	3.87633e-13 	5.16313e-14 	1.37187e-13 	2.22553e-13 	-2.76864e-14 	4.31795e-13 	2.14459e-08 	-2.04396e-08 	5.33353e-08 	2.00264e-08 	-5.03989e-08 	1.32998e-07
0.2    0.2    0.2    0.2    0.2    0.81 	0.00517848 	0.000129754 	0.027434 	6.0259e-13 	-7.19906e-14 	1.37482e-13 	2.04312e-13 	-2.68223e-13 	6.27967e-13 	8.62953e-08 	9.99615e-09 	7.72366e-08 	1.16927e-09 	8.83428e-09 	7.10686e-08
0.2    0.2    0.2    0.2    0.2    0.9 	0.00517848 	0.000129754 	0.027434 	6.0259e-13 	-7.19906e-14 	1.37482e-13 	2.04312e-13 	-2.68223e-13 	6.27967e-13 	8.62953e-08 	9.99615e-09 	7.72366e-08 	1.16927e-09 	8.83428e-09 	7.10686e-08
0.2    0.2    0.2    0.2    0.2    0.9 	0.00589825 	0.00208015 	0.0165133 	3.87633e-13 	5.16313e-14 	1.37187e-13 	2.22553e-13 	-2.76864e-14 	4.31795e-13 	2.14459e-08 	-2.04396e-08 	5.33353e-08 	2.00264e-08 	-5.03989e-08 	1.32998e-07
0.2    0.2    0.2    0.2    0.2    0.99 	0.00181282 	0.00795479 	0.0228505 	4.75928e-13 	-4.78784e-14 	-6.7942e-14 	1.50601e-13 	-1.41447e-13 	4.73246e-13 	2.76948e-08 	-4.65383e-08 	9.72264e-09 	7.82129e-08 	-1.62599e-08 	4.21153e-09
0.2    0.2    0.2    0.2    0.2    0.99 	-0.0212412 	-0.00120688 	-0.0573241 	6.31767e-13 	-2.45595e-13 	1.5139e-13 	3.63255e-13 	-1.51047e-13 	5.80795e-13 	8.0551e-08 	2.15429e-08 	-3.67025e-08 	6.07792e-09 	-1.00861e-08 	1.72131e-08
0.2    0.2    0.2    0.2    0.2    1.08 	0.00181282 	0.00795479 	0.0228505 	4.75928e-13 	-4.78784e-14 	-6.7942e-14 	1.50601e-13 	-1.41447e-13 	4.73246e-13 	2.76948e-08 	-4.65383e-08 	9.72264e-09 	7.82129e-08 	-1.62599e-08 	4.21153e-09
0.2    0.2    0.2    0.2    0.2    1.17 	0.00181282 	0.00795479 	0.0228505 	4.75928e-13 	-4.78784e-14 	-6.7942e-14 	1.50601e-13 	-1.41447e-13 	4.73246e-13 	2.76948e-08 	-4.65383e-08 	9.72264e-09 	7.82129e-08 	-1.62599e-08 	4.21153e-09
0.2    0.2    0.2    0.2    0.2    1.26 	0.0157456 	0.00135221 	-0.0222778 	3.81932e-13 	-9.89029e-14 	-3.18344e-14 	1.71181e-13 	-8.91827e-14 	3.70289e-13 	1.17556e-08 	-1.45896e-08 	-2.10345e-08 	1.98801e-08 	2.72371e-08 	3.83654e-08
0.2    0.2    0.2    0.2    0.2    1.26 	0.0196511 	-0.0193484 	0.0348937 	6.81132e-13 	-1.53656e-13 	3.30523e-13 	7.42571e-13 	-8.41638e-13 	1.45626e-12 	9.63569e-07 	-3.37879e-08 	-1.09493e-06 	5.47061e-09 	3.85425e-08 	1.24437e-06
0.2    0.2    0.2    0.2    0.2    1.35 	0.0157456 	0.00135221 	-0.0222778 	3.81932e-13 	-9.89029e-14 	-3.18344e-14 	1.71181e-13 	-8.91827e-14 	3.70289e-13 	1.17556e-08 	-1.45896e-08 	-2.10345e-08 	1.98801e-08 	2.72371e-08 	3.83654e-08
0.2    0.2    0.2    0.2    0.2    1.35 	0.0196511 	-0.0193484 	0.0348937 	6.81132e-13 	-1.53656e-13 	3.30523e-13 	7.42571e-13 	-8.41638e-13 	1.45626e-12 	9.63569e-07 	-3.37879e-08 	-1.09493e-06 	5.47061e-09 	3.85425e-08 	1.24437e-06
0.2    0.2    0.2    0.2    0.2    1.44 	-0.0363896 	6.6191e-05 	0.0695491 	1.20126e-12 	-3.94334e-13 	-2.06757e-13 	4.79124e-13 	-7.48579e-14 	7.35552e-13 	2.09023e-09 	1.0218e-08 	4.56991e-09 	8.30582e-08 	3.53474e-08 	1.51037e-08
0.2    0.2    0.2    0.2    0.2    1.44 	-0.0232131 	-0.00832343 	0.0191067 	3.26859e-13 	6.28756e-14 	-4.81633e-14 	1.81872e-13 	7.11807e-14 	4.47202e-13 	3.62709e-08 	8.15508e-09 	-3.28527e-08 	2.26738e-09 	-8.21947e-09 	3.17125e-08
0.2    0.2    0.2    0.2    0.2    1.53 	-0.0232131 	-0.00832343 	0.0191067 	3.26859e-13 	6.28756e-14 	-4.81633e-14 	1.81872e-13 	7.11807e-14 	4.47202e-13 	3.62709e-08 	8.15508e-09 	-3.28527e-08 	2.26738e-09 	-8.21947e-09 	3.17125e-08
0.2    0.2    0.2    0.2    0.2    1.53 	-0.0363896 	6.6191e-05 	0.0695491 	1.20126e-12 	-3.94334e-13 	-2.06757e-13 	4.79124e-13 	-7.48579e-14 	7.35552e-13 	2.09023e-09 	1.0218e-08 	4.56991e-09 	8.30582e-08 	3.53474e-08 	1.51037e-08
0.2    0.2    0.2    0.2    0.2    1.62 	0.00189756 	0.00861449 	-0.0262281 	7.72387e-13 	-3.19635e-14 	-4.4172e-13 	3.03378e-13 	-2.26991e-13 	1.15318e-12 	9.40554e-08 	-3.1463e-09 	-1.57414e-07 	2.93513e-10 	4.44898e-09 	2.67048e-07
0.2    0.2    0.2    0.2    0.2    1.62 	0.00682637 	0.0133079 	0.0197469 	4.2145e-13 	-2.19428e-14 	8.4595e-14 	2.82462e-13 	-2.11434e-13 	7.65147e-13 	6.46251e-08 	-1.57242e-08 	8.78693e-08 	3.92573e-09 	-2.14126e-08 	1.19506e-07
0.2    0.2    0.2    0.2    0.2    1.71 	0.00682637 	0.0133079 	0.0197469 	4.2145e-13 	-2.19428e-14 	8.4595e-14 	2.82462e-13 	-2.11434e-13 	7.65147e-13 	6.46251e-08 	-1.57242e-08 	8.78693e-08 	3.92573e-09 	-2.14126e-08 	1.19506e-07
0.2    0.2    0.2    0.2    0.2    1.71 	0.00189756 	0.00861449 	-0.0262281 	7.72387e-13 	-3.19635e-14 	-4.4172e-13 	3.03378e-13 	-2.26991e-13 	1.15318e-12 	9.40554e-08 	-3.1463e-09 	-1.57414e-07 	2.93513e-10 	4.44898e-09 	2.67048e-07
0.2    0.2    0.2    0.2    0.2    1.8 	0.0673142 	-0.017595 	-0.0275382 	6.46305e-13 	-2.08812e-13 	-1.92608e-14 	2.50039e-13 	-6.93121e-14 	2.75218e-13 	8.79933e-08 	-1.96592e-08 	-1.54907e-07 	4.45464e-09 	3.44184e-08 	2.7351e-07
0.2    0.2    0.2    0.2    0.2    1.8 	0.015091 	0.0106339 	-0.0258901 	8.86251e-13 	-2.05192e-13 	-1.29104e-13 	3.04375e-13 	-6.83474e-14 	1.03933e-12 	4.12139e-07 	1.07357e-08 	-9.32037e-08 	5.81184e-10 	-2.42355e-09 	2.11004e-08
0.2    0.2    0.2    0.2    0.2    1.89 	0.015091 	0.0106339 	-0.0258901 	8.86251e-13 	-2.05192e-13 	-1.29104e-13 	3.04375e-13 	-6.83474e-14 	1.03933e-12 	4.12139e-07 	1.07357e-08 	-9.32037e-08 	5.81184e-10 	-2.42355e-09 	2.11004e-08
0.2    0.2    0.2    0.2    0.2    1.89 	0.0673142 	-0.017595 	-0.0275382 	6.46305e-13 	-2.08812e-13 	-1.92608e-14 	2.50039e-13 	-6.93121e-14 	2.75218e-13 	8.79933e-08 	-1.96592e-08 	-1.54907e-07 	4.45464e-09 	3.44184e-08 	2.7351e-07
0.2    0.2    0.2    0.2    0.2    1.98 	0.0352598 	-0.0154644 	0.0395317 	7.70311e-13 	-1.62297e-13 	2.06216e-13 	5.27572e-13 	-1.33616e-13 	3.67194e-13 	2.67052e-06 	-4.75614e-08 	-7.56183e-08 	1.02102e-09 	2.18462e-09 	7.51161e-09
0.2    0.2    0.2    0.2    0.2    1.98 	0.0544427 	-0.014548 	-0.0155306 	1.5309e-12 	-5.64292e-13 	1.96e-13 	5.13933e-13 	-8.30893e-14 	5.44982e-13 	2.7334e-07 	-1.06873e-08 	3.83502e-07 	6.13892e-10 	-1.51794e-08 	5.38237e-07
0.2    0.2    0.2    0.2    0.2    2.07 	0.0544427 	-0.014548 	-0.0155306 	1.5309e-12 	-5.64292e-13 	1.96e-13 	5.13933e-13 	-8.30893e-14 	5.44982e-13 	2.7334e-07 	-1.06873e-08 	3.83502e-07 	6.13892e-10 	-1.51794e-08 	5.38237e-07
0.2    0.2    0.2    0.2    0.2    2.07 	0.0352598 	-0.0154644 	0.0395317 	7.70311e-13 	-1.62297e-13 	2.06216e-13 	5.27572e-13 	-1.33616e-13 	3.67194e-13 	2.67052e-06 	-4.75614e-08 	-7.56183e-08 	1.02102e-09 	2.18462e-09 	7.51161e-09
0.2    0.2    0.2    0.2    0.2    2.16 	-0.00962423 	-0.00901549 	-0.00432036 	5.57139e-13 	-2.23004e-13 	-5.56961e-14 	3.84256e-13 	1.4952e-13 	5.02216e-13 	9.97897e-08 	6.93136e-09 	9.7763e-09 	4.98214e-10 	5.95504e-10 	1.85479e-09
0.2    0.2    0.2    0.2    0.2    2.16 	-0.00883026 	0.0142631 	0.0152778 	4.1254e-13 	-3.9591e-14 	9.36132e-14 	1.91936e-13 	1.38054e-14 	3.72886e-13 	4.29096e-08 	3.52366e-08 	-2.23586e-08 	2.9227e-08 	-1.87109e-08 	1.20941e-08
0.2    0.2    0.2    0.2    0.2    2.25 	-0.00962423 	-0.00901549 	-0.00432036 	5.57139e-13 	-2.23004e-13 	-5.56961e-14 	3.84256e-13 	1.4952e-13 	5.02216e-13 	9.97897e-08 	6.93136e-09 	9.7763e-09 	4.98214e-10 	5.95504e-10 	1.85479e-09
0.2    0.2    0.2    0.2    0.2    2.25 	-0.00883026 	0.0142631 	0.0152778 	4.1254e-13 	-3.9591e-14 	9.36132e-14 	1.91936e-13 	1.38054e-14 	3.72886e-13 	4.29096e-08 	3.52366e-08 	-2.23586e-08 	2.9227e-08 	-1.87109e-08 	1.20941e-08
0.2    0.2    0.2    0.2    0.2    2.34 	-0.00883026 	0.0142631 	0.0152778 	4.1254e-13 	-3.9591e-14 	9.36132e-14 	1.91936e-13 	1.38054e-14 	3.72886e-13 	4.29096e-08 	3.52366e-08 	-2.23586e-08 	2.9227e-08 	-1.87109e-08 	1.20941e-08
0.2    0.2    0.2    0.2    0.2    2.34 	-0.00962423 	-0.00901549 	-0.00432036 	5.57139e-13 	-2.23004e-13 	-5.56961e-14 	3.84256e-13 	1.4952e-13 	5.02216e-13 	9.97897e-08 	6.93136e-09 	9.7763e-09 	4.98214e-10 	5.95504e-10 	1.85479e-09
0.2    0.2    0.2    0.2    0.2    2.43 	-0.0289768 	0.00225743 	0.00507739 	6.79974e-13 	-1.07681e-13 	-4.16529e-13 	6.50436e-13 	1.04415e-12 	4.05859e-12 	4.13699e-09 	-1.94575e-09 	1.61532e-08 	1.05017e-09 	-7.39526e-09 	6.35325e-08
0.2    0.2    0.2    0.2    0.2    2.43 	-0.0409582 	0.00575309 	0.0011976 	3.43833e-13 	-2.60397e-14 	-1.01507e-13 	2.02835e-13 	1.52348e-13 	8.90966e-13 	1.39656e-08 	9.7361e-09 	1.29766e-08 	7.15713e-09 	9.10718e-09 	1.20705e-08
0.2    0.2    0.2    0.2    0.2    2.52 	-0.0289768 	0.00225743 	0.00507739 	6.79974e-13 	-1.07681e-13 	-4.16529e-13 	6.50436e-13 	1.04415e-12 	4.05859e-12 	4.13699e-09 	-1.94575e-09 	1.61532e-08 	1.05017e-09 	-7.39526e-09 	6.35325e-08
0.2    0.2    0.2    0.2    0.2    2.52 	-0.0409582 	0.00575309 	0.0011976 	3.43833e-13 	-2.60397e-14 	-1.01507e-13 	2.02835e-13 	1.52348e-13 	8.90966e-13 	1.39656e-08 	9.7361e-09 	1.29766e-08 	7.15713e-09 	9.10718e-09 	1.20705e-08
0.2    0.2    0.2    0.2    0.2    2.61 	-0.0110312 	-0.00170776 	-0.022679 	5.80478e-13 	3.91361e-14 	5.19805e-14 	1.12255e-13 	-2.70901e-14 	2.27581e-13 	2.43211e-09 	1.18754e-08 	1.80771e-09 	6.23888e-08 	8.71726e-09 	1.42931e-09
0.2    0.2    0.2    0.2    0.2    2.61 	0.0162587 	-0.00233057 	0.0122586 	8.48181e-13 	-6.653e-14 	3.09717e-13 	4.98481e-14 	3.82599e-15 	1.85902e-13 	5.38869e-10 	-5.53442e-10 	2.84486e-09 	3.6074e-09 	-1.16379e-08 	4.00957e-08
0.2    0.2    0.2    0.2    0.2    2.7 	0.0162587 	-0.00233057 	0.0122586 	8.48181e-13 	-6.653e-14 	3.09717e-13 	4.98481e-14 	3.82599e-15 	1.85902e-13 	5.38869e-10 	-5.53442e-10 	2.84486e-09 	3.6074e-09 	-1.16379e-08 	4.00957e-08
0.2    0.2    0.2    0.2    0.2    2.7 	-0.0110312 	-0.00170776 	-0.022679 	5.80478e-13 	3.91361e-14 	5.19805e-14 	1.12255e-13 	-2.70901e-14 	2.27581e-13 	2.43211e-09 	1.18754e-08 	1.80771e-09 	6.23888e-08 	8.71726e-09 	1.42931e-09
0.2    0.2    0.2    0.2    0.2    2.79 	-0.00595663 	-0.00312841 	-0.00667616 	5.31267e-13 	-1.14621e-13 	1.52463e-13 	1.1856e-13 	-3.51894e-14 	3.03384e-13 	6.69333e-10 	3.24256e-09 	-1.62922e-09 	2.20414e-08 	-1.32012e-08 	8.65189e-09
0.2    0.2    0.2    0.2    0.2    2.79 	0.0190141 	-0.00388391 	-0.00596206 	6.79304e-13 	-1.68938e-13 	-9.23362e-14 	2.00254e-13 	8.76509e-14 	3.98689e-13 	1.2109e-08 	9.89968e-09 	1.97515e-08 	8.18326e-09 	1.68165e-08 	3.78244e-08
0.2    0.2    0.2    0.2    0.2    2.88 	0.0190141 	-0.00388391 	-0.00596206 	6.79304e-13 	-1.68938e-13 	-9.23362e-14 	2.00254e-13 	8.76509e-14 	3.98689e-13 	1.2109e-08 	9.89968e-09 	1.97515e-08 	8.18326e-09 	1.68165e-08 	3.78244e-08
0.2    0.2    0.2    0.2    0.2    2.88 	-0.00595663 	-0.00312841 	-0.00667616 	5.31267e-13 	-1.14621e-13 	1.52463e-13 	1.1856e-13 	-3.51894e-14 	3.03384e-13 	6.69333e-10 	3.24256e-09 	-1.62922e-09 	2.20414e-08 	-1.32012e-08 	8.65189e-09
0.2    0.2    0.2    0.2    0.2    2.97 	0.0112795 	0.00590408 	0.00143255 	3.90024e-13 	-2.198e-14 	8.93459e-14 	6.07514e-14 	1.11375e-14 	1.92523e-13 	8.30422e-08 	-3.00433e-08 	8.74843e-08 	1.08753e-08 	-3.16153e-08 	9.25119e-08
0.2    0.2    0.2    0.2    0.2    2.97 	-0.00782977 	0.00591442 	-0.0119128 	1.15723e-12 	-3.81814e-13 	-6.09324e-13 	4.49224e-13 	4.03962e-13 	9.57217e-13 	6.90983e-09 	-2.6393e-09 	4.02899e-08 	1.34059e-09 	-1.11954e-08 	2.89138e-07
0.2    0.2    0.2    0.2    0.2    3.06 	-0.00782977 	0.00591442 	-0.0119128 	1.15723e-12 	-3.81814e-13 	-6.09324e-13 	4.49224e-13 	4.03962e-13 	9.57217e-13 	6.90983e-09 	-2.6393e-09 	4.02899e-08 	1.34059e-09 	-1.11954e-08 	2.89138e-07
0.2    0.2    0.2    0.2    0.2    3.06 	0.0112795 	0.00590408 	0.00143255 	3.90024e-13 	-2.198e-14 	8.93459e-14 	6.07514e-14 	1.11375e-14 	1.92523e-13 	8.30422e-08 	-3.00433e-08 	8.74843e-08 	1.08753e-08 	-3.16153e-08 	9.25119e-08
0.2    0.2    0.2    0.2    0.2    3.15 	0.0385159 	-0.0107044 	0.00257657 	9.99996e-13 	-4.67032e-13 	-2.38653e-13 	6.90814e-13 	2.32205e-13 	3.84945e-13 	6.69029e-08 	5.21969e-08 	-2.48651e-07 	6.17742e-08 	-2.56382e-07 	1.10927e-06
0.2    0.2    0.2    0.2    0.2    3.15 	-0.0149581 	0.00856464 	-0.0297122 	4.26008e-13 	-3.94998e-15 	6.37964e-14 	9.70511e-14 	1.52634e-14 	1.76661e-13 	7.77556e-08 	4.86422e-09 	1.00911e-07 	7.54141e-10 	6.35479e-09 	1.30966e-07
0.2    0.2    0.2    0.2    0.2    3.24 	0.0385159 	-0.0107044 	0.00257657 	9.99996e-13 	-4.67032e-13 	-2.38653e-13 	6.90814e-13 	2.32205e-13 	3.84945e-13 	6.69029e-08 	5.21969e-08 	-2.48651e-07 	6.17742e-08 	-2.56382e-07 	1.10927e-06
0.2    0.2    0.2    0.2    0.2    3.24 	-0.0149581 	0.00856464 	-0.0297122 	4.26008e-13 	-3.94998e-15 	6.37964e-14 	9.70511e-14 	1.52634e-14 	1.76661e-13 	7.77556e-08 	4.86422e-09 	1.00911e-07 	7.54141e-10 	6.35479e-09 	1.30966e-07
0.2    0.2    0.2    0.2    0.2    3.33 	-0.0170504 	0.00237471 	0.0302813 	4.02498e-13 	4.61561e-14 	9.26709e-14 	2.41602e-13 	-8.96974e-16 	2.54756e-13 	3.80831e-09 	-2.22449e-10 	2.93792e-09 	1.61012e-10 	-2.03617e-10 	2.27622e-09
0.2    0.2    0.2    0.2    0.2    3.42 	0.00971741 	-0.000754164 	-0.0259301 	7.12524e-13 	1.47303e-13 	7.22532e-14 	2.29693e-13 	8.75978e-14 	2.93068e-13 	3.04192e-09 	-1.5646e-09 	1.38468e-08 	2.09837e-09 	-8.45548e-09 	6.44141e-08
0.2    0.2    0.2    0.2    0.2    3.42 	-0.0170504 	0.00237471 	0.0302813 	4.02498e-13 	4.61561e-14 	9.26709e-14 	2.41602e-13 	-8.96974e-16 	2.54756e-13 	3.80831e-09 	-2.22449e-10 	2.93792e-09 	1.61012e-10 	-2.03617e-10 	2.27622e-09
0.2    0.2    0.2    0.2    0.2    3.51 	0.00971741 	-0.000754164 	-0.0259301 	7.12524e-13 	1.47303e-13 	7.22532e-14 	2.29693e-13 	8.75978e-14 	2.93068e-13 	3.04192e-09 	-1.5646e-09 	1.38468e-08 	2.09837e-09 	-8.45548e-09 	6.44141e-08
0.2    0.2    0.2    0.2    0.2    3.51 	-0.0170504 	0.00237471 	0.0302813 	4.02498e-13 	4.61561e-14 	9.26709e-14 	2.41602e-13 	-8.96974e-16 	2.54756e-13 	3.80831e-09 	-2.22449e-10 	2.93792e-09 	1.61012e-10 	-2.03617e-10 	2.27622e-09
0.2    0.2    0.2    0.2    0.2    3.6 	-0.0168202 	0.00508451 	0.0144169 	1.69915e-12 	-4.41796e-13 	-1.10744e-12 	3.60291e-13 	3.73256e-13 	1.61296e-12 	1.09727e-07 	6.58049e-09 	-8.52821e-08 	5.42306e-10 	-5.38445e-09 	6.70169e-08
0.2    0.2    0.2    0.2    0.2    3.6 	0.00106542 	0.00820805 	0.0135707 	6.08346e-13 	-2.05296e-14 	-2.47203e-14 	2.26838e-13 	1.28504e-13 	4.96572e-13 	2.60044e-08 	3.54749e-09 	3.68053e-08 	5.54001e-10 	4.98466e-09 	5.22589e-08
0.2    0.2    0.2    0.2    0.2    3.69 	-0.0168202 	0.00508451 	0.0144169 	1.69915e-12 	-4.41796e-13 	-1.10744e-12 	3.60291e-13 	3.73256e-13 	1.61296e-12 	1.09727e-07 	6.58049e-09 	-8.52821e-08 	5.42306e-10 	-5.38445e-09 	6.70169e-08
0.2    0.2    0.2    0.2    0.2    3.69 	0.00106542 	0.00820805 	0.0135707 	6.08346e-13 	-2.05296e-14 	-2.47203e-14 	2.26838e-13 	1.28504e-13 	4.96572e-13 	2.60044e-08 	3.54749e-09 	3.68053e-08 	5.54001e-10 	4.98466e-09 	5.22589e-08
0.2    0.2    0.2    0.2    0.2    3.78 	-0.01701 	0.0144468 	-0.0223228 	3.29462e-13 	1.43551e-14 	-1.05311e-13 	1.76976e-13 	-1.00055e-13 	5.68604e-13 	3.31044e-08 	-2.05209e-08 	3.55436e-08 	1.3055e-08 	-2.31437e-08 	4.20454e-08
0.2    0.2    0.2    0.2    0.2    3.78 	0.0186853 	-0.0127747 	-0.0282766 	5.58219e-13 	-1.83306e-13 	3.54115e-13 	2.62316e-13 	-2.24913e-13 	5.22126e-13 	5.95648e-08 	-1.73822e-08 	-5.64831e-08 	6.25428e-09 	2.01755e-08 	6.55504e-08
0.2    0.2    0.2    0.2    0.2    3.87 	0.0186853 	-0.0127747 	-0.0282766 	5.58219e-13 	-1.83306e-13 	3.54115e-13 	2.62316e-13 	-2.24913e-13 	5.22126e-13 	5.95648e-08 	-1.73822e-08 	-5.64831e-08 	6.25428e-09 	2.01755e-08 	6.55504e-08
0.2    0.2    0.2    0.2    0.2    3.96 	0.0117756 	0.000792894 	0.0183353 	6.64659e-13 	-1.13571e-13 	-1.12087e-13 	1.65043e-13 	7.84939e-14 	4.50434e-13 	5.00855e-08 	-1.54144e-09 	3.26012e-08 	7.68225e-11 	-8.11607e-10 	2.2672e-08
0.2    0.2    0.2    0.2    0.2    3.96 	-0.00374468 	-0.00138753 	-0.0479988 	3.39263e-13 	-3.89051e-14 	-1.55287e-13 	1.74078e-13 	-1.12915e-13 	4.05605e-13 	5.32566e-09 	-3.05727e-09 	5.20624e-09 	1.92623e-09 	-3.38153e-09 	6.94532e-09
0.2    0.2    0.2    0.2    0.2    4.05 	0.0117756 	0.000792894 	0.0183353 	6.64659e-13 	-1.13571e-13 	-1.12087e-13 	1.65043e-13 	7.84939e-14 	4.50434e-13 	5.00855e-08 	-1.54144e-09 	3.26012e-08 	7.68225e-11 	-8.11607e-10 	2.2672e-08
0.2    0.2    0.2    0.2    0.2    4.05 	-0.00374468 	-0.00138753 	-0.0479988 	3.39263e-13 	-3.89051e-14 	-1.55287e-13 	1.74078e-13 	-1.12915e-13 	4.05605e-13 	5.32566e-09 	-3.05727e-09 	5.20624e-09 	1.92623e-09 	-3.38153e-09 	6.94532e-09
0.2    0.2    0.2    0.2    0.2    4.14 	0.0406015 	0.00756418 	-0.054922 	1.57929e-12 	-5.1837e-13 	-5.87069e-13 	3.23078e-13 	1.243e-13 	5.89161e-13 	4.68432e-09 	-9.43316e-10 	-1.21843e-08 	6.29789e-10 	8.05832e-10 	3.87079e-08
0.2    0.2    0.2    0.2    0.2    4.14 	-0.0322816 	-0.0082215 	-0.0119174 	3.10684e-13 	-1.42351e-13 	-3.04088e-14 	2.94229e-13 	-6.67336e-14 	2.08656e-13 	6.52592e-07 	-1.48912e-10 	-4.83728e-07 	2.71164e-11 	1.60402e-10 	3.58655e-07
0.2    0.2    0.2    0.2    0.2    4.23 	0.0406015 	0.00756418 	-0.054922 	1.57929e-12 	-5.1837e-13 	-5.87069e-13 	3.23078e-13 	1.243e-13 	5.89161e-13 	4.68432e-09 	-9.43316e-10 	-1.21843e-08 	6.29789e-10 	8.05832e-10 	3.87079e-08
0.2    0.2    0.2    0.2    0.2    4.32 	0.109126 	-0.00838469 	-0.0548158 	9.77763e-13 	-5.09944e-13 	-4.6743e-14 	5.46604e-13 	-2.3695e-13 	4.09756e-13 	4.15551e-08 	-3.0765e-08 	-7.74764e-09 	2.43578e-08 	3.17188e-09 	5.73457e-09
0.2    0.2    0.2    0.2    0.2    4.32 	-0.0261209 	-0.00127741 	-0.0123652 	3.44542e-13 	-1.16444e-13 	3.20096e-14 	2.69366e-13 	-7.91824e-14 	2.68924e-13 	2.20136e-08 	-1.76765e-08 	1.51468e-08 	1.42043e-08 	-1.22674e-08 	1.2198e-08
0.2    0.2    0.2    0.2    0.2    4.41 	0.109126 	-0.00838469 	-0.0548158 	9.77763e-13 	-5.09944e-13 	-4.6743e-14 	5.46604e-13 	-2.3695e-13 	4.09756e-13 	4.15551e-08 	-3.0765e-08 	-7.74764e-09 	2.43578e-08 	3.17188e-09 	5.73457e-09
0.2    0.2    0.2    0.2    0.2    4.41 	-0.0261209 	-0.00127741 	-0.0123652 	3.44542e-13 	-1.16444e-13 	3.20096e-14 	2.69366e-13 	-7.91824e-14 	2.68924e-13 	2.20136e-08 	-1.76765e-08 	1.51468e-08 	1.42043e-08 	-1.22674e-08 	1.2198e-08
0.2    0.2    0.2    0.2    0.2    4.5 	0.109126 	-0.00838469 	-0.0548158 	9.77763e-13 	-5.09944e-13 	-4.6743e-14 	5.46604e-13 	-2.3695e-13 	4.09756e-13 	4.15551e-08 	-3.0765e-08 	-7.74764e-09 	2.43578e-08 	3.17188e-09 	5.73457e-09
0.2    0.2    0.2    0.2    0.2    4.5 	-0.0261209 	-0.00127741 	-0.0123652 	3.44542e-13 	-1.16444e-13 	3.20096e-14 	2.69366e-13 	-7.91824e-14 	2.68924e-13 	2.20136e-08 	-1.76765e-08 	1.51468e-08 	1.42043e-08 	-1.22674e-08 	1.2198e-08
0.3    0.3    0.3    0.3    0.3    0 	0.0308827 	-0.0229693 	-0.00251455 	1.22397e-12 	-7.4239e-13 	-2.38084e-13 	8.60773e-13 	2.27877e-13 	2.69089e-13 	1.01272e-06 	-4.46744e-07 	-1.54673e-07 	1.98153e-07 	6.51208e-08 	4.40348e-08
0.3    0.3    0.3    0.3    0.3    0 	-0.000432627 	-0.0202015 	-0.0479241 	2.56345e-13 	-7.80538e-14 	-3.8229e-14 	2.84905e-13 	1.84429e-13 	1.8673e-13 	6.89555e-06 	-8.2053e-07 	3.03982e-07 	9.83398e-08 	-3.87606e-08 	2.47963e-08
0.3    0.3    0.3    0.3    0.3    0.09 	0.0308827 	-0.0229693 	-0.00251455 	1.22397e-12 	-7.4239e-13 	-2.38084e-13 	8.60773e-13 	2.27877e-13 	2.69089e-13 	1.01272e-06 	-4.46744e-07 	-1.54673e-07 	1.98153e-07 	6.51208e-08 	4.40348e-08
0.3    0.3    0.3    0.3    0.3    0.09 	-0.000432627 	-0.0202015 	-0.0479241 	2.56345e-13 	-7.80538e-14 	-3.8229e-14 	2.84905e-13 	1.84429e-13 	1.8673e-13 	6.89555e-06 	-8.2053e-07 	3.03982e-07 	9.83398e-08 	-3.87606e-08 	2.47963e-08
0.3    0.3    0.3    0.3    0.3    0.18 	-0.000432627 	-0.0202015 	-0.0479241 	2.56345e-13 	-7.80538e-14 	-3.8229e-14 	2.84905e-13 	1.84429e-13 	1.8673e-13 	6.89555e-06 	-8.2053e-07 	3.03982e-07 	9.83398e-08 	-3.87606e-08 	2.47963e-08
0.3    0.3    0.3    0.3    0.3    0.27 	0.0185931 	-0.00370358 	0.0510376 	3.97914e-13 	-8.06601e-14 	2.75566e-14 	2.11424e-13 	1.25972e-13 	2.19433e-13 	1.37716e-08 	3.63805e-08 	5.62195e-09 	1.01105e-07 	1.52667e-08 	2.39204e-09
0.3    0.3    0.3    0.3    0.3    0.36 	0.0185931 	-0.00370358 	0.0510376 	3.97914e-13 	-8.06601e-14 	2.75566e-14 	2.11424e-13 	1.25972e-13 	2.19433e-13 	1.37716e-08 	3.63805e-08 	5.62195e-09 	1.01105e-07 	1.52667e-08 	2.39204e-09
0.3    0.3    0.3    0.3    0.3    0.45 	-0.00999238 	0.00672221 	-0.00349947 	5.25498e-13 	2.60603e-14 	3.39219e-13 	1.27101e-13 	3.44643e-14 	6.63597e-13 	1.17234e-08 	-6.76799e-09 	-5.05992e-08 	4.11803e-09 	2.87708e-08 	2.19411e-07
0.3    0.3    0.3    0.3    0.3    0.54 	-0.00999238 	0.00672221 	-0.00349947 	5.25498e-13 	2.60603e-14 	3.39219e-13 	1.27101e-13 	3.44643e-14 	6.63597e-13 	1.17234e-08 	-6.76799e-09 	-5.05992e-08 	4.11803e-09 	2.87708e-08 	2.19411e-07
0.3    0.3    0.3    0.3    0.3    0.63 	-0.0319418 	0.00351019 	-0.0110649 	5.90503e-13 	-5.7033e-15 	4.8119e-14 	1.37233e-13 	-1.40901e-13 	3.34028e-13 	2.25161e-08 	-1.16278e-08 	-2.77313e-08 	7.65587e-09 	1.75727e-08 	4.05957e-08
0.3    0.3    0.3    0.3    0.3    0.63 	-0.0440564 	0.00182992 	0.0478982 	5.97399e-13 	-8.04289e-14 	2.95695e-13 	1.10198e-13 	-4.1889e-13 	1.13297e-12 	5.12195e-08 	-2.09763e-08 	7.74538e-08 	1.19072e-08 	-3.21029e-08 	1.17284e-07
0.3    0.3    0.3    0.3    0.3    0.72 	-0.0440564 	0.00182992 	0.0478982 	5.97399e-13 	-8.04289e-14 	2.95695e-13 	1.10198e-13 	-4.1889e-13 	1.13297e-12 	5.12195e-08 	-2.09763e-08 	7.74538e-08 	1.19072e-08 	-3.21029e-08 	1.17284e-07
0.3    0.3    0.3    0.3    0.3    0.72 	-0.0319418 	0.00351019 	-0.0110649 	5.90503e-13 	-5.7033e-15 	4.8119e-14 	1.37233e-13 	-1.40901e-13 	3.34028e-13 	2.25161e-08 	-1.16278e-08 	-2.77313e-08 	7.65587e-09 	1.75727e-08 	4.05957e-08
0.3    0.3    0.3    0.3    0.3    0.81 	0.00570719 	0.00223187 	0.0159894 	3.8911e-13 	5.18978e-14 	1.36898e-13 	2.22197e-13 	-2.68345e-14 	4.33658e-13 	3.92058e-08 	-3.40638e-08 	1.0164e-07 	3.01202e-08 	-8.78187e-08 	2.63996e-07
0.3    0.3    0.3    0.3    0.3    0.81 	0.00460315 	2.40319e-05 	0.0271784 	5.99591e-13 	-6.97087e-14 	1.35983e-13 	2.03598e-13 	-2.69149e-13 	6.36341e-13 	2.15915e-07 	3.05461e-08 	1.52366e-07 	4.39198e-09 	2.10333e-08 	1.12012e-07
0.3    0.3    0.3    0.3    0.3    0.9 	0.00460315 	2.40319e-05 	0.0271784 	5.99591e-13 	-6.97087e-14 	1.35983e-13 	2.03598e-13 	-2.69149e-13 	6.36341e-13 	2.15915e-07 	3.05461e-08 	1.52366e-07 	4.39198e-09 	2.10333e-08 	1.12012e-07
0.3    0.3    0.3    0.3    0.3    0.9 	0.00570719 	0.00223187 	0.0159894 	3.8911e-13 	5.18978e-14 	1.36898e-13 	2.22197e-13 	-2.68345e-14 	4.33658e-13 	3.92058e-08 	-3.40638e-08 	1.0164e-07 	3.01202e-08 	-8.78187e-08 	2.63996e-07
0.3    0.3    0.3    0.3    0.3    0.99 	0.00199297 	0.00764291 	0.0230222 	4.75319e-13 	-4.79477e-14 	-6.80668e-14 	1.50682e-13 	-1.41854e-13 	4.74398e-13 	4.58934e-08 	-7.72605e-08 	2.46028e-08 	1.30076e-07 	-4.13973e-08 	1.48612e-08
0.3    0.3    0.3    0.3    0.3    0.99 	-0.0216021 	-0.00136762 	-0.0573249 	6.29516e-13 	-2.44973e-13 	1.52172e-13 	3.64445e-13 	-1.54321e-13 	5.82165e-13 	1.45357e-07 	4.19583e-08 	-4.69226e-08 	1.24481e-08 	-1.3342e-08 	1.72227e-08
0.3    0.3    0.3    0.3    0.3    1.08 	0.00199297 	0.00764291 	0.0230222 	4.75319e-13 	-4.79477e-14 	-6.80668e-14 	1.50682e-13 	-1.41854e-13 	4.74398e-13 	4.58934e-08 	-7.72605e-08 	2.46028e-08 	1.30076e-07 	-4.13973e-08 	1.48612e-08
0.3    0.3    0.3    0.3    0.3    1.17 	0.00199297 	0.00764291 	0.0230222 	4.75319e-13 	-4.79477e-14 	-6.80668e-14 	1.50682e-13 	-1.41854e-13 	4.74398e-13 	4.58934e-08 	-7.72605e-08 	2.46028e-08 	1.30076e-07 	-4.13973e-08 	1.48612e-08
0.3    0.3    0.3    0.3    0.3    1.26 	0.0155066 	0.00147429 	-0.0219431 	3.8156e-13 	-9.84879e-14 	-2.96942e-14 	1.71938e-13 	-9.12925e-14 	3.73029e-13 	3.36385e-08 	-3.00351e-08 	-5.37428e-08 	2.93741e-08 	4.94907e-08 	8.67582e-08
0.3    0.3    0.3    0.3    0.3    1.26 	0.0178234 	-0.0194505 	0.0366832 	6.51171e-13 	-1.19998e-13 	2.82862e-13 	7.33878e-13 	-8.2885e-13 	1.43624e-12 	2.24674e-06 	2.75855e-08 	-2.44421e-06 	5.2709e-09 	-2.76278e-08 	2.66214e-06
0.3    0.3    0.3    0.3    0.3    1.35 	0.0155066 	0.00147429 	-0.0219431 	3.8156e-13 	-9.84879e-14 	-2.96942e-14 	1.71938e-13 	-9.12925e-14 	3.73029e-13 	3.36385e-08 	-3.00351e-08 	-5.37428e-08 	2.93741e-08 	4.94907e-08 	8.67582e-08
0.3    0.3    0.3    0.3    0.3    1.35 	0.0178234 	-0.0194505 	0.0366832 	6.51171e-13 	-1.19998e-13 	2.82862e-13 	7.33878e-13 	-8.2885e-13 	1.43624e-12 	2.24674e-06 	2.75855e-08 	-2.44421e-06 	5.2709e-09 	-2.76278e-08 	2.66214e-06
0.3    0.3    0.3    0.3    0.3    1.44 	-0.0362191 	0.000442418 	0.0697672 	1.19707e-12 	-3.9075e-13 	-1.97422e-13 	4.79436e-13 	-8.24946e-14 	7.47884e-13 	1.05045e-08 	3.59656e-08 	1.76454e-08 	1.49568e-07 	7.05723e-08 	3.35562e-08
0.3    0.3    0.3    0.3    0.3    1.44 	-0.0230148 	-0.00814144 	0.0187337 	3.2677e-13 	6.19995e-14 	-4.71232e-14 	1.81816e-13 	7.38848e-14 	4.49514e-13 	5.89106e-08 	2.38334e-08 	-6.91005e-08 	1.1436e-08 	-3.07228e-08 	8.56111e-08
0.3    0.3    0.3    0.3    0.3    1.53 	-0.0230148 	-0.00814144 	0.0187337 	3.2677e-13 	6.19995e-14 	-4.71232e-14 	1.81816e-13 	7.38848e-14 	4.49514e-13 	5.89106e-08 	2.38334e-08 	-6.91005e-08 	1.1436e-08 	-3.07228e-08 	8.56111e-08
0.3    0.3    0.3    0.3    0.3    1.53 	-0.0362191 	0.000442418 	0.0697672 	1.19707e-12 	-3.9075e-13 	-1.97422e-13 	4.79436e-13 	-8.24946e-14 	7.47884e-13 	1.05045e-08 	3.59656e-08 	1.76454e-08 	1.49568e-07 	7.05723e-08 	3.35562e-08
0.3    0.3    0.3    0.3    0.3    1.62 	0.00256344 	0.00852051 	-0.0269952 	7.71167e-13 	-2.94447e-14 	-4.41304e-13 	3.04963e-13 	-2.29673e-13 	1.15948e-12 	2.56899e-07 	-2.15741e-08 	-3.67789e-07 	2.1722e-09 	2.92135e-08 	5.34364e-07
0.3    0.3    0.3    0.3    0.3    1.62 	0.00641338 	0.013461 	0.0190691 	4.28048e-13 	-2.5077e-14 	8.80576e-14 	2.85291e-13 	-2.16445e-13 	7.83799e-13 	1.3974e-07 	-4.10202e-08 	2.01124e-07 	1.22808e-08 	-5.9359e-08 	2.90043e-07
0.3    0.3    0.3    0.3    0.3    1.71 	0.00641338 	0.013461 	0.0190691 	4.28048e-13 	-2.5077e-14 	8.80576e-14 	2.85291e-13 	-2.16445e-13 	7.83799e-13 	1.3974e-07 	-4.10202e-08 	2.01124e-07 	1.22808e-08 	-5.9359e-08 	2.90043e-07
0.3    0.3    0.3    0.3    0.3    1.71 	0.00256344 	0.00852051 	-0.0269952 	7.71167e-13 	-2.94447e-14 	-4.41304e-13 	3.04963e-13 	-2.29673e-13 	1.15948e-12 	2.56899e-07 	-2.15741e-08 	-3.67789e-07 	2.1722e-09 	2.92135e-08 	5.34364e-07
0.3    0.3    0.3    0.3    0.3    1.8 	0.066742 	-0.0175554 	-0.0265365 	6.28637e-13 	-2.01495e-13 	-2.016e-14 	2.45189e-13 	-6.99823e-14 	2.71593e-13 	2.04084e-07 	-3.46543e-08 	-3.6759e-07 	6.23002e-09 	6.21735e-08 	6.62829e-07
0.3    0.3    0.3    0.3    0.3    1.8 	0.0158424 	0.0106297 	-0.0261324 	8.86585e-13 	-2.05723e-13 	-1.26684e-13 	3.03961e-13 	-6.83536e-14 	1.02828e-12 	7.09063e-07 	8.16517e-09 	-1.75698e-07 	3.90722e-10 	-1.87162e-09 	4.38274e-08
0.3    0.3    0.3    0.3    0.3    1.89 	0.0158424 	0.0106297 	-0.0261324 	8.86585e-13 	-2.05723e-13 	-1.26684e-13 	3.03961e-13 	-6.83536e-14 	1.02828e-12 	7.09063e-07 	8.16517e-09 	-1.75698e-07 	3.90722e-10 	-1.87162e-09 	4.38274e-08
0.3    0.3    0.3    0.3    0.3    1.89 	0.066742 	-0.0175554 	-0.0265365 	6.28637e-13 	-2.01495e-13 	-2.016e-14 	2.45189e-13 	-6.99823e-14 	2.71593e-13 	2.04084e-07 	-3.46543e-08 	-3.6759e-07 	6.23002e-09 	6.21735e-08 	6.62829e-07
0.3    0.3    0.3    0.3    0.3    1.98 	0.0325558 	-0.0154126 	0.0391124 	7.37653e-13 	-1.35907e-13 	1.93808e-13 	5.1353e-13 	-1.17742e-13 	3.50953e-13 	5.7469e-06 	-9.33116e-08 	2.20996e-07 	1.64087e-09 	-2.83482e-09 	2.52993e-08
0.3    0.3    0.3    0.3    0.3    1.98 	0.0552891 	-0.0145422 	-0.0144011 	1.51204e-12 	-5.58034e-13 	2.03023e-13 	5.12099e-13 	-8.51446e-14 	5.3705e-13 	5.86846e-07 	-1.02646e-08 	8.07876e-07 	4.38085e-10 	-1.4414e-08 	1.11248e-06
0.3    0.3    0.3    0.3    0.3    2.07 	0.0552891 	-0.0145422 	-0.0144011 	1.51204e-12 	-5.58034e-13 	2.03023e-13 	5.12099e-13 	-8.51446e-14 	5.3705e-13 	5.86846e-07 	-1.02646e-08 	8.07876e-07 	4.38085e-10 	-1.4414e-08 	1.11248e-06
0.3    0.3    0.3    0.3    0.3    2.07 	0.0325558 	-0.0154126 	0.0391124 	7.37653e-13 	-1.35907e-13 	1.93808e-13 	5.1353e-13 	-1.17742e-13 	3.50953e-13 	5.7469e-06 	-9.33116e-08 	2.20996e-07 	1.64087e-09 	-2.83482e-09 	2.52993e-08
0.3    0.3    0.3    0.3    0.3    2.16 	-0.00918846 	-0.00892551 	-0.0043608 	5.59156e-13 	-2.23167e-13 	-5.52805e-14 	3.83235e-13 	1.49644e-13 	5.04059e-13 	1.93885e-07 	2.06554e-08 	3.67131e-09 	2.38988e-09 	6.34414e-12 	1.32757e-09
0.3    0.3    0.3    0.3    0.3    2.16 	-0.00866897 	0.0143825 	0.0152766 	4.13324e-13 	-4.11702e-14 	9.30524e-14 	1.92181e-13 	1.26373e-14 	3.73402e-13 	6.24423e-08 	4.82251e-08 	-2.49513e-08 	3.75662e-08 	-1.9814e-08 	1.11094e-08
0.3    0.3    0.3    0.3    0.3    2.25 	-0.00918846 	-0.00892551 	-0.0043608 	5.59156e-13 	-2.23167e-13 	-5.52805e-14 	3.83235e-13 	1.49644e-13 	5.04059e-13 	1.93885e-07 	2.06554e-08 	3.67131e-09 	2.38988e-09 	6.34414e-12 	1.32757e-09
0.3    0.3    0.3    0.3    0.3    2.25 	-0.00866897 	0.0143825 	0.0152766 	4.13324e-13 	-4.11702e-14 	9.30524e-14 	1.92181e-13 	1.26373e-14 	3.73402e-13 	6.24423e-08 	4.82251e-08 	-2.49513e-08 	3.75662e-08 	-1.9814e-08 	1.11094e-08
0.3    0.3    0.3    0.3    0.3    2.34 	-0.00866897 	0.0143825 	0.0152766 	4.13324e-13 	-4.11702e-14 	9.30524e-14 	1.92181e-13 	1.26373e-14 	3.73402e-13 	6.24423e-08 	4.82251e-08 	-2.49513e-08 	3.75662e-08 	-1.9814e-08 	1.11094e-08
0.3    0.3    0.3    0.3    0.3    2.34 	-0.00918846 	-0.00892551 	-0.0043608 	5.59156e-13 	-2.23167e-13 	-5.52805e-14 	3.83235e-13 	1.49644e-13 	5.04059e-13 	1.93885e-07 	2.06554e-08 	3.67131e-09 	2.38988e-09 	6.34414e-12 	1.32757e-09
0.3    0.3    0.3    0.3    0.3    2.43 	-0.0288877 	0.00227678 	0.00535147 	6.72911e-13 	-1.03565e-13 	-4.0438e-13 	6.45854e-13 	1.03769e-12 	4.0437e-12 	7.27748e-09 	-1.61518e-09 	2.76806e-08 	7.42289e-10 	-6.16737e-09 	1.05754e-07
0.3    0.3    0.3    0.3    0.3    2.43 	-0.0410473 	0.00566338 	0.00108385 	3.42127e-13 	-2.53321e-14 	-1.00836e-13 	2.02321e-13 	1.51978e-13 	8.92542e-13 	2.11814e-08 	1.50001e-08 	2.06355e-08 	1.08926e-08 	1.46815e-08 	2.01634e-08
0.3    0.3    0.3    0.3    0.3    2.52 	-0.0288877 	0.00227678 	0.00535147 	6.72911e-13 	-1.03565e-13 	-4.0438e-13 	6.45854e-13 	1.03769e-12 	4.0437e-12 	7.27748e-09 	-1.61518e-09 	2.76806e-08 	7.42289e-10 	-6.16737e-09 	1.05754e-07
0.3    0.3    0.3    0.3    0.3    2.52 	-0.0410473 	0.00566338 	0.00108385 	3.42127e-13 	-2.53321e-14 	-1.00836e-13 	2.02321e-13 	1.51978e-13 	8.92542e-13 	2.11814e-08 	1.50001e-08 	2.06355e-08 	1.08926e-08 	1.46815e-08 	2.01634e-08
0.3    0.3    0.3    0.3    0.3    2.61 	-0.0110311 	-0.00139996 	-0.02257 	5.80929e-13 	3.90645e-14 	5.10604e-14 	1.12537e-13 	-2.73487e-14 	2.28556e-13 	3.05163e-09 	1.78039e-08 	3.58773e-09 	1.12857e-07 	2.33091e-08 	5.28379e-09
0.3    0.3    0.3    0.3    0.3    2.61 	0.0163347 	-0.00234374 	0.0123827 	8.44716e-13 	-6.75023e-14 	3.06205e-13 	5.08968e-14 	4.15948e-15 	1.87017e-13 	2.32442e-09 	-1.75432e-09 	9.01907e-09 	3.43236e-09 	-1.29716e-08 	5.32704e-08
0.3    0.3    0.3    0.3    0.3    2.7 	0.0163347 	-0.00234374 	0.0123827 	8.44716e-13 	-6.75023e-14 	3.06205e-13 	5.08968e-14 	4.15948e-15 	1.87017e-13 	2.32442e-09 	-1.75432e-09 	9.01907e-09 	3.43236e-09 	-1.29716e-08 	5.32704e-08
0.3    0.3    0.3    0.3    0.3    2.7 	-0.0110311 	-0.00139996 	-0.02257 	5.80929e-13 	3.90645e-14 	5.10604e-14 	1.12537e-13 	-2.73487e-14 	2.28556e-13 	3.05163e-09 	1.78039e-08 	3.58773e-09 	1.12857e-07 	2.33091e-08 	5.28379e-09
0.3    0.3    0.3    0.3    0.3    2.79 	-0.00583941 	-0.00301706 	-0.00671356 	5.34753e-13 	-1.16036e-13 	1.49524e-13 	1.19516e-13 	-3.41181e-14 	3.03502e-13 	3.96914e-09 	9.34658e-09 	-3.96155e-09 	2.98862e-08 	-1.49081e-08 	8.22479e-09
0.3    0.3    0.3    0.3    0.3    2.79 	0.0190072 	-0.00395753 	-0.00618124 	6.8053e-13 	-1.69853e-13 	-9.45632e-14 	2.01446e-13 	8.91594e-14 	4.00426e-13 	1.17826e-08 	1.12404e-08 	2.60872e-08 	1.13846e-08 	2.77391e-08 	7.12966e-08
0.3    0.3    0.3    0.3    0.3    2.88 	0.0190072 	-0.00395753 	-0.00618124 	6.8053e-13 	-1.69853e-13 	-9.45632e-14 	2.01446e-13 	8.91594e-14 	4.00426e-13 	1.17826e-08 	1.12404e-08 	2.60872e-08 	1.13846e-08 	2.77391e-08 	7.12966e-08
0.3    0.3    0.3    0.3    0.3    2.88 	-0.00583941 	-0.00301706 	-0.00671356 	5.34753e-13 	-1.16036e-13 	1.49524e-13 	1.19516e-13 	-3.41181e-14 	3.03502e-13 	3.96914e-09 	9.34658e-09 	-3.96155e-09 	2.98862e-08 	-1.49081e-08 	8.22479e-09
0.3    0.3    0.3    0.3    0.3    2.97 	0.0116374 	0.00576116 	0.00166889 	3.89702e-13 	-2.2187e-14 	8.92171e-14 	6.09146e-14 	1.11768e-14 	1.92586e-13 	1.39882e-07 	-5.24294e-08 	1.30598e-07 	1.96719e-08 	-4.87715e-08 	1.23629e-07
0.3    0.3    0.3    0.3    0.3    2.97 	-0.00790793 	0.00600499 	-0.0113132 	1.15221e-12 	-3.79799e-13 	-6.04343e-13 	4.46338e-13 	4.00197e-13 	9.50625e-13 	4.83419e-09 	-1.76425e-09 	2.92582e-08 	1.93604e-09 	9.18273e-09 	4.85494e-07
0.3    0.3    0.3    0.3    0.3    3.06 	-0.00790793 	0.00600499 	-0.0113132 	1.15221e-12 	-3.79799e-13 	-6.04343e-13 	4.46338e-13 	4.00197e-13 	9.50625e-13 	4.83419e-09 	-1.76425e-09 	2.92582e-08 	1.93604e-09 	9.18273e-09 	4.85494e-07
0.3    0.3    0.3    0.3    0.3    3.06 	0.0116374 	0.00576116 	0.00166889 	3.89702e-13 	-2.2187e-14 	8.92171e-14 	6.09146e-14 	1.11768e-14 	1.92586e-13 	1.39882e-07 	-5.24294e-08 	1.30598e-07 	1.96719e-08 	-4.87715e-08 	1.23629e-07
0.3    0.3    0.3    0.3    0.3    3.15 	0.0392744 	-0.0105748 	0.00123165 	1.01693e-12 	-4.77292e-13 	-2.52497e-13 	6.99493e-13 	2.48588e-13 	4.01597e-13 	2.54394e-07 	1.129e-07 	-6.72922e-07 	7.09989e-08 	-3.62095e-07 	1.9731e-06
0.3    0.3    0.3    0.3    0.3    3.15 	-0.0146292 	0.00858965 	-0.0293315 	4.26032e-13 	-2.48016e-15 	6.31221e-14 	9.72254e-14 	1.68946e-14 	1.7727e-13 	1.2546e-07 	5.51784e-09 	1.59366e-07 	5.80601e-10 	7.06692e-09 	2.02536e-07
0.3    0.3    0.3    0.3    0.3    3.24 	0.0392744 	-0.0105748 	0.00123165 	1.01693e-12 	-4.77292e-13 	-2.52497e-13 	6.99493e-13 	2.48588e-13 	4.01597e-13 	2.54394e-07 	1.129e-07 	-6.72922e-07 	7.09989e-08 	-3.62095e-07 	1.9731e-06
0.3    0.3    0.3    0.3    0.3    3.24 	-0.0146292 	0.00858965 	-0.0293315 	4.26032e-13 	-2.48016e-15 	6.31221e-14 	9.72254e-14 	1.68946e-14 	1.7727e-13 	1.2546e-07 	5.51784e-09 	1.59366e-07 	5.80601e-10 	7.06692e-09 	2.02536e-07
0.3    0.3    0.3    0.3    0.3    3.33 	-0.017107 	0.00242852 	0.0302235 	4.0383e-13 	4.57676e-14 	9.10351e-14 	2.42988e-13 	-1.40105e-15 	2.54492e-13 	4.85374e-09 	-1.52415e-09 	4.00102e-09 	9.36699e-10 	-1.35439e-09 	3.32153e-09
0.3    0.3    0.3    0.3    0.3    3.42 	0.00974258 	-0.000626477 	-0.0259785 	7.19212e-13 	1.50728e-13 	7.37794e-14 	2.324e-13 	8.75353e-14 	2.94845e-13 	2.27654e-09 	-2.10922e-09 	1.14096e-08 	7.70661e-09 	-1.69624e-08 	6.42976e-08
0.3    0.3    0.3    0.3    0.3    3.42 	-0.017107 	0.00242852 	0.0302235 	4.0383e-13 	4.57676e-14 	9.10351e-14 	2.42988e-13 	-1.40105e-15 	2.54492e-13 	4.85374e-09 	-1.52415e-09 	4.00102e-09 	9.36699e-10 	-1.35439e-09 	3.32153e-09
0.3    0.3    0.3    0.3    0.3    3.51 	0.00974258 	-0.000626477 	-0.0259785 	7.19212e-13 	1.50728e-13 	7.37794e-14 	2.324e-13 	8.75353e-14 	2.94845e-13 	2.27654e-09 	-2.10922e-09 	1.14096e-08 	7.70661e-09 	-1.69624e-08 	6.42976e-08
0.3    0.3    0.3    0.3    0.3    3.51 	-0.017107 	0.00242852 	0.0302235 	4.0383e-13 	4.57676e-14 	9.10351e-14 	2.42988e-13 	-1.40105e-15 	2.54492e-13 	4.85374e-09 	-1.52415e-09 	4.00102e-09 	9.36699e-10 	-1.35439e-09 	3.32153e-09
0.3    0.3    0.3    0.3    0.3    3.6 	-0.0175381 	0.00507521 	0.0147572 	1.67531e-12 	-4.36496e-13 	-1.08318e-12 	3.59197e-13 	3.65077e-13 	1.59373e-12 	3.01631e-07 	1.09189e-08 	-1.95716e-07 	5.52186e-10 	-7.59334e-09 	1.29367e-07
0.3    0.3    0.3    0.3    0.3    3.6 	0.00127158 	0.00828735 	0.0137427 	6.06505e-13 	-2.03258e-14 	-2.34404e-14 	2.24101e-13 	1.24086e-13 	4.92136e-13 	4.67218e-08 	1.00529e-08 	5.90788e-08 	2.40016e-09 	1.23051e-08 	7.55969e-08
0.3    0.3    0.3    0.3    0.3    3.69 	-0.0175381 	0.00507521 	0.0147572 	1.67531e-12 	-4.36496e-13 	-1.08318e-12 	3.59197e-13 	3.65077e-13 	1.59373e-12 	3.01631e-07 	1.09189e-08 	-1.95716e-07 	5.52186e-10 	-7.59334e-09 	1.29367e-07
0.3    0.3    0.3    0.3    0.3    3.69 	0.00127158 	0.00828735 	0.0137427 	6.06505e-13 	-2.03258e-14 	-2.34404e-14 	2.24101e-13 	1.24086e-13 	4.92136e-13 	4.67218e-08 	1.00529e-08 	5.90788e-08 	2.40016e-09 	1.23051e-08 	7.55969e-08
0.3    0.3    0.3    0.3    0.3    3.78 	-0.0170576 	0.0145866 	-0.0226229 	3.27912e-13 	1.38169e-14 	-1.05831e-13 	1.76251e-13 	-9.98721e-14 	5.6926e-13 	3.37643e-08 	-2.60242e-08 	4.90928e-08 	2.19667e-08 	-4.27486e-08 	8.43059e-08
0.3    0.3    0.3    0.3    0.3    3.78 	0.0186026 	-0.0126502 	-0.0275171 	5.60244e-13 	-1.85453e-13 	3.6793e-13 	2.65669e-13 	-2.38785e-13 	5.42669e-13 	6.86347e-08 	-2.90862e-08 	-1.11957e-07 	1.49154e-08 	5.95931e-08 	2.43467e-07
0.3    0.3    0.3    0.3    0.3    3.87 	0.0186026 	-0.0126502 	-0.0275171 	5.60244e-13 	-1.85453e-13 	3.6793e-13 	2.65669e-13 	-2.38785e-13 	5.42669e-13 	6.86347e-08 	-2.90862e-08 	-1.11957e-07 	1.49154e-08 	5.95931e-08 	2.43467e-07
0.3    0.3    0.3    0.3    0.3    3.96 	0.011881 	0.000760229 	0.0182305 	6.67069e-13 	-1.14743e-13 	-1.16013e-13 	1.65176e-13 	7.84518e-14 	4.50975e-13 	6.0701e-08 	-4.00259e-09 	2.67334e-08 	3.88526e-10 	-1.00808e-09 	1.6484e-08
0.3    0.3    0.3    0.3    0.3    3.96 	-0.00396664 	-0.0014137 	-0.0478328 	3.36839e-13 	-3.82466e-14 	-1.54392e-13 	1.74769e-13 	-1.14484e-13 	4.06679e-13 	1.84212e-08 	-4.19457e-09 	4.31776e-10 	1.71013e-09 	-2.04598e-09 	5.72812e-09
0.3    0.3    0.3    0.3    0.3    4.05 	0.011881 	0.000760229 	0.0182305 	6.67069e-13 	-1.14743e-13 	-1.16013e-13 	1.65176e-13 	7.84518e-14 	4.50975e-13 	6.0701e-08 	-4.00259e-09 	2.67334e-08 	3.88526e-10 	-1.00808e-09 	1.6484e-08
0.3    0.3    0.3    0.3    0.3    4.05 	-0.00396664 	-0.0014137 	-0.0478328 	3.36839e-13 	-3.82466e-14 	-1.54392e-13 	1.74769e-13 	-1.14484e-13 	4.06679e-13 	1.84212e-08 	-4.19457e-09 	4.31776e-10 	1.71013e-09 	-2.04598e-09 	5.72812e-09
0.3    0.3    0.3    0.3    0.3    4.14 	0.0408872 	0.00752785 	-0.0552545 	1.56607e-12 	-5.1418e-13 	-5.88278e-13 	3.22572e-13 	1.23417e-13 	5.95218e-13 	2.48927e-08 	-4.69613e-09 	-4.29568e-08 	1.19101e-09 	7.12002e-09 	8.2059e-08
0.3    0.3    0.3    0.3    0.3    4.14 	-0.0332977 	-0.00825272 	-0.011219 	3.11087e-13 	-1.44822e-13 	-3.30838e-14 	2.96688e-13 	-6.34331e-14 	2.0855e-13 	1.15763e-06 	7.81359e-09 	-8.43528e-07 	1.17515e-10 	-5.57734e-09 	6.14864e-07
0.3    0.3    0.3    0.3    0.3    4.23 	0.0408872 	0.00752785 	-0.0552545 	1.56607e-12 	-5.1418e-13 	-5.88278e-13 	3.22572e-13 	1.23417e-13 	5.95218e-13 	2.48927e-08 	-4.69613e-09 	-4.29568e-08 	1.19101e-09 	7.12002e-09 	8.2059e-08
0.3    0.3    0.3    0.3    0.3    4.32 	0.108722 	-0.00825326 	-0.0543605 	9.25301e-13 	-4.83242e-13 	-3.46653e-14 	5.44117e-13 	-2.5798e-13 	4.28933e-13 	1.00171e-07 	-5.49619e-08 	-6.00143e-08 	3.2731e-08 	2.79075e-08 	4.60427e-08
0.3    0.3    0.3    0.3    0.3    4.32 	-0.0264557 	-0.00100871 	-0.0124295 	3.382e-13 	-1.12926e-13 	3.05162e-14 	2.67368e-13 	-7.82287e-14 	2.68377e-13 	5.94833e-08 	-4.76459e-08 	2.46485e-08 	3.81712e-08 	-1.98231e-08 	1.29182e-08
0.3    0.3    0.3    0.3    0.3    4.41 	0.108722 	-0.00825326 	-0.0543605 	9.25301e-13 	-4.83242e-13 	-3.46653e-14 	5.44117e-13 	-2.5798e-13 	4.28933e-13 	1.00171e-07 	-5.49619e-08 	-6.00143e-08 	3.2731e-08 	2.79075e-08 	4.60427e-08
0.3    0.3    0.3    0.3    0.3    4.41 	-0.0264557 	-0.00100871 	-0.0124295 	3.382e-13 	-1.12926e-13 	3.05162e-14 	2.67368e-13 	-7.82287e-14 	2.68377e-13 	5.94833e-08 	-4.76459e-08 	2.46485e-08 	3.81712e-08 	-1.98231e-08 	1.29182e-08
0.3    0.3    0.3    0.3    0.3    4.5 	0.108722 	-0.00825326 	-0.0543605 	9.25301e-13 	-4.83242e-13 	-3.46653e-14 	5.44117e-13 	-2.5798e-13 	4.28933e-13 	1.00171e-07 	-5.49619e-08 	-6.00143e-08 	3.2731e-08 	2.79075e-08 	4.60427e-08
0.3    0.3    0.3    0.3    0.3    4.5 	-0.0264557 	-0.00100871 	-0.0124295 	3.382e-13 	-1.12926e-13 	3.05162e-14 	2.67368e-13 	-7.82287e-14 	2.68377e-13 	5.94833e-08 	-4.76459e-08 	2.46485e-08 	3.81712e-08 	-1.98231e-08 	1.29182e-08
