0.1    0.1    0.1    0.1    0.1    0 	0.169721 	0.0105912 	-0.00476357 	8.11998e-13 	7.84706e-14 	1.09178e-13 	4.05051e-13 	-1.75561e-13 	8.68911e-13 	1.88837e-08 	-8.91369e-09 	3.82315e-08 	5e-09 	-1.84084e-08 	7.80434e-08
0.1    0.1    0.1    0.1    0.1    0.09 	0.169721 	0.0105912 	-0.00476357 	8.11998e-13 	7.84706e-14 	1.09178e-13 	4.05051e-13 	-1.75561e-13 	8.68911e-13 	1.88837e-08 	-8.91369e-09 	3.82315e-08 	5e-09 	-1.84084e-08 	7.80434e-08
0.1    0.1    0.1    0.1    0.1    0.18 	0.169721 	0.0105912 	-0.00476357 	8.11998e-13 	7.84706e-14 	1.09178e-13 	4.05051e-13 	-1.75561e-13 	8.68911e-13 	1.88837e-08 	-8.91369e-09 	3.82315e-08 	5e-09 	-1.84084e-08 	7.80434e-08
0.1    0.1    0.1    0.1    0.1    0.27 	0.207021 	0.00846225 	-0.0357314 	6.268e-13 	-7.23157e-14 	-4.38323e-14 	3.65907e-13 	9.3183e-15 	4.01887e-13 	1.20419e-07 	5.57752e-09 	1.61797e-07 	5.24542e-09 	2.59018e-09 	2.25059e-07
0.1    0.1    0.1    0.1    0.1    0.36 	0.207021 	0.00846225 	-0.0357314 	6.268e-13 	-7.23157e-14 	-4.38323e-14 	3.65907e-13 	9.3183e-15 	4.01887e-13 	1.20419e-07 	5.57752e-09 	1.61797e-07 	5.24542e-09 	2.59018e-09 	2.25059e-07
0.1    0.1    0.1    0.1    0.1    0.45 	0.178104 	-0.00355265 	-0.0230846 	5.21419e-13 	1.84713e-14 	4.57386e-14 	4.47226e-13 	1.05737e-13 	3.53219e-13 	8.15175e-08 	8.36433e-08 	7.31932e-08 	9.30591e-08 	7.55646e-08 	6.59277e-08
0.1    0.1    0.1    0.1    0.1    0.54 	0.178104 	-0.00355265 	-0.0230846 	5.21419e-13 	1.84713e-14 	4.57386e-14 	4.47226e-13 	1.05737e-13 	3.53219e-13 	8.15175e-08 	8.36433e-08 	7.31932e-08 	9.30591e-08 	7.55646e-08 	6.59277e-08
0.1    0.1    0.1    0.1    0.1    0.63 	0.180192 	-0.00567263 	0.0279841 	6.93578e-13 	7.83507e-14 	1.83016e-13 	5.59519e-13 	-1.04616e-13 	9.00678e-13 	2.4843e-07 	-3.72401e-08 	-6.23355e-08 	6.0601e-09 	9.75144e-09 	1.72755e-08
0.1    0.1    0.1    0.1    0.1    0.72 	0.180192 	-0.00567263 	0.0279841 	6.93578e-13 	7.83507e-14 	1.83016e-13 	5.59519e-13 	-1.04616e-13 	9.00678e-13 	2.4843e-07 	-3.72401e-08 	-6.23355e-08 	6.0601e-09 	9.75144e-09 	1.72755e-08
0.1    0.1    0.1    0.1    0.1    0.81 	0.180726 	-0.00386508 	-0.0129401 	6.59491e-13 	-6.75828e-14 	1.83445e-13 	5.48092e-13 	2.93776e-13 	6.98796e-13 	1.63321e-07 	-3.07802e-08 	6.55377e-08 	6.47332e-09 	-1.25878e-08 	2.66161e-08
0.1    0.1    0.1    0.1    0.1    0.9 	0.180726 	-0.00386508 	-0.0129401 	6.59491e-13 	-6.75828e-14 	1.83445e-13 	5.48092e-13 	2.93776e-13 	6.98796e-13 	1.63321e-07 	-3.07802e-08 	6.55377e-08 	6.47332e-09 	-1.25878e-08 	2.66161e-08
0.1    0.1    0.1    0.1    0.1    0.99 	0.116152 	0.00636296 	0.0191739 	4.62036e-13 	-1.15765e-13 	9.86702e-14 	2.66267e-13 	3.20192e-14 	3.91987e-13 	1.43423e-08 	-1.02915e-09 	-1.24492e-08 	1.55694e-10 	7.70109e-10 	1.11402e-08
0.1    0.1    0.1    0.1    0.1    1.08 	0.116152 	0.00636296 	0.0191739 	4.62036e-13 	-1.15765e-13 	9.86702e-14 	2.66267e-13 	3.20192e-14 	3.91987e-13 	1.43423e-08 	-1.02915e-09 	-1.24492e-08 	1.55694e-10 	7.70109e-10 	1.11402e-08
0.1    0.1    0.1    0.1    0.1    1.17 	0.116152 	0.00636296 	0.0191739 	4.62036e-13 	-1.15765e-13 	9.86702e-14 	2.66267e-13 	3.20192e-14 	3.91987e-13 	1.43423e-08 	-1.02915e-09 	-1.24492e-08 	1.55694e-10 	7.70109e-10 	1.11402e-08
0.1    0.1    0.1    0.1    0.1    1.26 	0.104881 	0.0115441 	0.000659639 	5.88175e-13 	-1.50725e-13 	2.26639e-14 	2.68211e-13 	5.07712e-14 	4.33754e-13 	2.42372e-08 	-9.1273e-10 	2.54298e-08 	1.64163e-10 	-9.81001e-10 	2.67169e-08
0.1    0.1    0.1    0.1    0.1    1.35 	0.118016 	0.00825391 	0.00719248 	5.72723e-13 	-1.35586e-13 	5.38634e-14 	2.65998e-13 	3.45223e-14 	4.48853e-13 	1.32161e-08 	-9.70399e-09 	1.38707e-08 	7.23283e-09 	-1.02046e-08 	1.45716e-08
0.1    0.1    0.1    0.1    0.1    1.44 	0.123593 	0.0117657 	0.0232249 	4.94031e-13 	-1.05025e-13 	1.29427e-13 	2.32293e-13 	-1.77802e-14 	4.4301e-13 	1.56161e-08 	-1.34785e-08 	2.49048e-08 	1.19919e-08 	-2.17999e-08 	4.01243e-08
0.1    0.1    0.1    0.1    0.1    1.53 	0.123593 	0.0117657 	0.0232249 	4.94031e-13 	-1.05025e-13 	1.29427e-13 	2.32293e-13 	-1.77802e-14 	4.4301e-13 	1.56161e-08 	-1.34785e-08 	2.49048e-08 	1.19919e-08 	-2.17999e-08 	4.01243e-08
0.1    0.1    0.1    0.1    0.1    1.62 	0.118888 	0.0113736 	-0.00580496 	4.93317e-13 	-4.9766e-14 	9.55239e-14 	2.45594e-13 	-3.79892e-14 	5.58735e-13 	7.07871e-09 	2.28667e-10 	-3.14901e-08 	3.29504e-11 	-1.08394e-09 	1.40587e-07
0.1    0.1    0.1    0.1    0.1    1.71 	0.126693 	0.0159224 	-0.0128278 	4.37117e-13 	-3.5949e-14 	8.71123e-14 	2.38401e-13 	-5.94282e-14 	5.37191e-13 	1.49364e-08 	-2.25242e-08 	-6.90819e-09 	3.40696e-08 	1.02743e-08 	3.43165e-09
0.1    0.1    0.1    0.1    0.1    1.8 	0.0522794 	0.00745804 	-0.0237822 	4.77478e-13 	-7.82462e-14 	-9.86465e-14 	2.09985e-13 	-5.17082e-14 	4.34383e-13 	2.83097e-08 	2.77586e-09 	-8.69503e-09 	3.112e-10 	-8.54642e-10 	2.67273e-09
0.1    0.1    0.1    0.1    0.1    1.89 	0.0522794 	0.00745804 	-0.0237822 	4.77478e-13 	-7.82462e-14 	-9.86465e-14 	2.09985e-13 	-5.17082e-14 	4.34383e-13 	2.83097e-08 	2.77586e-09 	-8.69503e-09 	3.112e-10 	-8.54642e-10 	2.67273e-09
0.1    0.1    0.1    0.1    0.1    1.98 	0.0914608 	-0.000761272 	-0.0117329 	7.25504e-13 	-1.26867e-13 	-1.85551e-13 	2.56546e-13 	-2.91611e-14 	4.32535e-13 	2.36851e-08 	1.36501e-08 	1.7746e-09 	8.20773e-09 	1.0311e-09 	1.59487e-10
0.1    0.1    0.1    0.1    0.1    2.07 	0.0914608 	-0.000761272 	-0.0117329 	7.25504e-13 	-1.26867e-13 	-1.85551e-13 	2.56546e-13 	-2.91611e-14 	4.32535e-13 	2.36851e-08 	1.36501e-08 	1.7746e-09 	8.20773e-09 	1.0311e-09 	1.59487e-10
0.1    0.1    0.1    0.1    0.1    2.16 	0.145036 	-0.0100666 	-0.0400107 	4.77891e-13 	-7.58568e-14 	-6.84185e-14 	2.5073e-13 	-9.38851e-14 	4.31646e-13 	2.30058e-08 	-1.65058e-08 	3.44834e-08 	1.197e-08 	-2.50021e-08 	5.22405e-08
0.1    0.1    0.1    0.1    0.1    2.25 	0.145036 	-0.0100666 	-0.0400107 	4.77891e-13 	-7.58568e-14 	-6.84185e-14 	2.5073e-13 	-9.38851e-14 	4.31646e-13 	2.30058e-08 	-1.65058e-08 	3.44834e-08 	1.197e-08 	-2.50021e-08 	5.22405e-08
0.1    0.1    0.1    0.1    0.1    2.34 	0.145036 	-0.0100666 	-0.0400107 	4.77891e-13 	-7.58568e-14 	-6.84185e-14 	2.5073e-13 	-9.38851e-14 	4.31646e-13 	2.30058e-08 	-1.65058e-08 	3.44834e-08 	1.197e-08 	-2.50021e-08 	5.22405e-08
0.1    0.1    0.1    0.1    0.1    2.43 	0.106673 	0.00556139 	-0.0500486 	4.56519e-13 	-5.63659e-14 	-5.87672e-14 	2.42391e-13 	-1.16869e-13 	4.30901e-13 	2.37228e-08 	8.81015e-09 	3.65051e-08 	3.30411e-09 	1.34322e-08 	5.879e-08
0.1    0.1    0.1    0.1    0.1    2.52 	0.114533 	0.0115325 	-0.0201221 	4.19746e-13 	-6.1927e-14 	-3.03792e-14 	2.32429e-13 	-1.17291e-13 	4.42343e-13 	6.3119e-10 	-3.3793e-09 	3.02847e-09 	2.10438e-08 	-1.66774e-08 	1.57906e-08
0.1    0.1    0.1    0.1    0.1    2.61 	0.138404 	0.00501691 	0.000774207 	4.19887e-13 	-7.98749e-14 	-8.71145e-14 	2.28224e-13 	-3.06799e-14 	3.67423e-13 	4.87732e-10 	-4.68612e-11 	-1.14241e-10 	8.35222e-10 	7.96944e-09 	9.39439e-08
0.1    0.1    0.1    0.1    0.1    2.7 	0.1006 	-0.0155391 	-0.018276 	5.25221e-13 	-1.66683e-13 	-1.144e-13 	2.70959e-13 	9.99887e-15 	3.45367e-13 	7.05298e-08 	6.56048e-08 	-6.09597e-08 	6.21831e-08 	-5.85121e-08 	5.55151e-08
0.1    0.1    0.1    0.1    0.1    2.79 	0.192486 	-0.032091 	-0.0384205 	5.75748e-13 	-2.17858e-13 	-9.49074e-14 	3.62117e-13 	5.81596e-15 	2.73881e-13 	1.85706e-08 	2.03856e-08 	2.10363e-08 	2.2561e-08 	2.31191e-08 	2.38735e-08
0.1    0.1    0.1    0.1    0.1    2.88 	0.192486 	-0.032091 	-0.0384205 	5.75748e-13 	-2.17858e-13 	-9.49074e-14 	3.62117e-13 	5.81596e-15 	2.73881e-13 	1.85706e-08 	2.03856e-08 	2.10363e-08 	2.2561e-08 	2.31191e-08 	2.38735e-08
0.1    0.1    0.1    0.1    0.1    2.97 	0.165862 	-0.0277958 	0.00583693 	4.79684e-13 	-1.77216e-13 	-2.35691e-15 	2.58998e-13 	7.86787e-15 	2.76494e-13 	8.72713e-09 	1.4867e-10 	-2.75205e-10 	2.43453e-10 	-2.08193e-10 	2.37004e-10
0.1    0.1    0.1    0.1    0.1    3.06 	0.165862 	-0.0277958 	0.00583693 	4.79684e-13 	-1.77216e-13 	-2.35691e-15 	2.58998e-13 	7.86787e-15 	2.76494e-13 	8.72713e-09 	1.4867e-10 	-2.75205e-10 	2.43453e-10 	-2.08193e-10 	2.37004e-10
0.1    0.1    0.1    0.1    0.1    3.15 	0.141358 	0.00179655 	-0.0219909 	5.58728e-13 	-1.59386e-13 	-6.02684e-14 	2.52509e-13 	7.15828e-14 	3.35299e-13 	1.33754e-07 	-4.05396e-08 	-3.03747e-08 	1.53314e-08 	9.66183e-09 	6.96647e-09
0.1    0.1    0.1    0.1    0.1    3.24 	0.141358 	0.00179655 	-0.0219909 	5.58728e-13 	-1.59386e-13 	-6.02684e-14 	2.52509e-13 	7.15828e-14 	3.35299e-13 	1.33754e-07 	-4.05396e-08 	-3.03747e-08 	1.53314e-08 	9.66183e-09 	6.96647e-09
0.1    0.1    0.1    0.1    0.1    3.33 	0.154812 	0.00927499 	0.00331539 	5.6967e-13 	-2.09323e-13 	-5.48783e-14 	3.46471e-13 	3.00813e-15 	3.13969e-13 	2.16931e-07 	-1.18935e-07 	1.52836e-07 	6.61221e-08 	-8.43978e-08 	1.0809e-07
0.1    0.1    0.1    0.1    0.1    3.42 	0.059671 	-0.00354432 	0.0114866 	5.89332e-13 	-2.15844e-13 	-3.4647e-14 	2.92078e-13 	1.62978e-14 	3.20407e-13 	1.8798e-07 	-6.67457e-09 	4.71714e-08 	1.14966e-09 	-2.70104e-09 	1.29952e-08
0.1    0.1    0.1    0.1    0.1    3.51 	0.059671 	-0.00354432 	0.0114866 	5.89332e-13 	-2.15844e-13 	-3.4647e-14 	2.92078e-13 	1.62978e-14 	3.20407e-13 	1.8798e-07 	-6.67457e-09 	4.71714e-08 	1.14966e-09 	-2.70104e-09 	1.29952e-08
0.1    0.1    0.1    0.1    0.1    3.6 	0.151426 	-0.00319601 	0.0350273 	5.51089e-13 	-1.8315e-13 	2.49473e-14 	2.53139e-13 	1.32926e-14 	3.06617e-13 	3.08772e-10 	4.55392e-09 	-3.48121e-09 	8.45574e-08 	-6.47105e-08 	4.9556e-08
0.1    0.1    0.1    0.1    0.1    3.69 	0.151426 	-0.00319601 	0.0350273 	5.51089e-13 	-1.8315e-13 	2.49473e-14 	2.53139e-13 	1.32926e-14 	3.06617e-13 	3.08772e-10 	4.55392e-09 	-3.48121e-09 	8.45574e-08 	-6.47105e-08 	4.9556e-08
0.1    0.1    0.1    0.1    0.1    3.78 	0.10735 	0.0119949 	-0.00901758 	6.07655e-13 	-2.23536e-13 	3.35795e-14 	2.62206e-13 	3.26349e-15 	3.30779e-13 	4.32046e-07 	2.74114e-07 	3.60548e-08 	1.73914e-07 	2.28759e-08 	3.01427e-09
0.1    0.1    0.1    0.1    0.1    3.87 	0.10735 	0.0119949 	-0.00901758 	6.07655e-13 	-2.23536e-13 	3.35795e-14 	2.62206e-13 	3.26349e-15 	3.30779e-13 	4.32046e-07 	2.74114e-07 	3.60548e-08 	1.73914e-07 	2.28759e-08 	3.01427e-09
0.1    0.1    0.1    0.1    0.1    3.96 	0.122732 	0.00315485 	-0.0114435 	6.91562e-13 	-2.20376e-13 	-6.99267e-15 	2.48399e-13 	2.60906e-14 	2.49473e-13 	2.32611e-07 	1.42445e-07 	1.20783e-07 	8.7682e-08 	7.38838e-08 	6.2733e-08
0.1    0.1    0.1    0.1    0.1    4.05 	0.122732 	0.00315485 	-0.0114435 	6.91562e-13 	-2.20376e-13 	-6.99267e-15 	2.48399e-13 	2.60906e-14 	2.49473e-13 	2.32611e-07 	1.42445e-07 	1.20783e-07 	8.7682e-08 	7.38838e-08 	6.2733e-08
0.1    0.1    0.1    0.1    0.1    4.14 	0.108561 	-0.0418393 	0.0247352 	9.96193e-13 	-3.25889e-13 	-4.89339e-14 	3.24139e-13 	7.02222e-15 	2.7935e-13 	3.75304e-09 	-8.63721e-09 	8.08382e-09 	4.76043e-08 	-4.07829e-08 	3.51612e-08
0.1    0.1    0.1    0.1    0.1    4.23 	0.0407504 	0.0316786 	0.0423374 	1.53111e-12 	-5.96892e-13 	1.09928e-13 	2.92887e-13 	-7.45023e-14 	3.07752e-13 	3.52354e-07 	-6.69378e-08 	1.44203e-07 	1.37594e-08 	-2.65485e-08 	5.97139e-08
0.1    0.1    0.1    0.1    0.1    4.32 	0.113441 	0.0223785 	0.0235661 	6.1351e-13 	-2.21243e-13 	-1.11977e-14 	2.27174e-13 	-5.54359e-15 	2.39004e-13 	6.07576e-09 	-2.64498e-09 	-8.09981e-09 	1.46084e-09 	1.52263e-09 	2.38998e-08
0.1    0.1    0.1    0.1    0.1    4.41 	0.113441 	0.0223785 	0.0235661 	6.1351e-13 	-2.21243e-13 	-1.11977e-14 	2.27174e-13 	-5.54359e-15 	2.39004e-13 	6.07576e-09 	-2.64498e-09 	-8.09981e-09 	1.46084e-09 	1.52263e-09 	2.38998e-08
0.1    0.1    0.1    0.1    0.1    4.5 	0.113441 	0.0223785 	0.0235661 	6.1351e-13 	-2.21243e-13 	-1.11977e-14 	2.27174e-13 	-5.54359e-15 	2.39004e-13 	6.07576e-09 	-2.64498e-09 	-8.09981e-09 	1.46084e-09 	1.52263e-09 	2.38998e-08
0.2    0.2    0.2    0.2    0.2    0 	0.169398 	0.0107702 	-0.00564031 	8.12287e-13 	7.54125e-14 	1.11301e-13 	4.02968e-13 	-1.77549e-13 	8.78705e-13 	4.89282e-08 	-2.6198e-08 	1.17676e-07 	1.44707e-08 	-6.34756e-08 	2.85281e-07
0.2    0.2    0.2    0.2    0.2    0.09 	0.169398 	0.0107702 	-0.00564031 	8.12287e-13 	7.54125e-14 	1.11301e-13 	4.02968e-13 	-1.77549e-13 	8.78705e-13 	4.89282e-08 	-2.6198e-08 	1.17676e-07 	1.44707e-08 	-6.34756e-08 	2.85281e-07
0.2    0.2    0.2    0.2    0.2    0.18 	0.169398 	0.0107702 	-0.00564031 	8.12287e-13 	7.54125e-14 	1.11301e-13 	4.02968e-13 	-1.77549e-13 	8.78705e-13 	4.89282e-08 	-2.6198e-08 	1.17676e-07 	1.44707e-08 	-6.34756e-08 	2.85281e-07
0.2    0.2    0.2    0.2    0.2    0.27 	0.206432 	0.00858983 	-0.0375298 	6.23905e-13 	-7.25977e-14 	-4.38718e-14 	3.66826e-13 	1.12289e-14 	4.03412e-13 	2.42812e-07 	-2.28446e-08 	4.86858e-07 	6.31769e-09 	-5.67523e-08 	1.02721e-06
0.2    0.2    0.2    0.2    0.2    0.36 	0.206432 	0.00858983 	-0.0375298 	6.23905e-13 	-7.25977e-14 	-4.38718e-14 	3.66826e-13 	1.12289e-14 	4.03412e-13 	2.42812e-07 	-2.28446e-08 	4.86858e-07 	6.31769e-09 	-5.67523e-08 	1.02721e-06
0.2    0.2    0.2    0.2    0.2    0.45 	0.177495 	-0.0039937 	-0.0238721 	5.19442e-13 	1.50808e-14 	4.71131e-14 	4.52235e-13 	1.08065e-13 	3.52572e-13 	1.96442e-07 	1.66627e-07 	2.08724e-07 	1.46684e-07 	1.75505e-07 	2.23963e-07
0.2    0.2    0.2    0.2    0.2    0.54 	0.177495 	-0.0039937 	-0.0238721 	5.19442e-13 	1.50808e-14 	4.71131e-14 	4.52235e-13 	1.08065e-13 	3.52572e-13 	1.96442e-07 	1.66627e-07 	2.08724e-07 	1.46684e-07 	1.75505e-07 	2.23963e-07
0.2    0.2    0.2    0.2    0.2    0.63 	0.178871 	-0.00563926 	0.0286823 	6.95368e-13 	7.756e-14 	1.86031e-13 	5.59645e-13 	-1.01345e-13 	9.04805e-13 	7.48449e-07 	-7.08588e-08 	-2.9823e-07 	7.73308e-09 	2.66652e-08 	1.23839e-07
0.2    0.2    0.2    0.2    0.2    0.72 	0.178871 	-0.00563926 	0.0286823 	6.95368e-13 	7.756e-14 	1.86031e-13 	5.59645e-13 	-1.01345e-13 	9.04805e-13 	7.48449e-07 	-7.08588e-08 	-2.9823e-07 	7.73308e-09 	2.66652e-08 	1.23839e-07
0.2    0.2    0.2    0.2    0.2    0.81 	0.179653 	-0.00368739 	-0.0135588 	6.60404e-13 	-6.8992e-14 	1.88865e-13 	5.49943e-13 	2.88944e-13 	7.11032e-13 	4.89245e-07 	-9.18822e-08 	2.44356e-07 	1.76262e-08 	-4.59224e-08 	1.23348e-07
0.2    0.2    0.2    0.2    0.2    0.9 	0.179653 	-0.00368739 	-0.0135588 	6.60404e-13 	-6.8992e-14 	1.88865e-13 	5.49943e-13 	2.88944e-13 	7.11032e-13 	4.89245e-07 	-9.18822e-08 	2.44356e-07 	1.76262e-08 	-4.59224e-08 	1.23348e-07
0.2    0.2    0.2    0.2    0.2    0.99 	0.116482 	0.00621361 	0.0191052 	4.63181e-13 	-1.18316e-13 	9.84793e-14 	2.68632e-13 	3.0457e-14 	3.89878e-13 	4.66469e-08 	-1.2642e-08 	-2.50053e-08 	3.92636e-09 	5.92726e-09 	1.49283e-08
0.2    0.2    0.2    0.2    0.2    1.08 	0.116482 	0.00621361 	0.0191052 	4.63181e-13 	-1.18316e-13 	9.84793e-14 	2.68632e-13 	3.0457e-14 	3.89878e-13 	4.66469e-08 	-1.2642e-08 	-2.50053e-08 	3.92636e-09 	5.92726e-09 	1.49283e-08
0.2    0.2    0.2    0.2    0.2    1.17 	0.116482 	0.00621361 	0.0191052 	4.63181e-13 	-1.18316e-13 	9.84793e-14 	2.68632e-13 	3.0457e-14 	3.89878e-13 	4.66469e-08 	-1.2642e-08 	-2.50053e-08 	3.92636e-09 	5.92726e-09 	1.49283e-08
0.2    0.2    0.2    0.2    0.2    1.26 	0.105311 	0.0113645 	0.00115644 	5.85289e-13 	-1.50592e-13 	2.38785e-14 	2.68073e-13 	5.00531e-14 	4.32678e-13 	7.64793e-08 	-1.79511e-08 	8.4491e-08 	5.04627e-09 	-2.00579e-08 	9.34202e-08
0.2    0.2    0.2    0.2    0.2    1.35 	0.118321 	0.0079417 	0.007499 	5.6939e-13 	-1.35731e-13 	5.40615e-14 	2.65864e-13 	3.43125e-14 	4.46906e-13 	4.01418e-08 	-3.63388e-08 	4.18334e-08 	3.3214e-08 	-3.78564e-08 	4.36129e-08
0.2    0.2    0.2    0.2    0.2    1.44 	0.124071 	0.0113594 	0.0237254 	4.91771e-13 	-1.03746e-13 	1.29212e-13 	2.30244e-13 	-1.75504e-14 	4.43384e-13 	7.11861e-08 	-6.03891e-08 	9.01551e-08 	5.14111e-08 	-7.66717e-08 	1.15763e-07
0.2    0.2    0.2    0.2    0.2    1.53 	0.124071 	0.0113594 	0.0237254 	4.91771e-13 	-1.03746e-13 	1.29212e-13 	2.30244e-13 	-1.75504e-14 	4.43384e-13 	7.11861e-08 	-6.03891e-08 	9.01551e-08 	5.14111e-08 	-7.66717e-08 	1.15763e-07
0.2    0.2    0.2    0.2    0.2    1.62 	0.118704 	0.0112923 	-0.00434641 	4.91792e-13 	-4.86671e-14 	9.63026e-14 	2.44231e-13 	-3.65188e-14 	5.5841e-13 	1.92439e-08 	3.93559e-09 	-1.10578e-07 	1.01592e-09 	-2.42913e-08 	6.49531e-07
0.2    0.2    0.2    0.2    0.2    1.71 	0.126359 	0.0163505 	-0.0124292 	4.36356e-13 	-3.41088e-14 	8.70425e-14 	2.3771e-13 	-5.78064e-14 	5.37895e-13 	4.81398e-08 	-6.58078e-08 	-3.87824e-08 	9.0207e-08 	5.24149e-08 	3.30633e-08
0.2    0.2    0.2    0.2    0.2    1.8 	0.0527197 	0.00738614 	-0.0239112 	4.78929e-13 	-7.69396e-14 	-1.00553e-13 	2.0992e-13 	-5.19218e-14 	4.33058e-13 	8.16017e-08 	-2.04038e-09 	-2.43346e-08 	4.64825e-10 	5.85431e-10 	7.2594e-09
0.2    0.2    0.2    0.2    0.2    1.89 	0.0527197 	0.00738614 	-0.0239112 	4.78929e-13 	-7.69396e-14 	-1.00553e-13 	2.0992e-13 	-5.19218e-14 	4.33058e-13 	8.16017e-08 	-2.04038e-09 	-2.43346e-08 	4.64825e-10 	5.85431e-10 	7.2594e-09
0.2    0.2    0.2    0.2    0.2    1.98 	0.0918442 	-0.000847525 	-0.0116717 	7.21113e-13 	-1.26129e-13 	-1.84451e-13 	2.56254e-13 	-3.09583e-14 	4.33363e-13 	6.98783e-08 	1.46751e-08 	8.14223e-09 	6.20688e-09 	1.39829e-09 	9.96426e-10
0.2    0.2    0.2    0.2    0.2    2.07 	0.0918442 	-0.000847525 	-0.0116717 	7.21113e-13 	-1.26129e-13 	-1.84451e-13 	2.56254e-13 	-3.09583e-14 	4.33363e-13 	6.98783e-08 	1.46751e-08 	8.14223e-09 	6.20688e-09 	1.39829e-09 	9.96426e-10
0.2    0.2    0.2    0.2    0.2    2.16 	0.144227 	-0.00968027 	-0.0407046 	4.74887e-13 	-7.48129e-14 	-6.74417e-14 	2.50764e-13 	-9.53623e-14 	4.3394e-13 	1.58194e-07 	-8.72069e-08 	1.69454e-07 	4.86224e-08 	-9.48549e-08 	1.85359e-07
0.2    0.2    0.2    0.2    0.2    2.25 	0.144227 	-0.00968027 	-0.0407046 	4.74887e-13 	-7.48129e-14 	-6.74417e-14 	2.50764e-13 	-9.53623e-14 	4.3394e-13 	1.58194e-07 	-8.72069e-08 	1.69454e-07 	4.86224e-08 	-9.48549e-08 	1.85359e-07
0.2    0.2    0.2    0.2    0.2    2.34 	0.144227 	-0.00968027 	-0.0407046 	4.74887e-13 	-7.48129e-14 	-6.74417e-14 	2.50764e-13 	-9.53623e-14 	4.3394e-13 	1.58194e-07 	-8.72069e-08 	1.69454e-07 	4.86224e-08 	-9.48549e-08 	1.85359e-07
0.2    0.2    0.2    0.2    0.2    2.43 	0.107327 	0.00573503 	-0.0494854 	4.58532e-13 	-5.47183e-14 	-6.02782e-14 	2.41866e-13 	-1.16211e-13 	4.30713e-13 	1.20577e-07 	3.72996e-08 	1.32216e-07 	1.16388e-08 	4.13684e-08 	1.4972e-07
0.2    0.2    0.2    0.2    0.2    2.52 	0.114399 	0.011588 	-0.0207852 	4.21644e-13 	-6.10329e-14 	-3.12869e-14 	2.32347e-13 	-1.17564e-13 	4.42968e-13 	4.74717e-09 	-8.98543e-09 	2.3156e-08 	2.40893e-08 	-4.38641e-08 	1.13611e-07
0.2    0.2    0.2    0.2    0.2    2.61 	0.138548 	0.00499521 	0.00150952 	4.20426e-13 	-7.96971e-14 	-8.78629e-14 	2.29017e-13 	-3.08799e-14 	3.66731e-13 	3.5699e-09 	-1.23934e-10 	2.59445e-08 	4.43781e-10 	3.57885e-09 	2.59892e-07
0.2    0.2    0.2    0.2    0.2    2.7 	0.100493 	-0.0160064 	-0.0175413 	5.26085e-13 	-1.66885e-13 	-1.15074e-13 	2.7252e-13 	9.74916e-15 	3.45006e-13 	7.69371e-08 	9.83641e-08 	-1.1158e-07 	1.38442e-07 	-1.64279e-07 	1.98728e-07
0.2    0.2    0.2    0.2    0.2    2.79 	0.19273 	-0.0318022 	-0.0380449 	5.74084e-13 	-2.18714e-13 	-9.52003e-14 	3.66696e-13 	5.67641e-15 	2.74786e-13 	4.18509e-08 	4.40323e-08 	5.26416e-08 	4.65375e-08 	5.54576e-08 	6.66167e-08
0.2    0.2    0.2    0.2    0.2    2.88 	0.19273 	-0.0318022 	-0.0380449 	5.74084e-13 	-2.18714e-13 	-9.52003e-14 	3.66696e-13 	5.67641e-15 	2.74786e-13 	4.18509e-08 	4.40323e-08 	5.26416e-08 	4.65375e-08 	5.54576e-08 	6.66167e-08
0.2    0.2    0.2    0.2    0.2    2.97 	0.165615 	-0.0280234 	0.00602106 	4.7698e-13 	-1.76077e-13 	-2.01891e-15 	2.59709e-13 	6.97214e-15 	2.75628e-13 	2.5053e-08 	1.26152e-08 	-1.01961e-08 	8.04992e-09 	-6.46902e-09 	5.23033e-09
0.2    0.2    0.2    0.2    0.2    3.06 	0.165615 	-0.0280234 	0.00602106 	4.7698e-13 	-1.76077e-13 	-2.01891e-15 	2.59709e-13 	6.97214e-15 	2.75628e-13 	2.5053e-08 	1.26152e-08 	-1.01961e-08 	8.04992e-09 	-6.46902e-09 	5.23033e-09
0.2    0.2    0.2    0.2    0.2    3.15 	0.140809 	0.00244796 	-0.0217354 	5.53596e-13 	-1.57743e-13 	-5.8059e-14 	2.51933e-13 	7.0257e-14 	3.3544e-13 	2.38561e-07 	-1.5122e-07 	-7.23931e-08 	1.10239e-07 	4.9318e-08 	2.28174e-08
0.2    0.2    0.2    0.2    0.2    3.24 	0.140809 	0.00244796 	-0.0217354 	5.53596e-13 	-1.57743e-13 	-5.8059e-14 	2.51933e-13 	7.0257e-14 	3.3544e-13 	2.38561e-07 	-1.5122e-07 	-7.23931e-08 	1.10239e-07 	4.9318e-08 	2.28174e-08
0.2    0.2    0.2    0.2    0.2    3.33 	0.153328 	0.0103916 	0.0020092 	5.71449e-13 	-2.10936e-13 	-5.41169e-14 	3.48085e-13 	2.5505e-15 	3.15176e-13 	7.85473e-07 	-5.25991e-07 	6.33112e-07 	3.5503e-07 	-4.26266e-07 	5.12223e-07
0.2    0.2    0.2    0.2    0.2    3.42 	0.0585821 	-0.00309157 	0.0107823 	5.87115e-13 	-2.15757e-13 	-3.43322e-14 	2.92196e-13 	1.52249e-14 	3.20178e-13 	5.22537e-07 	-1.15471e-07 	2.35419e-07 	3.14398e-08 	-5.82796e-08 	1.12688e-07
0.2    0.2    0.2    0.2    0.2    3.51 	0.0585821 	-0.00309157 	0.0107823 	5.87115e-13 	-2.15757e-13 	-3.43322e-14 	2.92196e-13 	1.52249e-14 	3.20178e-13 	5.22537e-07 	-1.15471e-07 	2.35419e-07 	3.14398e-08 	-5.82796e-08 	1.12688e-07
0.2    0.2    0.2    0.2    0.2    3.6 	0.151253 	-0.00251338 	0.0343345 	5.50597e-13 	-1.83513e-13 	2.35833e-14 	2.5322e-13 	1.30715e-14 	3.07076e-13 	2.69789e-09 	-1.68334e-08 	1.5518e-08 	2.29033e-07 	-1.95557e-07 	1.6793e-07
0.2    0.2    0.2    0.2    0.2    3.69 	0.151253 	-0.00251338 	0.0343345 	5.50597e-13 	-1.83513e-13 	2.35833e-14 	2.5322e-13 	1.30715e-14 	3.07076e-13 	2.69789e-09 	-1.68334e-08 	1.5518e-08 	2.29033e-07 	-1.95557e-07 	1.6793e-07
0.2    0.2    0.2    0.2    0.2    3.78 	0.105732 	0.0110154 	-0.00925542 	6.08861e-13 	-2.25021e-13 	3.22527e-14 	2.63017e-13 	3.85644e-15 	3.30765e-13 	1.21632e-06 	7.59017e-07 	1.31357e-07 	4.73719e-07 	8.18185e-08 	1.45188e-08
0.2    0.2    0.2    0.2    0.2    3.87 	0.105732 	0.0110154 	-0.00925542 	6.08861e-13 	-2.25021e-13 	3.22527e-14 	2.63017e-13 	3.85644e-15 	3.30765e-13 	1.21632e-06 	7.59017e-07 	1.31357e-07 	4.73719e-07 	8.18185e-08 	1.45188e-08
0.2    0.2    0.2    0.2    0.2    3.96 	0.124097 	0.00371034 	-0.0106161 	6.93586e-13 	-2.21052e-13 	-5.86747e-15 	2.48833e-13 	2.69435e-14 	2.49135e-13 	7.60257e-07 	3.83083e-07 	4.25846e-07 	1.95477e-07 	2.13621e-07 	2.38926e-07
0.2    0.2    0.2    0.2    0.2    4.05 	0.124097 	0.00371034 	-0.0106161 	6.93586e-13 	-2.21052e-13 	-5.86747e-15 	2.48833e-13 	2.69435e-14 	2.49135e-13 	7.60257e-07 	3.83083e-07 	4.25846e-07 	1.95477e-07 	2.13621e-07 	2.38926e-07
0.2    0.2    0.2    0.2    0.2    4.14 	0.108776 	-0.0409983 	0.0241014 	9.85231e-13 	-3.20816e-13 	-4.9322e-14 	3.21405e-13 	7.1167e-15 	2.77133e-13 	6.67783e-09 	2.50311e-08 	-1.87064e-08 	2.20888e-07 	-1.738e-07 	1.37014e-07
0.2    0.2    0.2    0.2    0.2    4.23 	0.0424246 	0.0307776 	0.0426945 	1.54919e-12 	-6.03501e-13 	1.0709e-13 	2.90799e-13 	-7.35694e-14 	3.07282e-13 	1.1263e-06 	-4.08503e-07 	3.44862e-07 	1.58136e-07 	-1.19309e-07 	1.08986e-07
0.2    0.2    0.2    0.2    0.2    4.32 	0.112553 	0.0229048 	0.0238402 	6.16573e-13 	-2.24503e-13 	-1.10346e-14 	2.27525e-13 	-6.28898e-15 	2.40505e-13 	1.31974e-07 	-7.41441e-08 	-7.12076e-08 	4.1901e-08 	3.83812e-08 	4.92604e-08
0.2    0.2    0.2    0.2    0.2    4.41 	0.112553 	0.0229048 	0.0238402 	6.16573e-13 	-2.24503e-13 	-1.10346e-14 	2.27525e-13 	-6.28898e-15 	2.40505e-13 	1.31974e-07 	-7.41441e-08 	-7.12076e-08 	4.1901e-08 	3.83812e-08 	4.92604e-08
0.2    0.2    0.2    0.2    0.2    4.5 	0.112553 	0.0229048 	0.0238402 	6.16573e-13 	-2.24503e-13 	-1.10346e-14 	2.27525e-13 	-6.28898e-15 	2.40505e-13 	1.31974e-07 	-7.41441e-08 	-7.12076e-08 	4.1901e-08 	3.83812e-08 	4.92604e-08
0.3    0.3    0.3    0.3    0.3    0 	0.169096 	0.010944 	-0.00645693 	8.12334e-13 	7.22282e-14 	1.13353e-13 	4.00847e-13 	-1.79315e-13 	8.8806e-13 	9.03041e-08 	-4.96434e-08 	2.29512e-07 	2.75981e-08 	-1.26587e-07 	5.85793e-07
0.3    0.3    0.3    0.3    0.3    0.09 	0.169096 	0.010944 	-0.00645693 	8.12334e-13 	7.22282e-14 	1.13353e-13 	4.00847e-13 	-1.79315e-13 	8.8806e-13 	9.03041e-08 	-4.96434e-08 	2.29512e-07 	2.75981e-08 	-1.26587e-07 	5.85793e-07
0.3    0.3    0.3    0.3    0.3    0.18 	0.169096 	0.010944 	-0.00645693 	8.12334e-13 	7.22282e-14 	1.13353e-13 	4.00847e-13 	-1.79315e-13 	8.8806e-13 	9.03041e-08 	-4.96434e-08 	2.29512e-07 	2.75981e-08 	-1.26587e-07 	5.85793e-07
0.3    0.3    0.3    0.3    0.3    0.27 	0.206006 	0.00865262 	-0.0392284 	6.20952e-13 	-7.29194e-14 	-4.37659e-14 	3.67843e-13 	1.31092e-14 	4.04917e-13 	3.46914e-07 	-4.54324e-08 	8.71495e-07 	9.14421e-09 	-1.26996e-07 	2.30707e-06
0.3    0.3    0.3    0.3    0.3    0.36 	0.206006 	0.00865262 	-0.0392284 	6.20952e-13 	-7.29194e-14 	-4.37659e-14 	3.67843e-13 	1.31092e-14 	4.04917e-13 	3.46914e-07 	-4.54324e-08 	8.71495e-07 	9.14421e-09 	-1.26996e-07 	2.30707e-06
0.3    0.3    0.3    0.3    0.3    0.45 	0.176957 	-0.00436468 	-0.0246532 	5.17863e-13 	1.16773e-14 	4.8576e-14 	4.57239e-13 	1.1019e-13 	3.52147e-13 	3.34444e-07 	2.6266e-07 	3.99093e-07 	2.10723e-07 	3.10555e-07 	4.81649e-07
0.3    0.3    0.3    0.3    0.3    0.54 	0.176957 	-0.00436468 	-0.0246532 	5.17863e-13 	1.16773e-14 	4.8576e-14 	4.57239e-13 	1.1019e-13 	3.52147e-13 	3.34444e-07 	2.6266e-07 	3.99093e-07 	2.10723e-07 	3.10555e-07 	4.81649e-07
0.3    0.3    0.3    0.3    0.3    0.63 	0.177687 	-0.00567686 	0.0294018 	6.97163e-13 	7.67174e-14 	1.89102e-13 	5.59644e-13 	-9.77783e-14 	9.08886e-13 	1.40947e-06 	-7.02193e-08 	-6.72585e-07 	5.8729e-09 	2.95234e-08 	3.29398e-07
0.3    0.3    0.3    0.3    0.3    0.72 	0.177687 	-0.00567686 	0.0294018 	6.97163e-13 	7.67174e-14 	1.89102e-13 	5.59644e-13 	-9.77783e-14 	9.08886e-13 	1.40947e-06 	-7.02193e-08 	-6.72585e-07 	5.8729e-09 	2.95234e-08 	3.29398e-07
0.3    0.3    0.3    0.3    0.3    0.81 	0.178645 	-0.00355264 	-0.0140865 	6.61125e-13 	-7.0241e-14 	1.94529e-13 	5.51594e-13 	2.83709e-13 	7.23331e-13 	9.44739e-07 	-1.60874e-07 	4.96704e-07 	2.78173e-08 	-8.43876e-08 	2.62373e-07
0.3    0.3    0.3    0.3    0.3    0.9 	0.178645 	-0.00355264 	-0.0140865 	6.61125e-13 	-7.0241e-14 	1.94529e-13 	5.51594e-13 	2.83709e-13 	7.23331e-13 	9.44739e-07 	-1.60874e-07 	4.96704e-07 	2.78173e-08 	-8.43876e-08 	2.62373e-07
0.3    0.3    0.3    0.3    0.3    0.99 	0.11676 	0.00606024 	0.0191538 	4.64372e-13 	-1.20863e-13 	9.82961e-14 	2.71028e-13 	2.88807e-14 	3.87911e-13 	8.54798e-08 	-3.19626e-08 	-2.64566e-08 	1.28354e-08 	8.08793e-09 	1.2012e-08
0.3    0.3    0.3    0.3    0.3    1.08 	0.11676 	0.00606024 	0.0191538 	4.64372e-13 	-1.20863e-13 	9.82961e-14 	2.71028e-13 	2.88807e-14 	3.87911e-13 	8.54798e-08 	-3.19626e-08 	-2.64566e-08 	1.28354e-08 	8.08793e-09 	1.2012e-08
0.3    0.3    0.3    0.3    0.3    1.17 	0.11676 	0.00606024 	0.0191538 	4.64372e-13 	-1.20863e-13 	9.82961e-14 	2.71028e-13 	2.88807e-14 	3.87911e-13 	8.54798e-08 	-3.19626e-08 	-2.64566e-08 	1.28354e-08 	8.08793e-09 	1.2012e-08
0.3    0.3    0.3    0.3    0.3    1.26 	0.105718 	0.0111327 	0.00160976 	5.8248e-13 	-1.50492e-13 	2.50503e-14 	2.67933e-13 	4.93375e-14 	4.31591e-13 	1.49979e-07 	-5.34643e-08 	1.67936e-07 	2.08725e-08 	-6.01437e-08 	1.88115e-07
0.3    0.3    0.3    0.3    0.3    1.35 	0.118593 	0.00769462 	0.00771055 	5.66154e-13 	-1.35913e-13 	5.42131e-14 	2.65805e-13 	3.40839e-14 	4.45007e-13 	7.5296e-08 	-7.04366e-08 	7.3577e-08 	6.61463e-08 	-6.87569e-08 	7.2148e-08
0.3    0.3    0.3    0.3    0.3    1.44 	0.124553 	0.0109756 	0.0241445 	4.89463e-13 	-1.025e-13 	1.28881e-13 	2.28298e-13 	-1.72951e-14 	4.43592e-13 	1.67233e-07 	-1.39484e-07 	1.83748e-07 	1.16482e-07 	-1.53583e-07 	2.05003e-07
0.3    0.3    0.3    0.3    0.3    1.53 	0.124553 	0.0109756 	0.0241445 	4.89463e-13 	-1.025e-13 	1.28881e-13 	2.28298e-13 	-1.72951e-14 	4.43592e-13 	1.67233e-07 	-1.39484e-07 	1.83748e-07 	1.16482e-07 	-1.53583e-07 	2.05003e-07
0.3    0.3    0.3    0.3    0.3    1.62 	0.118605 	0.0111995 	-0.00285736 	4.90223e-13 	-4.76907e-14 	9.70919e-14 	2.42813e-13 	-3.51535e-14 	5.57957e-13 	2.75182e-08 	9.40183e-09 	-2.01114e-07 	3.87132e-09 	-7.58763e-08 	1.55002e-06
0.3    0.3    0.3    0.3    0.3    1.71 	0.126105 	0.016723 	-0.0119048 	4.35587e-13 	-3.23607e-14 	8.70834e-14 	2.36984e-13 	-5.60834e-14 	5.38455e-13 	8.48583e-08 	-1.15636e-07 	-9.59053e-08 	1.57768e-07 	1.30379e-07 	1.16122e-07
0.3    0.3    0.3    0.3    0.3    1.8 	0.0531706 	0.00723021 	-0.0240429 	4.80321e-13 	-7.56513e-14 	-1.02419e-13 	2.09849e-13 	-5.21619e-14 	4.31828e-13 	1.64204e-07 	-2.24776e-08 	-4.86305e-08 	4.5215e-09 	6.61995e-09 	1.44045e-08
0.3    0.3    0.3    0.3    0.3    1.89 	0.0531706 	0.00723021 	-0.0240429 	4.80321e-13 	-7.56513e-14 	-1.02419e-13 	2.09849e-13 	-5.21619e-14 	4.31828e-13 	1.64204e-07 	-2.24776e-08 	-4.86305e-08 	4.5215e-09 	6.61995e-09 	1.44045e-08
0.3    0.3    0.3    0.3    0.3    1.98 	0.0921222 	-0.0011011 	-0.0116418 	7.16468e-13 	-1.25363e-13 	-1.83348e-13 	2.55931e-13 	-3.27936e-14 	4.34168e-13 	1.16344e-07 	-1.00497e-08 	1.47378e-08 	1.07016e-08 	-1.67322e-09 	1.9088e-09
0.3    0.3    0.3    0.3    0.3    2.07 	0.0921222 	-0.0011011 	-0.0116418 	7.16468e-13 	-1.25363e-13 	-1.83348e-13 	2.55931e-13 	-3.27936e-14 	4.34168e-13 	1.16344e-07 	-1.00497e-08 	1.47378e-08 	1.07016e-08 	-1.67322e-09 	1.9088e-09
0.3    0.3    0.3    0.3    0.3    2.16 	0.143324 	-0.00927344 	-0.0413274 	4.72042e-13 	-7.37955e-14 	-6.65647e-14 	2.5077e-13 	-9.67227e-14 	4.3607e-13 	4.54829e-07 	-2.26994e-07 	4.04922e-07 	1.14052e-07 	-2.04462e-07 	3.6809e-07
0.3    0.3    0.3    0.3    0.3    2.25 	0.143324 	-0.00927344 	-0.0413274 	4.72042e-13 	-7.37955e-14 	-6.65647e-14 	2.5077e-13 	-9.67227e-14 	4.3607e-13 	4.54829e-07 	-2.26994e-07 	4.04922e-07 	1.14052e-07 	-2.04462e-07 	3.6809e-07
0.3    0.3    0.3    0.3    0.3    2.34 	0.143324 	-0.00927344 	-0.0413274 	4.72042e-13 	-7.37955e-14 	-6.65647e-14 	2.5077e-13 	-9.67227e-14 	4.3607e-13 	4.54829e-07 	-2.26994e-07 	4.04922e-07 	1.14052e-07 	-2.04462e-07 	3.6809e-07
0.3    0.3    0.3    0.3    0.3    2.43 	0.108065 	0.00587748 	-0.0489419 	4.6059e-13 	-5.3074e-14 	-6.17341e-14 	2.41322e-13 	-1.15483e-13 	4.30523e-13 	3.18098e-07 	8.38894e-08 	2.93418e-07 	2.24688e-08 	7.86685e-08 	2.77347e-07
0.3    0.3    0.3    0.3    0.3    2.52 	0.114337 	0.0115178 	-0.0214083 	4.23554e-13 	-6.00739e-14 	-3.22234e-14 	2.32146e-13 	-1.17678e-13 	4.43441e-13 	9.14479e-09 	-9.26088e-09 	5.06255e-08 	1.81657e-08 	-4.76944e-08 	2.84896e-07
0.3    0.3    0.3    0.3    0.3    2.61 	0.138721 	0.00507922 	0.00205662 	4.20942e-13 	-7.95362e-14 	-8.86085e-14 	2.29815e-13 	-3.11022e-14 	3.66046e-13 	1.2993e-08 	1.83306e-09 	6.96966e-08 	7.40387e-10 	1.12995e-08 	4.35021e-07
0.3    0.3    0.3    0.3    0.3    2.7 	0.100595 	-0.0163163 	-0.0168555 	5.26925e-13 	-1.67092e-13 	-1.15702e-13 	2.74067e-13 	9.48198e-15 	3.4464e-13 	5.88664e-08 	9.22977e-08 	-1.16202e-07 	2.00089e-07 	-2.82277e-07 	4.10431e-07
0.3    0.3    0.3    0.3    0.3    2.79 	0.192806 	-0.0314334 	-0.0377255 	5.72578e-13 	-2.19677e-13 	-9.54966e-14 	3.71359e-13 	5.56024e-15 	2.75784e-13 	5.2e-08 	6.66392e-08 	7.67405e-08 	9.06478e-08 	1.02844e-07 	1.17451e-07
0.3    0.3    0.3    0.3    0.3    2.88 	0.192806 	-0.0314334 	-0.0377255 	5.72578e-13 	-2.19677e-13 	-9.54966e-14 	3.71359e-13 	5.56024e-15 	2.75784e-13 	5.2e-08 	6.66392e-08 	7.67405e-08 	9.06478e-08 	1.02844e-07 	1.17451e-07
0.3    0.3    0.3    0.3    0.3    2.97 	0.165375 	-0.0282305 	0.00625377 	4.7435e-13 	-1.74972e-13 	-1.6881e-15 	2.60505e-13 	6.04158e-15 	2.74769e-13 	4.97677e-08 	3.48436e-08 	-3.12603e-08 	2.65058e-08 	-2.38918e-08 	2.16778e-08
0.3    0.3    0.3    0.3    0.3    3.06 	0.165375 	-0.0282305 	0.00625377 	4.7435e-13 	-1.74972e-13 	-1.6881e-15 	2.60505e-13 	6.04158e-15 	2.74769e-13 	4.97677e-08 	3.48436e-08 	-3.12603e-08 	2.65058e-08 	-2.38918e-08 	2.16778e-08
0.3    0.3    0.3    0.3    0.3    3.15 	0.140373 	0.0030834 	-0.0214434 	5.48736e-13 	-1.56195e-13 	-5.58786e-14 	2.51348e-13 	6.88657e-14 	3.3564e-13 	3.33589e-07 	-2.90294e-07 	-1.30115e-07 	2.79954e-07 	1.22155e-07 	5.38269e-08
0.3    0.3    0.3    0.3    0.3    3.24 	0.140373 	0.0030834 	-0.0214434 	5.48736e-13 	-1.56195e-13 	-5.58786e-14 	2.51348e-13 	6.88657e-14 	3.3564e-13 	3.33589e-07 	-2.90294e-07 	-1.30115e-07 	2.79954e-07 	1.22155e-07 	5.38269e-08
0.3    0.3    0.3    0.3    0.3    3.33 	0.151862 	0.0115055 	0.000694643 	5.73361e-13 	-2.12541e-13 	-5.33201e-14 	3.49583e-13 	2.20065e-15 	3.16412e-13 	1.69427e-06 	-1.21161e-06 	1.43888e-06 	8.69915e-07 	-1.03204e-06 	1.22474e-06
0.3    0.3    0.3    0.3    0.3    3.42 	0.0575397 	-0.00248433 	0.0100078 	5.8477e-13 	-2.15671e-13 	-3.39761e-14 	2.92273e-13 	1.42113e-14 	3.19935e-13 	9.98171e-07 	-3.50804e-07 	5.65748e-07 	1.37209e-07 	-2.11721e-07 	3.32729e-07
0.3    0.3    0.3    0.3    0.3    3.51 	0.0575397 	-0.00248433 	0.0100078 	5.8477e-13 	-2.15671e-13 	-3.39761e-14 	2.92273e-13 	1.42113e-14 	3.19935e-13 	9.98171e-07 	-3.50804e-07 	5.65748e-07 	1.37209e-07 	-2.11721e-07 	3.32729e-07
0.3    0.3    0.3    0.3    0.3    3.6 	0.150939 	-0.00198502 	0.0335511 	5.50266e-13 	-1.83897e-13 	2.2296e-14 	2.53303e-13 	1.28553e-14 	3.07504e-13 	2.30351e-08 	-8.00617e-08 	8.69345e-08 	3.84034e-07 	-3.84459e-07 	3.92303e-07
0.3    0.3    0.3    0.3    0.3    3.69 	0.150939 	-0.00198502 	0.0335511 	5.50266e-13 	-1.83897e-13 	2.2296e-14 	2.53303e-13 	1.28553e-14 	3.07504e-13 	2.30351e-08 	-8.00617e-08 	8.69345e-08 	3.84034e-07 	-3.84459e-07 	3.92303e-07
0.3    0.3    0.3    0.3    0.3    3.78 	0.104421 	0.0102628 	-0.00955615 	6.10239e-13 	-2.26499e-13 	3.09444e-14 	2.63876e-13 	4.43075e-15 	3.30677e-13 	2.12483e-06 	1.29512e-06 	2.98485e-07 	7.89761e-07 	1.81116e-07 	4.3787e-08
0.3    0.3    0.3    0.3    0.3    3.87 	0.104421 	0.0102628 	-0.00955615 	6.10239e-13 	-2.26499e-13 	3.09444e-14 	2.63876e-13 	4.43075e-15 	3.30677e-13 	2.12483e-06 	1.29512e-06 	2.98485e-07 	7.89761e-07 	1.81116e-07 	4.3787e-08
0.3    0.3    0.3    0.3    0.3    3.96 	0.12532 	0.00412438 	-0.00979549 	6.95829e-13 	-2.21776e-13 	-4.64799e-15 	2.49313e-13 	2.77745e-14 	2.48885e-13 	1.46405e-06 	6.48461e-07 	8.72472e-07 	2.91964e-07 	3.83924e-07 	5.21336e-07
0.3    0.3    0.3    0.3    0.3    4.05 	0.12532 	0.00412438 	-0.00979549 	6.95829e-13 	-2.21776e-13 	-4.64799e-15 	2.49313e-13 	2.77745e-14 	2.48885e-13 	1.46405e-06 	6.48461e-07 	8.72472e-07 	2.91964e-07 	3.83924e-07 	5.21336e-07
0.3    0.3    0.3    0.3    0.3    4.14 	0.108944 	-0.0401355 	0.0234718 	9.74357e-13 	-3.15866e-13 	-4.95105e-14 	3.18766e-13 	7.18535e-15 	2.75048e-13 	1.91929e-08 	9.08042e-08 	-6.83556e-08 	5.20023e-07 	-3.96911e-07 	3.03249e-07
0.3    0.3    0.3    0.3    0.3    4.23 	0.0439788 	0.0296278 	0.042875 	1.56697e-12 	-6.09989e-13 	1.03855e-13 	2.88533e-13 	-7.24829e-14 	3.06487e-13 	2.22109e-06 	-1.09654e-06 	5.3238e-07 	5.69865e-07 	-2.47905e-07 	1.35485e-07
0.3    0.3    0.3    0.3    0.3    4.32 	0.111404 	0.0235516 	0.0240475 	6.19607e-13 	-2.27702e-13 	-1.0798e-14 	2.2783e-13 	-7.01238e-15 	2.41958e-13 	5.28615e-07 	-3.02468e-07 	-1.79569e-07 	1.73252e-07 	1.01508e-07 	7.30445e-08
0.3    0.3    0.3    0.3    0.3    4.41 	0.111404 	0.0235516 	0.0240475 	6.19607e-13 	-2.27702e-13 	-1.0798e-14 	2.2783e-13 	-7.01238e-15 	2.41958e-13 	5.28615e-07 	-3.02468e-07 	-1.79569e-07 	1.73252e-07 	1.01508e-07 	7.30445e-08
0.3    0.3    0.3    0.3    0.3    4.5 	0.111404 	0.0235516 	0.0240475 	6.19607e-13 	-2.27702e-13 	-1.0798e-14 	2.2783e-13 	-7.01238e-15 	2.41958e-13 	5.28615e-07 	-3.02468e-07 	-1.79569e-07 	1.73252e-07 	1.01508e-07 	7.30445e-08
