0.1      0.1    0.1    0.1    0.1    0 	0.0935257 	0.0345359 	-0.0148718 	4.81394e-13 	-2.15912e-13 	7.11941e-14 	2.34872e-13 	-3.48951e-14 	1.68793e-13 	1.46841e-08 	5.11034e-09 	-7.82241e-09 	3.62476e-09 	-3.66806e-09 	4.65599e-09
0.1      0.1    0.1    0.1    0.1    0.09 	0.0935257 	0.0345359 	-0.0148718 	4.81394e-13 	-2.15912e-13 	7.11941e-14 	2.34872e-13 	-3.48951e-14 	1.68793e-13 	1.46841e-08 	5.11034e-09 	-7.82241e-09 	3.62476e-09 	-3.66806e-09 	4.65599e-09
0.1      0.1    0.1    0.1    0.1    0.18 	0.0935257 	0.0345359 	-0.0148718 	4.81394e-13 	-2.15912e-13 	7.11941e-14 	2.34872e-13 	-3.48951e-14 	1.68793e-13 	1.46841e-08 	5.11034e-09 	-7.82241e-09 	3.62476e-09 	-3.66806e-09 	4.65599e-09
0.1      0.1    0.1    0.1    0.1    0.27 	-0.00129582 	0.057713 	0.0236229 	4.82583e-13 	-2.07361e-13 	-3.74656e-14 	3.19018e-13 	3.43054e-14 	1.54212e-13 	5.46299e-08 	5.44152e-08 	5.43589e-08 	6.54392e-08 	5.9413e-08 	5.65714e-08
0.1      0.1    0.1    0.1    0.1    0.36 	-0.00129582 	0.057713 	0.0236229 	4.82583e-13 	-2.07361e-13 	-3.74656e-14 	3.19018e-13 	3.43054e-14 	1.54212e-13 	5.46299e-08 	5.44152e-08 	5.43589e-08 	6.54392e-08 	5.9413e-08 	5.65714e-08
0.1      0.1    0.1    0.1    0.1    0.45 	0.155923 	0.0126251 	0.0404661 	8.35658e-13 	-1.54916e-13 	2.89286e-13 	1.39427e-13 	4.03979e-14 	3.05993e-13 	1.80304e-07 	-2.41857e-08 	-1.35628e-07 	4.93614e-09 	1.88331e-08 	1.02265e-07
0.1      0.1    0.1    0.1    0.1    0.54 	0.155923 	0.0126251 	0.0404661 	8.35658e-13 	-1.54916e-13 	2.89286e-13 	1.39427e-13 	4.03979e-14 	3.05993e-13 	1.80304e-07 	-2.41857e-08 	-1.35628e-07 	4.93614e-09 	1.88331e-08 	1.02265e-07
0.1      0.1    0.1    0.1    0.1    0.63 	0.086997 	-0.00205539 	-0.00672613 	7.2535e-13 	-1.42349e-13 	1.0612e-13 	1.56382e-13 	-7.48346e-15 	2.55169e-13 	1.29067e-07 	-4.55063e-09 	3.39364e-09 	2.22662e-10 	-1.16061e-10 	8.99409e-11
0.1      0.1    0.1    0.1    0.1    0.72 	0.086997 	-0.00205539 	-0.00672613 	7.2535e-13 	-1.42349e-13 	1.0612e-13 	1.56382e-13 	-7.48346e-15 	2.55169e-13 	1.29067e-07 	-4.55063e-09 	3.39364e-09 	2.22662e-10 	-1.16061e-10 	8.99409e-11
0.1      0.1    0.1    0.1    0.1    0.81 	0.0635934 	0.0210084 	0.0210808 	6.56341e-13 	-2.09167e-13 	6.27899e-15 	2.24898e-13 	4.70734e-14 	1.95698e-13 	1.00558e-08 	-4.33645e-08 	2.29692e-08 	1.90109e-07 	-1.03147e-07 	5.78665e-08
0.1      0.1    0.1    0.1    0.1    0.9 	0.0635934 	0.0210084 	0.0210808 	6.56341e-13 	-2.09167e-13 	6.27899e-15 	2.24898e-13 	4.70734e-14 	1.95698e-13 	1.00558e-08 	-4.33645e-08 	2.29692e-08 	1.90109e-07 	-1.03147e-07 	5.78665e-08
0.1      0.1    0.1    0.1    0.1    0.99 	0.107151 	-0.0195295 	0.0139063 	5.77875e-13 	-1.22698e-13 	1.56664e-13 	1.99316e-13 	5.19921e-15 	2.19295e-13 	1.9972e-07 	-2.63332e-08 	-2.18966e-08 	4.60948e-09 	2.84378e-09 	2.40882e-09
0.1      0.1    0.1    0.1    0.1    1.08 	0.107151 	-0.0195295 	0.0139063 	5.77875e-13 	-1.22698e-13 	1.56664e-13 	1.99316e-13 	5.19921e-15 	2.19295e-13 	1.9972e-07 	-2.63332e-08 	-2.18966e-08 	4.60948e-09 	2.84378e-09 	2.40882e-09
0.1      0.1    0.1    0.1    0.1    1.17 	0.107151 	-0.0195295 	0.0139063 	5.77875e-13 	-1.22698e-13 	1.56664e-13 	1.99316e-13 	5.19921e-15 	2.19295e-13 	1.9972e-07 	-2.63332e-08 	-2.18966e-08 	4.60948e-09 	2.84378e-09 	2.40882e-09
0.1      0.1    0.1    0.1    0.1    1.26 	0.0544509 	-0.0143456 	-0.042106 	4.45649e-13 	-2.19972e-13 	1.44213e-14 	3.24152e-13 	-1.19034e-14 	1.82367e-13 	5.59709e-08 	4.63774e-08 	1.04878e-07 	3.85212e-08 	8.70707e-08 	1.9683e-07
0.1      0.1    0.1    0.1    0.1    1.35 	0.0544509 	-0.0143456 	-0.042106 	4.45649e-13 	-2.19972e-13 	1.44213e-14 	3.24152e-13 	-1.19034e-14 	1.82367e-13 	5.59709e-08 	4.63774e-08 	1.04878e-07 	3.85212e-08 	8.70707e-08 	1.9683e-07
0.1      0.1    0.1    0.1    0.1    1.44 	0.00271968 	0.0246159 	0.0142878 	5.58263e-13 	-2.76155e-13 	-2.19457e-14 	2.96969e-13 	3.35956e-14 	2.19619e-13 	7.53828e-08 	-8.87718e-08 	4.99195e-08 	1.04633e-07 	-5.90726e-08 	3.39471e-08
0.1      0.1    0.1    0.1    0.1    1.53 	0.00271968 	0.0246159 	0.0142878 	5.58263e-13 	-2.76155e-13 	-2.19457e-14 	2.96969e-13 	3.35956e-14 	2.19619e-13 	7.53828e-08 	-8.87718e-08 	4.99195e-08 	1.04633e-07 	-5.90726e-08 	3.39471e-08
0.1      0.1    0.1    0.1    0.1    1.62 	0.0194998 	0.0111971 	-0.0290866 	6.88234e-13 	-2.06778e-13 	-2.56253e-14 	2.01398e-13 	-6.23092e-14 	1.8956e-13 	1.14608e-07 	-7.83515e-09 	5.47926e-08 	7.01921e-10 	-3.94397e-09 	2.64356e-08
0.1      0.1    0.1    0.1    0.1    1.71 	0.0194998 	0.0111971 	-0.0290866 	6.88234e-13 	-2.06778e-13 	-2.56253e-14 	2.01398e-13 	-6.23092e-14 	1.8956e-13 	1.14608e-07 	-7.83515e-09 	5.47926e-08 	7.01921e-10 	-3.94397e-09 	2.64356e-08
0.1      0.1    0.1    0.1    0.1    1.8 	0.0896467 	0.0312147 	-0.0178644 	1.31116e-12 	-3.59604e-13 	-3.43804e-13 	2.26501e-13 	4.10295e-14 	1.41327e-13 	1.53771e-08 	2.21552e-08 	-3.6238e-08 	3.4306e-08 	-5.43311e-08 	8.72859e-08
0.1      0.1    0.1    0.1    0.1    1.89 	0.0896467 	0.0312147 	-0.0178644 	1.31116e-12 	-3.59604e-13 	-3.43804e-13 	2.26501e-13 	4.10295e-14 	1.41327e-13 	1.53771e-08 	2.21552e-08 	-3.6238e-08 	3.4306e-08 	-5.43311e-08 	8.72859e-08
0.1      0.1    0.1    0.1    0.1    1.98 	0.0940356 	-0.00306449 	0.0239178 	1.3438e-12 	-1.80761e-13 	-1.12719e-13 	2.22733e-13 	-4.39298e-15 	1.14125e-13 	1.05523e-08 	5.85365e-08 	-2.57158e-08 	4.51108e-07 	-2.05815e-07 	9.42344e-08
0.1      0.1    0.1    0.1    0.1    2.07 	0.0940356 	-0.00306449 	0.0239178 	1.3438e-12 	-1.80761e-13 	-1.12719e-13 	2.22733e-13 	-4.39298e-15 	1.14125e-13 	1.05523e-08 	5.85365e-08 	-2.57158e-08 	4.51108e-07 	-2.05815e-07 	9.42344e-08
0.1      0.1    0.1    0.1    0.1    2.16 	0.0254339 	0.0242415 	0.0351536 	5.63665e-13 	-1.03539e-13 	-8.22731e-14 	1.50056e-13 	-1.32147e-14 	1.37674e-13 	7.28198e-07 	-1.34621e-06 	-1.96921e-08 	2.48922e-06 	3.67425e-08 	7.66357e-10
0.1      0.1    0.1    0.1    0.1    2.25 	0.0254339 	0.0242415 	0.0351536 	5.63665e-13 	-1.03539e-13 	-8.22731e-14 	1.50056e-13 	-1.32147e-14 	1.37674e-13 	7.28198e-07 	-1.34621e-06 	-1.96921e-08 	2.48922e-06 	3.67425e-08 	7.66357e-10
0.1      0.1    0.1    0.1    0.1    2.34 	0.0254339 	0.0242415 	0.0351536 	5.63665e-13 	-1.03539e-13 	-8.22731e-14 	1.50056e-13 	-1.32147e-14 	1.37674e-13 	7.28198e-07 	-1.34621e-06 	-1.96921e-08 	2.48922e-06 	3.67425e-08 	7.66357e-10
0.1      0.1    0.1    0.1    0.1    2.43 	0.0481891 	0.0406174 	0.0275027 	3.97796e-13 	-1.422e-13 	-5.41822e-15 	1.55304e-13 	-1.88373e-14 	2.65595e-13 	2.73779e-07 	2.85398e-07 	1.91102e-07 	2.99667e-07 	2.00045e-07 	1.33714e-07
0.1      0.1    0.1    0.1    0.1    2.52 	0.0481891 	0.0406174 	0.0275027 	3.97796e-13 	-1.422e-13 	-5.41822e-15 	1.55304e-13 	-1.88373e-14 	2.65595e-13 	2.73779e-07 	2.85398e-07 	1.91102e-07 	2.99667e-07 	2.00045e-07 	1.33714e-07
0.1      0.1    0.1    0.1    0.1    2.61 	0.102533 	-0.0245649 	-0.0408171 	5.35509e-13 	-1.60266e-13 	-4.10777e-14 	2.09334e-13 	-5.62808e-15 	2.00034e-13 	4.57733e-07 	-2.06791e-07 	4.89239e-08 	9.41387e-08 	-2.2074e-08 	5.23186e-09
0.1      0.1    0.1    0.1    0.1    2.7 	0.102533 	-0.0245649 	-0.0408171 	5.35509e-13 	-1.60266e-13 	-4.10777e-14 	2.09334e-13 	-5.62808e-15 	2.00034e-13 	4.57733e-07 	-2.06791e-07 	4.89239e-08 	9.41387e-08 	-2.2074e-08 	5.23186e-09
0.1      0.1    0.1    0.1    0.1    2.79 	0.119886 	-0.0161504 	-0.0109382 	7.14064e-13 	-2.81832e-13 	1.05528e-15 	3.41166e-13 	-8.06819e-14 	2.22757e-13 	3.2635e-07 	-4.01084e-07 	-3.27229e-07 	4.93537e-07 	4.02701e-07 	3.28606e-07
0.1      0.1    0.1    0.1    0.1    2.88 	0.119886 	-0.0161504 	-0.0109382 	7.14064e-13 	-2.81832e-13 	1.05528e-15 	3.41166e-13 	-8.06819e-14 	2.22757e-13 	3.2635e-07 	-4.01084e-07 	-3.27229e-07 	4.93537e-07 	4.02701e-07 	3.28606e-07
0.1      0.1    0.1    0.1    0.1    2.97 	0.108773 	0.0300298 	-0.0107929 	8.50218e-13 	-2.79675e-13 	8.21802e-14 	2.98521e-13 	-4.08283e-14 	1.8471e-13 	1.29579e-07 	-1.53767e-07 	-1.2279e-07 	1.82881e-07 	1.46492e-07 	1.17848e-07
0.1      0.1    0.1    0.1    0.1    3.06 	0.108773 	0.0300298 	-0.0107929 	8.50218e-13 	-2.79675e-13 	8.21802e-14 	2.98521e-13 	-4.08283e-14 	1.8471e-13 	1.29579e-07 	-1.53767e-07 	-1.2279e-07 	1.82881e-07 	1.46492e-07 	1.17848e-07
0.1      0.1    0.1    0.1    0.1    3.15 	0.130953 	0.0608721 	0.000896591 	6.15883e-13 	-1.62524e-13 	5.89014e-14 	1.82334e-13 	-3.77128e-14 	2.07745e-13 	3.94496e-07 	1.53028e-07 	1.5784e-07 	6.18065e-08 	6.51647e-08 	6.95463e-08
0.1      0.1    0.1    0.1    0.1    3.24 	0.130953 	0.0608721 	0.000896591 	6.15883e-13 	-1.62524e-13 	5.89014e-14 	1.82334e-13 	-3.77128e-14 	2.07745e-13 	3.94496e-07 	1.53028e-07 	1.5784e-07 	6.18065e-08 	6.51647e-08 	6.95463e-08
0.1      0.1    0.1    0.1    0.1    3.33 	0.037914 	-0.0278692 	0.0152003 	4.85697e-13 	-2.4855e-13 	9.58419e-14 	2.49975e-13 	-5.44138e-14 	2.33615e-13 	8.7928e-08 	-7.44053e-08 	7.157e-08 	6.31441e-08 	-6.08878e-08 	5.88908e-08
0.1      0.1    0.1    0.1    0.1    3.42 	0.037914 	-0.0278692 	0.0152003 	4.85697e-13 	-2.4855e-13 	9.58419e-14 	2.49975e-13 	-5.44138e-14 	2.33615e-13 	8.7928e-08 	-7.44053e-08 	7.157e-08 	6.31441e-08 	-6.08878e-08 	5.88908e-08
0.1      0.1    0.1    0.1    0.1    3.51 	0.037914 	-0.0278692 	0.0152003 	4.85697e-13 	-2.4855e-13 	9.58419e-14 	2.49975e-13 	-5.44138e-14 	2.33615e-13 	8.7928e-08 	-7.44053e-08 	7.157e-08 	6.31441e-08 	-6.08878e-08 	5.88908e-08
0.1      0.1    0.1    0.1    0.1    3.6 	0.0885901 	-0.00796336 	-0.0259093 	9.96769e-13 	-6.25293e-13 	2.65843e-13 	5.30076e-13 	-1.38929e-13 	1.95854e-13 	3.38089e-08 	6.61923e-08 	1.50809e-08 	1.31219e-07 	2.86994e-08 	7.16113e-09
0.1      0.1    0.1    0.1    0.1    3.69 	0.0885901 	-0.00796336 	-0.0259093 	9.96769e-13 	-6.25293e-13 	2.65843e-13 	5.30076e-13 	-1.38929e-13 	1.95854e-13 	3.38089e-08 	6.61923e-08 	1.50809e-08 	1.31219e-07 	2.86994e-08 	7.16113e-09
0.1      0.1    0.1    0.1    0.1    3.78 	0.0900342 	-0.00762144 	0.0453489 	4.75991e-13 	-2.27686e-13 	6.42898e-14 	2.46748e-13 	1.58852e-14 	1.83759e-13 	1.29572e-08 	2.92212e-08 	1.10278e-08 	6.7185e-08 	2.59693e-08 	1.0327e-08
0.1      0.1    0.1    0.1    0.1    3.87 	0.0900342 	-0.00762144 	0.0453489 	4.75991e-13 	-2.27686e-13 	6.42898e-14 	2.46748e-13 	1.58852e-14 	1.83759e-13 	1.29572e-08 	2.92212e-08 	1.10278e-08 	6.7185e-08 	2.59693e-08 	1.0327e-08
0.1      0.1    0.1    0.1    0.1    3.96 	0.112998 	0.0255711 	0.00815442 	4.70205e-13 	-1.87126e-13 	5.10898e-14 	1.39428e-13 	-1.11771e-15 	1.72251e-13 	3.32323e-08 	6.09241e-09 	-8.72217e-09 	1.86665e-09 	-2.02466e-09 	2.55419e-09
0.1      0.1    0.1    0.1    0.1    4.05 	0.112998 	0.0255711 	0.00815442 	4.70205e-13 	-1.87126e-13 	5.10898e-14 	1.39428e-13 	-1.11771e-15 	1.72251e-13 	3.32323e-08 	6.09241e-09 	-8.72217e-09 	1.86665e-09 	-2.02466e-09 	2.55419e-09
0.1      0.1    0.1    0.1    0.1    4.14 	0.129925 	-0.0110576 	-0.00577999 	6.17453e-13 	-3.51485e-13 	-1.4309e-14 	2.98823e-13 	5.1265e-14 	1.74749e-13 	1.06516e-07 	-1.02914e-07 	8.3642e-08 	1.00253e-07 	-8.07823e-08 	6.57013e-08
0.1      0.1    0.1    0.1    0.1    4.23 	0.129925 	-0.0110576 	-0.00577999 	6.17453e-13 	-3.51485e-13 	-1.4309e-14 	2.98823e-13 	5.1265e-14 	1.74749e-13 	1.06516e-07 	-1.02914e-07 	8.3642e-08 	1.00253e-07 	-8.07823e-08 	6.57013e-08
0.1      0.1    0.1    0.1    0.1    4.32 	-0.00199096 	0.0256828 	-0.00541934 	4.30834e-13 	-2.04965e-13 	-4.81969e-14 	2.21558e-13 	3.76589e-14 	2.12119e-13 	1.12583e-07 	-1.84414e-07 	3.62296e-08 	3.02679e-07 	-5.88701e-08 	1.21408e-08
0.1      0.1    0.1    0.1    0.1    4.41 	-0.00199096 	0.0256828 	-0.00541934 	4.30834e-13 	-2.04965e-13 	-4.81969e-14 	2.21558e-13 	3.76589e-14 	2.12119e-13 	1.12583e-07 	-1.84414e-07 	3.62296e-08 	3.02679e-07 	-5.88701e-08 	1.21408e-08
0.1      0.1    0.1    0.1    0.1    4.5 	-0.00199096 	0.0256828 	-0.00541934 	4.30834e-13 	-2.04965e-13 	-4.81969e-14 	2.21558e-13 	3.76589e-14 	2.12119e-13 	1.12583e-07 	-1.84414e-07 	3.62296e-08 	3.02679e-07 	-5.88701e-08 	1.21408e-08
0.2      0.2    0.2    0.2    0.2    0 	0.0928261 	0.0341082 	-0.014325 	4.79248e-13 	-2.16903e-13 	7.12398e-14 	2.37245e-13 	-3.45703e-14 	1.67857e-13 	1.08099e-07 	6.54825e-08 	-8.03316e-08 	4.11562e-08 	-4.95644e-08 	6.03122e-08
0.2      0.2    0.2    0.2    0.2    0.09 	0.0928261 	0.0341082 	-0.014325 	4.79248e-13 	-2.16903e-13 	7.12398e-14 	2.37245e-13 	-3.45703e-14 	1.67857e-13 	1.08099e-07 	6.54825e-08 	-8.03316e-08 	4.11562e-08 	-4.95644e-08 	6.03122e-08
0.2      0.2    0.2    0.2    0.2    0.18 	0.0928261 	0.0341082 	-0.014325 	4.79248e-13 	-2.16903e-13 	7.12398e-14 	2.37245e-13 	-3.45703e-14 	1.67857e-13 	1.08099e-07 	6.54825e-08 	-8.03316e-08 	4.11562e-08 	-4.95644e-08 	6.03122e-08
0.2      0.2    0.2    0.2    0.2    0.27 	-0.00251881 	0.0576886 	0.0230661 	4.84806e-13 	-2.08842e-13 	-3.68587e-14 	3.2017e-13 	3.33651e-14 	1.53997e-13 	3.76244e-07 	1.15114e-07 	2.32514e-07 	5.95638e-08 	8.41671e-08 	1.50706e-07
0.2      0.2    0.2    0.2    0.2    0.36 	-0.00251881 	0.0576886 	0.0230661 	4.84806e-13 	-2.08842e-13 	-3.68587e-14 	3.2017e-13 	3.33651e-14 	1.53997e-13 	3.76244e-07 	1.15114e-07 	2.32514e-07 	5.95638e-08 	8.41671e-08 	1.50706e-07
0.2      0.2    0.2    0.2    0.2    0.45 	0.154639 	0.013094 	0.0415717 	8.2743e-13 	-1.54125e-13 	2.85187e-13 	1.3965e-13 	4.06888e-14 	3.05363e-13 	6.10594e-07 	-1.70134e-07 	-4.98668e-07 	5.0775e-08 	1.40426e-07 	4.07916e-07
0.2      0.2    0.2    0.2    0.2    0.54 	0.154639 	0.013094 	0.0415717 	8.2743e-13 	-1.54125e-13 	2.85187e-13 	1.3965e-13 	4.06888e-14 	3.05363e-13 	6.10594e-07 	-1.70134e-07 	-4.98668e-07 	5.0775e-08 	1.40426e-07 	4.07916e-07
0.2      0.2    0.2    0.2    0.2    0.63 	0.0864725 	-0.00208691 	-0.00677835 	7.25949e-13 	-1.4258e-13 	1.06528e-13 	1.5594e-13 	-7.83335e-15 	2.5611e-13 	2.3904e-07 	1.09457e-09 	1.09334e-08 	1.9984e-10 	1.46532e-10 	5.66223e-10
0.2      0.2    0.2    0.2    0.2    0.72 	0.0864725 	-0.00208691 	-0.00677835 	7.25949e-13 	-1.4258e-13 	1.06528e-13 	1.5594e-13 	-7.83335e-15 	2.5611e-13 	2.3904e-07 	1.09457e-09 	1.09334e-08 	1.9984e-10 	1.46532e-10 	5.66223e-10
0.2      0.2    0.2    0.2    0.2    0.81 	0.0635274 	0.0204758 	0.021921 	6.57467e-13 	-2.10122e-13 	6.97842e-15 	2.25379e-13 	4.63961e-14 	1.94957e-13 	7.42586e-09 	-4.11591e-08 	2.85461e-08 	3.12518e-07 	-2.62652e-07 	2.39017e-07
0.2      0.2    0.2    0.2    0.2    0.9 	0.0635274 	0.0204758 	0.021921 	6.57467e-13 	-2.10122e-13 	6.97842e-15 	2.25379e-13 	4.63961e-14 	1.94957e-13 	7.42586e-09 	-4.11591e-08 	2.85461e-08 	3.12518e-07 	-2.62652e-07 	2.39017e-07
0.2      0.2    0.2    0.2    0.2    0.99 	0.1058 	-0.0188341 	0.0140907 	5.72802e-13 	-1.21031e-13 	1.56258e-13 	1.97951e-13 	4.95956e-15 	2.20174e-13 	6.89603e-07 	-2.304e-07 	-8.40092e-08 	8.44922e-08 	2.85259e-08 	1.02726e-08
0.2      0.2    0.2    0.2    0.2    1.08 	0.1058 	-0.0188341 	0.0140907 	5.72802e-13 	-1.21031e-13 	1.56258e-13 	1.97951e-13 	4.95956e-15 	2.20174e-13 	6.89603e-07 	-2.304e-07 	-8.40092e-08 	8.44922e-08 	2.85259e-08 	1.02726e-08
0.2      0.2    0.2    0.2    0.2    1.17 	0.1058 	-0.0188341 	0.0140907 	5.72802e-13 	-1.21031e-13 	1.56258e-13 	1.97951e-13 	4.95956e-15 	2.20174e-13 	6.89603e-07 	-2.304e-07 	-8.40092e-08 	8.44922e-08 	2.85259e-08 	1.02726e-08
0.2      0.2    0.2    0.2    0.2    1.26 	0.0539491 	-0.0149496 	-0.0432436 	4.46926e-13 	-2.19413e-13 	1.59442e-14 	3.2336e-13 	-1.24443e-14 	1.82858e-13 	1.38319e-07 	1.35058e-07 	2.82621e-07 	1.3319e-07 	2.77392e-07 	5.79072e-07
0.2      0.2    0.2    0.2    0.2    1.35 	0.0539491 	-0.0149496 	-0.0432436 	4.46926e-13 	-2.19413e-13 	1.59442e-14 	3.2336e-13 	-1.24443e-14 	1.82858e-13 	1.38319e-07 	1.35058e-07 	2.82621e-07 	1.3319e-07 	2.77392e-07 	5.79072e-07
0.2      0.2    0.2    0.2    0.2    1.44 	0.00277515 	0.0243395 	0.0147399 	5.6548e-13 	-2.78992e-13 	-2.06936e-14 	2.98893e-13 	3.23855e-14 	2.1945e-13 	7.78761e-08 	-1.04148e-07 	7.86488e-08 	1.43004e-07 	-1.12884e-07 	9.54876e-08
0.2      0.2    0.2    0.2    0.2    1.53 	0.00277515 	0.0243395 	0.0147399 	5.6548e-13 	-2.78992e-13 	-2.06936e-14 	2.98893e-13 	3.23855e-14 	2.1945e-13 	7.78761e-08 	-1.04148e-07 	7.86488e-08 	1.43004e-07 	-1.12884e-07 	9.54876e-08
0.2      0.2    0.2    0.2    0.2    1.62 	0.0190841 	0.0113206 	-0.02938 	6.87907e-13 	-2.05317e-13 	-2.48741e-14 	1.99839e-13 	-6.22078e-14 	1.90261e-13 	1.88815e-07 	-2.81626e-08 	1.05729e-07 	4.92653e-09 	-1.65152e-08 	5.99741e-08
0.2      0.2    0.2    0.2    0.2    1.71 	0.0190841 	0.0113206 	-0.02938 	6.87907e-13 	-2.05317e-13 	-2.48741e-14 	1.99839e-13 	-6.22078e-14 	1.90261e-13 	1.88815e-07 	-2.81626e-08 	1.05729e-07 	4.92653e-09 	-1.65152e-08 	5.99741e-08
0.2      0.2    0.2    0.2    0.2    1.8 	0.0898435 	0.0320326 	-0.0188854 	1.31217e-12 	-3.58429e-13 	-3.42517e-13 	2.26796e-13 	3.81177e-14 	1.41599e-13 	3.08879e-08 	7.47065e-08 	-1.02366e-07 	1.95612e-07 	-2.62603e-07 	3.54438e-07
0.2      0.2    0.2    0.2    0.2    1.89 	0.0898435 	0.0320326 	-0.0188854 	1.31217e-12 	-3.58429e-13 	-3.42517e-13 	2.26796e-13 	3.81177e-14 	1.41599e-13 	3.08879e-08 	7.47065e-08 	-1.02366e-07 	1.95612e-07 	-2.62603e-07 	3.54438e-07
0.2      0.2    0.2    0.2    0.2    1.98 	0.0951361 	-0.000759585 	0.0231806 	1.3386e-12 	-1.75233e-13 	-1.15482e-13 	2.24759e-13 	-4.03366e-15 	1.13059e-13 	2.11194e-07 	5.91365e-07 	-2.18177e-07 	1.79209e-06 	-6.79953e-07 	2.60388e-07
0.2      0.2    0.2    0.2    0.2    2.07 	0.0951361 	-0.000759585 	0.0231806 	1.3386e-12 	-1.75233e-13 	-1.15482e-13 	2.24759e-13 	-4.03366e-15 	1.13059e-13 	2.11194e-07 	5.91365e-07 	-2.18177e-07 	1.79209e-06 	-6.79953e-07 	2.60388e-07
0.2      0.2    0.2    0.2    0.2    2.16 	0.0233726 	0.0278571 	0.0349839 	5.61848e-13 	-9.99688e-14 	-8.34937e-14 	1.4908e-13 	-1.32673e-14 	1.3668e-13 	1.98999e-06 	-3.57999e-06 	4.80303e-08 	6.442e-06 	-8.47483e-08 	2.94661e-09
0.2      0.2    0.2    0.2    0.2    2.25 	0.0233726 	0.0278571 	0.0349839 	5.61848e-13 	-9.99688e-14 	-8.34937e-14 	1.4908e-13 	-1.32673e-14 	1.3668e-13 	1.98999e-06 	-3.57999e-06 	4.80303e-08 	6.442e-06 	-8.47483e-08 	2.94661e-09
0.2      0.2    0.2    0.2    0.2    2.34 	0.0233726 	0.0278571 	0.0349839 	5.61848e-13 	-9.99688e-14 	-8.34937e-14 	1.4908e-13 	-1.32673e-14 	1.3668e-13 	1.98999e-06 	-3.57999e-06 	4.80303e-08 	6.442e-06 	-8.47483e-08 	2.94661e-09
0.2      0.2    0.2    0.2    0.2    2.43 	0.0485434 	0.0416203 	0.0279666 	3.9788e-13 	-1.42123e-13 	-6.85844e-15 	1.55304e-13 	-1.73146e-14 	2.65276e-13 	3.53566e-07 	4.70362e-07 	2.82073e-07 	6.5587e-07 	3.85656e-07 	2.28632e-07
0.2      0.2    0.2    0.2    0.2    2.52 	0.0485434 	0.0416203 	0.0279666 	3.9788e-13 	-1.42123e-13 	-6.85844e-15 	1.55304e-13 	-1.73146e-14 	2.65276e-13 	3.53566e-07 	4.70362e-07 	2.82073e-07 	6.5587e-07 	3.85656e-07 	2.28632e-07
0.2      0.2    0.2    0.2    0.2    2.61 	0.101028 	-0.0236812 	-0.0409163 	5.33432e-13 	-1.59243e-13 	-3.97213e-14 	2.08118e-13 	-5.88143e-15 	2.00043e-13 	1.18351e-06 	-6.13682e-07 	1.08668e-07 	3.20148e-07 	-5.59078e-08 	1.01061e-08
0.2      0.2    0.2    0.2    0.2    2.7 	0.101028 	-0.0236812 	-0.0409163 	5.33432e-13 	-1.59243e-13 	-3.97213e-14 	2.08118e-13 	-5.88143e-15 	2.00043e-13 	1.18351e-06 	-6.13682e-07 	1.08668e-07 	3.20148e-07 	-5.59078e-08 	1.01061e-08
0.2      0.2    0.2    0.2    0.2    2.79 	0.121167 	-0.0175835 	-0.0119408 	7.16295e-13 	-2.82365e-13 	1.24715e-15 	3.43843e-13 	-8.17084e-14 	2.22934e-13 	8.36113e-07 	-9.74722e-07 	-7.52412e-07 	1.1375e-06 	8.78969e-07 	6.8022e-07
0.2      0.2    0.2    0.2    0.2    2.88 	0.121167 	-0.0175835 	-0.0119408 	7.16295e-13 	-2.82365e-13 	1.24715e-15 	3.43843e-13 	-8.17084e-14 	2.22934e-13 	8.36113e-07 	-9.74722e-07 	-7.52412e-07 	1.1375e-06 	8.78969e-07 	6.8022e-07
0.2      0.2    0.2    0.2    0.2    2.97 	0.108333 	0.0309652 	-0.00967484 	8.54133e-13 	-2.80707e-13 	8.44293e-14 	2.97081e-13 	-4.23151e-14 	1.85405e-13 	2.27984e-07 	-3.24419e-07 	-3.08591e-07 	4.70609e-07 	4.54421e-07 	4.4382e-07
0.2      0.2    0.2    0.2    0.2    3.06 	0.108333 	0.0309652 	-0.00967484 	8.54133e-13 	-2.80707e-13 	8.44293e-14 	2.97081e-13 	-4.23151e-14 	1.85405e-13 	2.27984e-07 	-3.24419e-07 	-3.08591e-07 	4.70609e-07 	4.54421e-07 	4.4382e-07
0.2      0.2    0.2    0.2    0.2    3.15 	0.132499 	0.0610272 	0.000405582 	6.16024e-13 	-1.65808e-13 	6.26966e-14 	1.83657e-13 	-3.8234e-14 	2.09023e-13 	1.09022e-06 	2.5682e-07 	5.95981e-08 	6.85845e-08 	3.24687e-08 	4.6508e-08
0.2      0.2    0.2    0.2    0.2    3.24 	0.132499 	0.0610272 	0.000405582 	6.16024e-13 	-1.65808e-13 	6.26966e-14 	1.83657e-13 	-3.8234e-14 	2.09023e-13 	1.09022e-06 	2.5682e-07 	5.95981e-08 	6.85845e-08 	3.24687e-08 	4.6508e-08
0.2      0.2    0.2    0.2    0.2    3.33 	0.037023 	-0.0269465 	0.0147325 	4.89282e-13 	-2.4751e-13 	9.5118e-14 	2.47423e-13 	-5.2171e-14 	2.32819e-13 	3.10401e-07 	-2.80976e-07 	2.01176e-07 	2.55331e-07 	-1.81255e-07 	1.325e-07
0.2      0.2    0.2    0.2    0.2    3.42 	0.037023 	-0.0269465 	0.0147325 	4.89282e-13 	-2.4751e-13 	9.5118e-14 	2.47423e-13 	-5.2171e-14 	2.32819e-13 	3.10401e-07 	-2.80976e-07 	2.01176e-07 	2.55331e-07 	-1.81255e-07 	1.325e-07
0.2      0.2    0.2    0.2    0.2    3.51 	0.037023 	-0.0269465 	0.0147325 	4.89282e-13 	-2.4751e-13 	9.5118e-14 	2.47423e-13 	-5.2171e-14 	2.32819e-13 	3.10401e-07 	-2.80976e-07 	2.01176e-07 	2.55331e-07 	-1.81255e-07 	1.325e-07
0.2      0.2    0.2    0.2    0.2    3.6 	0.0884232 	-0.00879233 	-0.0255456 	1.00882e-12 	-6.30605e-13 	2.75985e-13 	5.29572e-13 	-1.39607e-13 	1.95198e-13 	4.90233e-08 	1.26579e-07 	-3.4516e-09 	3.43522e-07 	-2.2853e-08 	1.20093e-08
0.2      0.2    0.2    0.2    0.2    3.69 	0.0884232 	-0.00879233 	-0.0255456 	1.00882e-12 	-6.30605e-13 	2.75985e-13 	5.29572e-13 	-1.39607e-13 	1.95198e-13 	4.90233e-08 	1.26579e-07 	-3.4516e-09 	3.43522e-07 	-2.2853e-08 	1.20093e-08
0.2      0.2    0.2    0.2    0.2    3.78 	0.0903559 	-0.00708088 	0.0453957 	4.77532e-13 	-2.28891e-13 	6.30156e-14 	2.46416e-13 	1.5588e-14 	1.83644e-13 	4.21438e-08 	7.94855e-08 	1.82246e-08 	1.5171e-07 	3.62652e-08 	9.92546e-09
0.2      0.2    0.2    0.2    0.2    3.87 	0.0903559 	-0.00708088 	0.0453957 	4.77532e-13 	-2.28891e-13 	6.30156e-14 	2.46416e-13 	1.5588e-14 	1.83644e-13 	4.21438e-08 	7.94855e-08 	1.82246e-08 	1.5171e-07 	3.62652e-08 	9.92546e-09
0.2      0.2    0.2    0.2    0.2    3.96 	0.112983 	0.0261345 	0.00794207 	4.68189e-13 	-1.86069e-13 	5.02536e-14 	1.38157e-13 	-5.54394e-17 	1.73072e-13 	3.03951e-08 	2.42859e-08 	-1.59564e-08 	5.00455e-08 	-2.51242e-08 	1.34147e-08
0.2      0.2    0.2    0.2    0.2    4.05 	0.112983 	0.0261345 	0.00794207 	4.68189e-13 	-1.86069e-13 	5.02536e-14 	1.38157e-13 	-5.54394e-17 	1.73072e-13 	3.03951e-08 	2.42859e-08 	-1.59564e-08 	5.00455e-08 	-2.51242e-08 	1.34147e-08
0.2      0.2    0.2    0.2    0.2    4.14 	0.130548 	-0.012311 	-0.00549601 	6.14363e-13 	-3.51055e-13 	-1.37301e-14 	3.00415e-13 	5.16928e-14 	1.75333e-13 	2.4087e-07 	-3.24495e-07 	1.63651e-07 	4.53964e-07 	-2.15401e-07 	1.12778e-07
0.2      0.2    0.2    0.2    0.2    4.23 	0.130548 	-0.012311 	-0.00549601 	6.14363e-13 	-3.51055e-13 	-1.37301e-14 	3.00415e-13 	5.16928e-14 	1.75333e-13 	2.4087e-07 	-3.24495e-07 	1.63651e-07 	4.53964e-07 	-2.15401e-07 	1.12778e-07
0.2      0.2    0.2    0.2    0.2    4.32 	-0.00119563 	0.0248782 	-0.00522919 	4.31936e-13 	-2.04863e-13 	-4.70856e-14 	2.20594e-13 	3.68504e-14 	2.11781e-13 	2.93414e-07 	-3.98987e-07 	9.40524e-08 	5.51055e-07 	-1.28539e-07 	3.06618e-08
0.2      0.2    0.2    0.2    0.2    4.41 	-0.00119563 	0.0248782 	-0.00522919 	4.31936e-13 	-2.04863e-13 	-4.70856e-14 	2.20594e-13 	3.68504e-14 	2.11781e-13 	2.93414e-07 	-3.98987e-07 	9.40524e-08 	5.51055e-07 	-1.28539e-07 	3.06618e-08
0.2      0.2    0.2    0.2    0.2    4.5 	-0.00119563 	0.0248782 	-0.00522919 	4.31936e-13 	-2.04863e-13 	-4.70856e-14 	2.20594e-13 	3.68504e-14 	2.11781e-13 	2.93414e-07 	-3.98987e-07 	9.40524e-08 	5.51055e-07 	-1.28539e-07 	3.06618e-08
0.3      0.3    0.3    0.3    0.3    0 	0.0919571 	0.0337204 	-0.0137452 	4.7715e-13 	-2.17786e-13 	7.1252e-14 	2.39506e-13 	-3.42079e-14 	1.6696e-13 	3.5598e-07 	1.94379e-07 	-2.58135e-07 	1.07635e-07 	-1.41767e-07 	1.87699e-07
0.3      0.3    0.3    0.3    0.3    0.09 	0.0919571 	0.0337204 	-0.0137452 	4.7715e-13 	-2.17786e-13 	7.1252e-14 	2.39506e-13 	-3.42079e-14 	1.6696e-13 	3.5598e-07 	1.94379e-07 	-2.58135e-07 	1.07635e-07 	-1.41767e-07 	1.87699e-07
0.3      0.3    0.3    0.3    0.3    0.18 	0.0919571 	0.0337204 	-0.0137452 	4.7715e-13 	-2.17786e-13 	7.1252e-14 	2.39506e-13 	-3.42079e-14 	1.6696e-13 	3.5598e-07 	1.94379e-07 	-2.58135e-07 	1.07635e-07 	-1.41767e-07 	1.87699e-07
0.3      0.3    0.3    0.3    0.3    0.27 	-0.00375109 	0.0578017 	0.0225525 	4.87091e-13 	-2.10346e-13 	-3.62338e-14 	3.21329e-13 	3.23911e-14 	1.53788e-13 	9.95365e-07 	1.10045e-07 	5.10759e-07 	4.20579e-08 	7.24022e-08 	2.70621e-07
0.3      0.3    0.3    0.3    0.3    0.36 	-0.00375109 	0.0578017 	0.0225525 	4.87091e-13 	-2.10346e-13 	-3.62338e-14 	3.21329e-13 	3.23911e-14 	1.53788e-13 	9.95365e-07 	1.10045e-07 	5.10759e-07 	4.20579e-08 	7.24022e-08 	2.70621e-07
0.3      0.3    0.3    0.3    0.3    0.45 	0.153354 	0.0135658 	0.042687 	8.19179e-13 	-1.53419e-13 	2.81014e-13 	1.39885e-13 	4.09458e-14 	3.0464e-13 	1.30038e-06 	-4.19961e-07 	-1.09426e-06 	1.39065e-07 	3.55049e-07 	9.21626e-07
0.3      0.3    0.3    0.3    0.3    0.54 	0.153354 	0.0135658 	0.042687 	8.19179e-13 	-1.53419e-13 	2.81014e-13 	1.39885e-13 	4.09458e-14 	3.0464e-13 	1.30038e-06 	-4.19961e-07 	-1.09426e-06 	1.39065e-07 	3.55049e-07 	9.21626e-07
0.3      0.3    0.3    0.3    0.3    0.63 	0.0861915 	-0.00207401 	-0.00685674 	7.26517e-13 	-1.42808e-13 	1.069e-13 	1.55508e-13 	-8.14269e-15 	2.57059e-13 	2.97981e-07 	3.77237e-09 	2.28895e-08 	2.13202e-10 	4.1124e-10 	2.19933e-09
0.3      0.3    0.3    0.3    0.3    0.72 	0.0861915 	-0.00207401 	-0.00685674 	7.26517e-13 	-1.42808e-13 	1.069e-13 	1.55508e-13 	-8.14269e-15 	2.57059e-13 	2.97981e-07 	3.77237e-09 	2.28895e-08 	2.13202e-10 	4.1124e-10 	2.19933e-09
0.3      0.3    0.3    0.3    0.3    0.81 	0.063342 	0.0202374 	0.0226956 	6.58595e-13 	-2.11107e-13 	7.69187e-15 	2.25851e-13 	4.57104e-14 	1.942e-13 	7.922e-09 	-9.23462e-09 	-1.08804e-08 	3.55e-07 	-4.01084e-07 	5.12422e-07
0.3      0.3    0.3    0.3    0.3    0.9 	0.063342 	0.0202374 	0.0226956 	6.58595e-13 	-2.11107e-13 	7.69187e-15 	2.25851e-13 	4.57104e-14 	1.942e-13 	7.922e-09 	-9.23462e-09 	-1.08804e-08 	3.55e-07 	-4.01084e-07 	5.12422e-07
0.3      0.3    0.3    0.3    0.3    0.99 	0.104522 	-0.0179255 	0.0142858 	5.67785e-13 	-1.19415e-13 	1.55834e-13 	1.96637e-13 	4.72371e-15 	2.21064e-13 	1.41532e-06 	-6.65677e-07 	-1.88065e-07 	3.32297e-07 	8.99141e-08 	2.51093e-08
0.3      0.3    0.3    0.3    0.3    1.08 	0.104522 	-0.0179255 	0.0142858 	5.67785e-13 	-1.19415e-13 	1.55834e-13 	1.96637e-13 	4.72371e-15 	2.21064e-13 	1.41532e-06 	-6.65677e-07 	-1.88065e-07 	3.32297e-07 	8.99141e-08 	2.51093e-08
0.3      0.3    0.3    0.3    0.3    1.17 	0.104522 	-0.0179255 	0.0142858 	5.67785e-13 	-1.19415e-13 	1.55834e-13 	1.96637e-13 	4.72371e-15 	2.21064e-13 	1.41532e-06 	-6.65677e-07 	-1.88065e-07 	3.32297e-07 	8.99141e-08 	2.51093e-08
0.3      0.3    0.3    0.3    0.3    1.26 	0.0535768 	-0.0155343 	-0.0442098 	4.48251e-13 	-2.18834e-13 	1.74487e-14 	3.225e-13 	-1.29675e-14 	1.83327e-13 	2.18096e-07 	2.45669e-07 	4.76552e-07 	2.81667e-07 	5.41584e-07 	1.04597e-06
0.3      0.3    0.3    0.3    0.3    1.35 	0.0535768 	-0.0155343 	-0.0442098 	4.48251e-13 	-2.18834e-13 	1.74487e-14 	3.225e-13 	-1.29675e-14 	1.83327e-13 	2.18096e-07 	2.45669e-07 	4.76552e-07 	2.81667e-07 	5.41584e-07 	1.04597e-06
0.3      0.3    0.3    0.3    0.3    1.44 	0.00259632 	0.0242695 	0.0151096 	5.72808e-13 	-2.8186e-13 	-1.94207e-14 	3.00857e-13 	3.11485e-14 	2.19278e-13 	5.53736e-08 	-7.9606e-08 	6.63911e-08 	1.3928e-07 	-1.41965e-07 	1.66928e-07
0.3      0.3    0.3    0.3    0.3    1.53 	0.00259632 	0.0242695 	0.0151096 	5.72808e-13 	-2.8186e-13 	-1.94207e-14 	3.00857e-13 	3.11485e-14 	2.19278e-13 	5.53736e-08 	-7.9606e-08 	6.63911e-08 	1.3928e-07 	-1.41965e-07 	1.66928e-07
0.3      0.3    0.3    0.3    0.3    1.62 	0.0189068 	0.011377 	-0.0294996 	6.87664e-13 	-2.03889e-13 	-2.41257e-14 	1.98301e-13 	-6.21205e-14 	1.90983e-13 	2.13474e-07 	-3.98165e-08 	1.27009e-07 	8.34395e-09 	-2.45896e-08 	7.64564e-08
0.3      0.3    0.3    0.3    0.3    1.71 	0.0189068 	0.011377 	-0.0294996 	6.87664e-13 	-2.03889e-13 	-2.41257e-14 	1.98301e-13 	-6.21205e-14 	1.90983e-13 	2.13474e-07 	-3.98165e-08 	1.27009e-07 	8.34395e-09 	-2.45896e-08 	7.64564e-08
0.3      0.3    0.3    0.3    0.3    1.8 	0.0899006 	0.0327673 	-0.0198585 	1.31254e-12 	-3.57391e-13 	-3.41044e-13 	2.27236e-13 	3.52e-14 	1.41896e-13 	3.65627e-08 	1.20104e-07 	-1.59519e-07 	4.46794e-07 	-5.86167e-07 	7.70471e-07
0.3      0.3    0.3    0.3    0.3    1.89 	0.0899006 	0.0327673 	-0.0198585 	1.31254e-12 	-3.57391e-13 	-3.41044e-13 	2.27236e-13 	3.52e-14 	1.41896e-13 	3.65627e-08 	1.20104e-07 	-1.59519e-07 	4.46794e-07 	-5.86167e-07 	7.70471e-07
0.3      0.3    0.3    0.3    0.3    1.98 	0.0964442 	0.00150683 	0.0225508 	1.33229e-12 	-1.70019e-13 	-1.17942e-13 	2.27139e-13 	-3.6841e-15 	1.12017e-13 	7.76541e-07 	1.72163e-06 	-5.68233e-07 	3.97299e-06 	-1.33954e-06 	4.5656e-07
0.3      0.3    0.3    0.3    0.3    2.07 	0.0964442 	0.00150683 	0.0225508 	1.33229e-12 	-1.70019e-13 	-1.17942e-13 	2.27139e-13 	-3.6841e-15 	1.12017e-13 	7.76541e-07 	1.72163e-06 	-5.68233e-07 	3.97299e-06 	-1.33954e-06 	4.5656e-07
0.3      0.3    0.3    0.3    0.3    2.16 	0.0215986 	0.0309588 	0.034728 	5.6017e-13 	-9.65913e-14 	-8.47647e-14 	1.48164e-13 	-1.32987e-14 	1.35709e-13 	3.54073e-06 	-6.29261e-06 	2.20943e-07 	1.11854e-05 	-3.89704e-07 	1.84172e-08
0.3      0.3    0.3    0.3    0.3    2.25 	0.0215986 	0.0309588 	0.034728 	5.6017e-13 	-9.65913e-14 	-8.47647e-14 	1.48164e-13 	-1.32987e-14 	1.35709e-13 	3.54073e-06 	-6.29261e-06 	2.20943e-07 	1.11854e-05 	-3.89704e-07 	1.84172e-08
0.3      0.3    0.3    0.3    0.3    2.34 	0.0215986 	0.0309588 	0.034728 	5.6017e-13 	-9.65913e-14 	-8.47647e-14 	1.48164e-13 	-1.32987e-14 	1.35709e-13 	3.54073e-06 	-6.29261e-06 	2.20943e-07 	1.11854e-05 	-3.89704e-07 	1.84172e-08
0.3      0.3    0.3    0.3    0.3    2.43 	0.0484428 	0.0422742 	0.0281835 	3.98073e-13 	-1.42099e-13 	-8.27698e-15 	1.5534e-13 	-1.5763e-14 	2.64913e-13 	3.00493e-07 	4.88573e-07 	2.71414e-07 	9.34961e-07 	4.91667e-07 	2.63211e-07
0.3      0.3    0.3    0.3    0.3    2.52 	0.0484428 	0.0422742 	0.0281835 	3.98073e-13 	-1.42099e-13 	-8.27698e-15 	1.5534e-13 	-1.5763e-14 	2.64913e-13 	3.00493e-07 	4.88573e-07 	2.71414e-07 	9.34961e-07 	4.91667e-07 	2.63211e-07
0.3      0.3    0.3    0.3    0.3    2.61 	0.0998655 	-0.0229054 	-0.0409077 	5.31284e-13 	-1.58173e-13 	-3.83521e-14 	2.06872e-13 	-6.14214e-15 	2.00066e-13 	1.92969e-06 	-1.08053e-06 	1.33512e-07 	6.08888e-07 	-7.30158e-08 	1.01628e-08
0.3      0.3    0.3    0.3    0.3    2.7 	0.0998655 	-0.0229054 	-0.0409077 	5.31284e-13 	-1.58173e-13 	-3.83521e-14 	2.06872e-13 	-6.14214e-15 	2.00066e-13 	1.92969e-06 	-1.08053e-06 	1.33512e-07 	6.08888e-07 	-7.30158e-08 	1.01628e-08
0.3      0.3    0.3    0.3    0.3    2.79 	0.12219 	-0.0187814 	-0.0126871 	7.182e-13 	-2.82766e-13 	1.4568e-15 	3.46431e-13 	-8.27093e-14 	2.23062e-13 	1.39388e-06 	-1.60973e-06 	-1.17094e-06 	1.85994e-06 	1.35403e-06 	9.89218e-07
0.3      0.3    0.3    0.3    0.3    2.88 	0.12219 	-0.0187814 	-0.0126871 	7.182e-13 	-2.82766e-13 	1.4568e-15 	3.46431e-13 	-8.27093e-14 	2.23062e-13 	1.39388e-06 	-1.60973e-06 	-1.17094e-06 	1.85994e-06 	1.35403e-06 	9.89218e-07
0.3      0.3    0.3    0.3    0.3    2.97 	0.108304 	0.0316078 	-0.00860671 	8.58093e-13 	-2.82003e-13 	8.65965e-14 	2.95809e-13 	-4.37467e-14 	1.86033e-13 	2.30997e-07 	-3.96112e-07 	-4.27001e-07 	7.32834e-07 	8.2333e-07 	9.44255e-07
0.3      0.3    0.3    0.3    0.3    3.06 	0.108304 	0.0316078 	-0.00860671 	8.58093e-13 	-2.82003e-13 	8.65965e-14 	2.95809e-13 	-4.37467e-14 	1.86033e-13 	2.30997e-07 	-3.96112e-07 	-4.27001e-07 	7.32834e-07 	8.2333e-07 	9.44255e-07
0.3      0.3    0.3    0.3    0.3    3.15 	0.133934 	0.0611135 	-0.000437494 	6.16104e-13 	-1.69175e-13 	6.64464e-14 	1.85025e-13 	-3.87387e-14 	2.10303e-13 	2.0234e-06 	3.31821e-07 	-3.60866e-07 	6.58617e-08 	-2.68892e-08 	1.59613e-07
0.3      0.3    0.3    0.3    0.3    3.24 	0.133934 	0.0611135 	-0.000437494 	6.16104e-13 	-1.69175e-13 	6.64464e-14 	1.85025e-13 	-3.87387e-14 	2.10303e-13 	2.0234e-06 	3.31821e-07 	-3.60866e-07 	6.58617e-08 	-2.68892e-08 	1.59613e-07
0.3      0.3    0.3    0.3    0.3    3.33 	0.036313 	-0.0258865 	0.0143935 	4.93006e-13 	-2.46475e-13 	9.44552e-14 	2.4488e-13 	-4.99971e-14 	2.32041e-13 	5.83318e-07 	-6.15425e-07 	3.38964e-07 	6.59167e-07 	-3.53474e-07 	1.99887e-07
0.3      0.3    0.3    0.3    0.3    3.42 	0.036313 	-0.0258865 	0.0143935 	4.93006e-13 	-2.46475e-13 	9.44552e-14 	2.4488e-13 	-4.99971e-14 	2.32041e-13 	5.83318e-07 	-6.15425e-07 	3.38964e-07 	6.59167e-07 	-3.53474e-07 	1.99887e-07
0.3      0.3    0.3    0.3    0.3    3.51 	0.036313 	-0.0258865 	0.0143935 	4.93006e-13 	-2.46475e-13 	9.44552e-14 	2.4488e-13 	-4.99971e-14 	2.32041e-13 	5.83318e-07 	-6.15425e-07 	3.38964e-07 	6.59167e-07 	-3.53474e-07 	1.99887e-07
0.3      0.3    0.3    0.3    0.3    3.6 	0.088438 	-0.00950442 	-0.0249499 	1.02066e-12 	-6.35634e-13 	2.85968e-13 	5.28884e-13 	-1.4009e-13 	1.9453e-13 	4.51509e-08 	1.50123e-07 	-3.10311e-08 	5.9386e-07 	-1.81255e-07 	8.57957e-08
0.3      0.3    0.3    0.3    0.3    3.69 	0.088438 	-0.00950442 	-0.0249499 	1.02066e-12 	-6.35634e-13 	2.85968e-13 	5.28884e-13 	-1.4009e-13 	1.9453e-13 	4.51509e-08 	1.50123e-07 	-3.10311e-08 	5.9386e-07 	-1.81255e-07 	8.57957e-08
0.3      0.3    0.3    0.3    0.3    3.78 	0.090631 	-0.00659848 	0.045427 	4.79256e-13 	-2.30222e-13 	6.16997e-14 	2.46104e-13 	1.52639e-14 	1.83519e-13 	8.00021e-08 	1.43761e-07 	2.32928e-08 	2.59877e-07 	4.36625e-08 	9.03113e-09
0.3      0.3    0.3    0.3    0.3    3.87 	0.090631 	-0.00659848 	0.045427 	4.79256e-13 	-2.30222e-13 	6.16997e-14 	2.46104e-13 	1.52639e-14 	1.83519e-13 	8.00021e-08 	1.43761e-07 	2.32928e-08 	2.59877e-07 	4.36625e-08 	9.03113e-09
0.3      0.3    0.3    0.3    0.3    3.96 	0.112827 	0.0268425 	0.00778224 	4.663e-13 	-1.85101e-13 	4.94003e-14 	1.36953e-13 	1.01647e-15 	1.73877e-13 	2.09841e-08 	1.43925e-08 	-1.03984e-08 	2.06187e-07 	-7.38963e-08 	2.80207e-08
0.3      0.3    0.3    0.3    0.3    4.05 	0.112827 	0.0268425 	0.00778224 	4.663e-13 	-1.85101e-13 	4.94003e-14 	1.36953e-13 	1.01647e-15 	1.73877e-13 	2.09841e-08 	1.43925e-08 	-1.03984e-08 	2.06187e-07 	-7.38963e-08 	2.80207e-08
0.3      0.3    0.3    0.3    0.3    4.14 	0.13096 	-0.0137318 	-0.00551369 	6.11149e-13 	-3.50487e-13 	-1.31288e-14 	3.0194e-13 	5.20977e-14 	1.75853e-13 	3.51229e-07 	-6.25174e-07 	1.86373e-07 	1.18813e-06 	-3.06316e-07 	1.07531e-07
0.3      0.3    0.3    0.3    0.3    4.23 	0.13096 	-0.0137318 	-0.00551369 	6.11149e-13 	-3.50487e-13 	-1.31288e-14 	3.0194e-13 	5.20977e-14 	1.75853e-13 	3.51229e-07 	-6.25174e-07 	1.86373e-07 	1.18813e-06 	-3.06316e-07 	1.07531e-07
0.3      0.3    0.3    0.3    0.3    4.32 	-0.000436058 	0.0242889 	-0.0052382 	4.3312e-13 	-2.04755e-13 	-4.59552e-14 	2.19619e-13 	3.60555e-14 	2.11423e-13 	5.49586e-07 	-6.26875e-07 	1.25204e-07 	7.36329e-07 	-1.50226e-07 	3.21203e-08
0.3      0.3    0.3    0.3    0.3    4.41 	-0.000436058 	0.0242889 	-0.0052382 	4.3312e-13 	-2.04755e-13 	-4.59552e-14 	2.19619e-13 	3.60555e-14 	2.11423e-13 	5.49586e-07 	-6.26875e-07 	1.25204e-07 	7.36329e-07 	-1.50226e-07 	3.21203e-08
0.3      0.3    0.3    0.3    0.3    4.5 	-0.000436058 	0.0242889 	-0.0052382 	4.3312e-13 	-2.04755e-13 	-4.59552e-14 	2.19619e-13 	3.60555e-14 	2.11423e-13 	5.49586e-07 	-6.26875e-07 	1.25204e-07 	7.36329e-07 	-1.50226e-07 	3.21203e-08
