0.1      0.1    0.1    0.1    0.1    0 	0.126393 	-0.0584905 	0.0105607 	8.61113e-13 	-3.6568e-13 	1.79016e-13 	2.58592e-13 	-3.85625e-14 	1.69776e-13 	1.90297e-06 	1.6463e-07 	5.7183e-07 	1.43477e-08 	4.96794e-08 	1.72249e-07
0.1      0.1    0.1    0.1    0.1    0.09 	0.126393 	-0.0584905 	0.0105607 	8.61113e-13 	-3.6568e-13 	1.79016e-13 	2.58592e-13 	-3.85625e-14 	1.69776e-13 	1.90297e-06 	1.6463e-07 	5.7183e-07 	1.43477e-08 	4.96794e-08 	1.72249e-07
0.1      0.1    0.1    0.1    0.1    0.18 	0.126393 	-0.0584905 	0.0105607 	8.61113e-13 	-3.6568e-13 	1.79016e-13 	2.58592e-13 	-3.85625e-14 	1.69776e-13 	1.90297e-06 	1.6463e-07 	5.7183e-07 	1.43477e-08 	4.96794e-08 	1.72249e-07
0.1      0.1    0.1    0.1    0.1    0.27 	0.161144 	-0.0487261 	-0.0474387 	6.89042e-13 	-3.13089e-13 	-5.97005e-14 	2.3215e-13 	-6.04764e-15 	1.64092e-13 	2.88355e-07 	2.53914e-08 	4.16716e-08 	2.2756e-09 	3.65447e-09 	6.04608e-09
0.1      0.1    0.1    0.1    0.1    0.36 	0.161144 	-0.0487261 	-0.0474387 	6.89042e-13 	-3.13089e-13 	-5.97005e-14 	2.3215e-13 	-6.04764e-15 	1.64092e-13 	2.88355e-07 	2.53914e-08 	4.16716e-08 	2.2756e-09 	3.65447e-09 	6.04608e-09
0.1      0.1    0.1    0.1    0.1    0.45 	0.0519763 	-0.0199592 	-0.00821015 	4.99178e-13 	-2.13901e-13 	4.71115e-14 	2.37799e-13 	-2.53639e-14 	1.72683e-13 	1.71184e-07 	9.59127e-08 	9.22795e-08 	5.39147e-08 	5.16163e-08 	4.98291e-08
0.1      0.1    0.1    0.1    0.1    0.54 	0.0519763 	-0.0199592 	-0.00821015 	4.99178e-13 	-2.13901e-13 	4.71115e-14 	2.37799e-13 	-2.53639e-14 	1.72683e-13 	1.71184e-07 	9.59127e-08 	9.22795e-08 	5.39147e-08 	5.16163e-08 	4.98291e-08
0.1      0.1    0.1    0.1    0.1    0.63 	0.0954226 	-0.0279275 	-0.0324656 	6.97742e-13 	-3.81819e-13 	9.56418e-14 	3.15164e-13 	-4.42187e-14 	2.10697e-13 	6.78145e-07 	2.77525e-07 	-1.49147e-08 	1.19781e-07 	-1.07328e-08 	3.79634e-09
0.1      0.1    0.1    0.1    0.1    0.72 	0.0954226 	-0.0279275 	-0.0324656 	6.97742e-13 	-3.81819e-13 	9.56418e-14 	3.15164e-13 	-4.42187e-14 	2.10697e-13 	6.78145e-07 	2.77525e-07 	-1.49147e-08 	1.19781e-07 	-1.07328e-08 	3.79634e-09
0.1      0.1    0.1    0.1    0.1    0.81 	0.0795716 	-0.00657845 	0.0022552 	1.09746e-12 	-5.73401e-13 	-1.77544e-13 	4.67152e-13 	4.54674e-14 	1.3922e-13 	8.17641e-07 	-1.34663e-07 	1.11066e-07 	2.25201e-08 	-1.8388e-08 	1.5114e-08
0.1      0.1    0.1    0.1    0.1    0.9 	0.0795716 	-0.00657845 	0.0022552 	1.09746e-12 	-5.73401e-13 	-1.77544e-13 	4.67152e-13 	4.54674e-14 	1.3922e-13 	8.17641e-07 	-1.34663e-07 	1.11066e-07 	2.25201e-08 	-1.8388e-08 	1.5114e-08
0.1      0.1    0.1    0.1    0.1    0.99 	0.11286 	0.0124864 	0.0177532 	1.33391e-12 	-5.521e-13 	-1.89268e-13 	3.05314e-13 	-6.39716e-15 	1.57659e-13 	5.17667e-07 	3.66082e-07 	-8.0283e-08 	2.65033e-07 	-5.12528e-08 	1.75497e-08
0.1      0.1    0.1    0.1    0.1    1.08 	0.11286 	0.0124864 	0.0177532 	1.33391e-12 	-5.521e-13 	-1.89268e-13 	3.05314e-13 	-6.39716e-15 	1.57659e-13 	5.17667e-07 	3.66082e-07 	-8.0283e-08 	2.65033e-07 	-5.12528e-08 	1.75497e-08
0.1      0.1    0.1    0.1    0.1    1.17 	0.11286 	0.0124864 	0.0177532 	1.33391e-12 	-5.521e-13 	-1.89268e-13 	3.05314e-13 	-6.39716e-15 	1.57659e-13 	5.17667e-07 	3.66082e-07 	-8.0283e-08 	2.65033e-07 	-5.12528e-08 	1.75497e-08
0.1      0.1    0.1    0.1    0.1    1.26 	0.0180322 	0.0473561 	0.0276449 	6.28703e-13 	-1.29551e-13 	6.32068e-14 	1.55652e-13 	6.08777e-15 	2.10367e-13 	1.08905e-07 	-6.41792e-08 	-6.60358e-09 	3.78373e-08 	3.86223e-09 	5.98045e-10
0.1      0.1    0.1    0.1    0.1    1.35 	0.0180322 	0.0473561 	0.0276449 	6.28703e-13 	-1.29551e-13 	6.32068e-14 	1.55652e-13 	6.08777e-15 	2.10367e-13 	1.08905e-07 	-6.41792e-08 	-6.60358e-09 	3.78373e-08 	3.86223e-09 	5.98045e-10
0.1      0.1    0.1    0.1    0.1    1.44 	0.0636179 	0.0337757 	-0.0149975 	8.19262e-13 	-3.14643e-13 	5.73719e-14 	2.91864e-13 	-1.92779e-14 	1.70615e-13 	2.34398e-08 	-6.24276e-09 	-7.40819e-09 	1.78158e-09 	1.90032e-09 	2.3911e-09
0.1      0.1    0.1    0.1    0.1    1.53 	0.0636179 	0.0337757 	-0.0149975 	8.19262e-13 	-3.14643e-13 	5.73719e-14 	2.91864e-13 	-1.92779e-14 	1.70615e-13 	2.34398e-08 	-6.24276e-09 	-7.40819e-09 	1.78158e-09 	1.90032e-09 	2.3911e-09
0.1      0.1    0.1    0.1    0.1    1.62 	0.0684662 	0.0360108 	0.0502169 	8.37343e-13 	-2.69229e-13 	-1.51611e-13 	2.32477e-13 	3.63323e-14 	2.23591e-13 	2.8601e-07 	5.8021e-08 	-3.8389e-07 	1.20531e-08 	-7.544e-08 	5.36321e-07
0.1      0.1    0.1    0.1    0.1    1.71 	0.0684662 	0.0360108 	0.0502169 	8.37343e-13 	-2.69229e-13 	-1.51611e-13 	2.32477e-13 	3.63323e-14 	2.23591e-13 	2.8601e-07 	5.8021e-08 	-3.8389e-07 	1.20531e-08 	-7.544e-08 	5.36321e-07
0.1      0.1    0.1    0.1    0.1    1.8 	0.0713632 	0.00974342 	0.0402874 	5.98954e-13 	-1.63851e-13 	9.23074e-14 	1.53715e-13 	-1.74433e-14 	2.28038e-13 	2.08431e-08 	2.72045e-08 	3.17704e-08 	3.75217e-08 	4.28265e-08 	4.93924e-08
0.1      0.1    0.1    0.1    0.1    1.89 	0.0713632 	0.00974342 	0.0402874 	5.98954e-13 	-1.63851e-13 	9.23074e-14 	1.53715e-13 	-1.74433e-14 	2.28038e-13 	2.08431e-08 	2.72045e-08 	3.17704e-08 	3.75217e-08 	4.28265e-08 	4.93924e-08
0.1      0.1    0.1    0.1    0.1    1.98 	0.058347 	0.0346385 	0.0580734 	5.06282e-13 	-1.4922e-13 	2.31468e-14 	1.35162e-13 	-3.97957e-15 	2.28467e-13 	1.30708e-07 	-2.28963e-07 	-7.42163e-08 	4.03057e-07 	1.30242e-07 	4.21724e-08
0.1      0.1    0.1    0.1    0.1    2.07 	0.058347 	0.0346385 	0.0580734 	5.06282e-13 	-1.4922e-13 	2.31468e-14 	1.35162e-13 	-3.97957e-15 	2.28467e-13 	1.30708e-07 	-2.28963e-07 	-7.42163e-08 	4.03057e-07 	1.30242e-07 	4.21724e-08
0.1      0.1    0.1    0.1    0.1    2.16 	0.059246 	-0.014056 	-0.00485647 	3.8409e-13 	-1.35466e-13 	2.14995e-15 	1.45961e-13 	4.10667e-14 	2.52439e-13 	1.86417e-08 	1.11826e-08 	1.03856e-07 	6.98761e-09 	6.73219e-08 	6.73267e-07
0.1      0.1    0.1    0.1    0.1    2.25 	0.059246 	-0.014056 	-0.00485647 	3.8409e-13 	-1.35466e-13 	2.14995e-15 	1.45961e-13 	4.10667e-14 	2.52439e-13 	1.86417e-08 	1.11826e-08 	1.03856e-07 	6.98761e-09 	6.73219e-08 	6.73267e-07
0.1      0.1    0.1    0.1    0.1    2.34 	0.059246 	-0.014056 	-0.00485647 	3.8409e-13 	-1.35466e-13 	2.14995e-15 	1.45961e-13 	4.10667e-14 	2.52439e-13 	1.86417e-08 	1.11826e-08 	1.03856e-07 	6.98761e-09 	6.73219e-08 	6.73267e-07
0.1      0.1    0.1    0.1    0.1    2.43 	0.0802072 	-0.0564547 	-0.0269276 	3.53841e-13 	-1.47658e-13 	1.04228e-14 	1.91511e-13 	-1.48292e-14 	1.98929e-13 	4.39093e-07 	-3.19425e-07 	4.71385e-08 	2.32596e-07 	-3.41923e-08 	5.1644e-09
0.1      0.1    0.1    0.1    0.1    2.52 	0.0802072 	-0.0564547 	-0.0269276 	3.53841e-13 	-1.47658e-13 	1.04228e-14 	1.91511e-13 	-1.48292e-14 	1.98929e-13 	4.39093e-07 	-3.19425e-07 	4.71385e-08 	2.32596e-07 	-3.41923e-08 	5.1644e-09
0.1      0.1    0.1    0.1    0.1    2.61 	0.0988704 	0.0142662 	-0.0471183 	8.48163e-13 	-2.95076e-13 	5.9218e-14 	2.6292e-13 	2.28676e-14 	2.7731e-13 	1.42277e-06 	-1.06535e-06 	6.83177e-07 	7.98528e-07 	-5.11633e-07 	3.28055e-07
0.1      0.1    0.1    0.1    0.1    2.7 	0.0988704 	0.0142662 	-0.0471183 	8.48163e-13 	-2.95076e-13 	5.9218e-14 	2.6292e-13 	2.28676e-14 	2.7731e-13 	1.42277e-06 	-1.06535e-06 	6.83177e-07 	7.98528e-07 	-5.11633e-07 	3.28055e-07
0.1      0.1    0.1    0.1    0.1    2.79 	0.133417 	-0.0470825 	0.000832086 	1.11123e-12 	-2.66526e-13 	1.28442e-13 	2.73162e-13 	-1.62125e-14 	2.52054e-13 	6.54059e-07 	2.46006e-07 	5.73452e-07 	9.26692e-08 	2.16089e-07 	5.03925e-07
0.1      0.1    0.1    0.1    0.1    2.88 	0.133417 	-0.0470825 	0.000832086 	1.11123e-12 	-2.66526e-13 	1.28442e-13 	2.73162e-13 	-1.62125e-14 	2.52054e-13 	6.54059e-07 	2.46006e-07 	5.73452e-07 	9.26692e-08 	2.16089e-07 	5.03925e-07
0.1      0.1    0.1    0.1    0.1    2.97 	0.0876127 	0.0121383 	0.0198335 	6.8407e-13 	-1.61004e-13 	-3.22838e-14 	2.11404e-13 	5.22878e-14 	2.16463e-13 	8.95464e-09 	2.47584e-08 	-5.09358e-08 	7.09854e-08 	-1.47578e-07 	3.0776e-07
0.1      0.1    0.1    0.1    0.1    3.06 	0.0876127 	0.0121383 	0.0198335 	6.8407e-13 	-1.61004e-13 	-3.22838e-14 	2.11404e-13 	5.22878e-14 	2.16463e-13 	8.95464e-09 	2.47584e-08 	-5.09358e-08 	7.09854e-08 	-1.47578e-07 	3.0776e-07
0.1      0.1    0.1    0.1    0.1    3.15 	0.100524 	-0.0653318 	0.0328932 	5.10269e-13 	-1.63343e-13 	-2.80731e-14 	2.20927e-13 	3.51397e-14 	2.03139e-13 	3.13471e-08 	7.18943e-08 	-9.14244e-08 	1.92342e-07 	-2.29198e-07 	2.80532e-07
0.1      0.1    0.1    0.1    0.1    3.24 	0.100524 	-0.0653318 	0.0328932 	5.10269e-13 	-1.63343e-13 	-2.80731e-14 	2.20927e-13 	3.51397e-14 	2.03139e-13 	3.13471e-08 	7.18943e-08 	-9.14244e-08 	1.92342e-07 	-2.29198e-07 	2.80532e-07
0.1      0.1    0.1    0.1    0.1    3.33 	0.153933 	-0.0445874 	0.0662496 	5.16866e-13 	-1.41537e-13 	5.49029e-14 	1.60673e-13 	-8.12147e-15 	2.19375e-13 	3.21509e-07 	3.56435e-08 	-5.52288e-08 	4.81945e-09 	-5.55216e-09 	9.87683e-09
0.1      0.1    0.1    0.1    0.1    3.42 	0.153933 	-0.0445874 	0.0662496 	5.16866e-13 	-1.41537e-13 	5.49029e-14 	1.60673e-13 	-8.12147e-15 	2.19375e-13 	3.21509e-07 	3.56435e-08 	-5.52288e-08 	4.81945e-09 	-5.55216e-09 	9.87683e-09
0.1      0.1    0.1    0.1    0.1    3.51 	0.153933 	-0.0445874 	0.0662496 	5.16866e-13 	-1.41537e-13 	5.49029e-14 	1.60673e-13 	-8.12147e-15 	2.19375e-13 	3.21509e-07 	3.56435e-08 	-5.52288e-08 	4.81945e-09 	-5.55216e-09 	9.87683e-09
0.1      0.1    0.1    0.1    0.1    3.6 	0.0924495 	-0.000800893 	0.0292299 	4.51536e-13 	-1.59505e-13 	1.66013e-14 	1.3676e-13 	-2.23157e-14 	1.9818e-13 	5.22085e-08 	-5.78209e-08 	-9.95695e-08 	7.47896e-08 	1.25949e-07 	2.12828e-07
0.1      0.1    0.1    0.1    0.1    3.69 	0.0924495 	-0.000800893 	0.0292299 	4.51536e-13 	-1.59505e-13 	1.66013e-14 	1.3676e-13 	-2.23157e-14 	1.9818e-13 	5.22085e-08 	-5.78209e-08 	-9.95695e-08 	7.47896e-08 	1.25949e-07 	2.12828e-07
0.1      0.1    0.1    0.1    0.1    3.78 	0.118117 	-0.0252954 	-0.00378466 	6.71599e-13 	-2.19569e-13 	7.42558e-14 	2.37207e-13 	-4.24532e-14 	1.92612e-13 	1.7386e-07 	-3.38599e-08 	-1.87499e-07 	7.35796e-09 	3.4564e-08 	2.07204e-07
0.1      0.1    0.1    0.1    0.1    3.87 	0.118117 	-0.0252954 	-0.00378466 	6.71599e-13 	-2.19569e-13 	7.42558e-14 	2.37207e-13 	-4.24532e-14 	1.92612e-13 	1.7386e-07 	-3.38599e-08 	-1.87499e-07 	7.35796e-09 	3.4564e-08 	2.07204e-07
0.1      0.1    0.1    0.1    0.1    3.96 	0.0801307 	0.0229236 	0.0311844 	5.55942e-13 	-1.74815e-13 	1.40523e-14 	1.81864e-13 	6.90374e-15 	2.34605e-13 	1.76981e-07 	5.86864e-08 	-2.09962e-07 	1.98276e-08 	-6.89707e-08 	2.50888e-07
0.1      0.1    0.1    0.1    0.1    4.05 	0.0801307 	0.0229236 	0.0311844 	5.55942e-13 	-1.74815e-13 	1.40523e-14 	1.81864e-13 	6.90374e-15 	2.34605e-13 	1.76981e-07 	5.86864e-08 	-2.09962e-07 	1.98276e-08 	-6.89707e-08 	2.50888e-07
0.1      0.1    0.1    0.1    0.1    4.14 	0.130755 	-0.0209703 	0.0140979 	8.17874e-13 	-2.42155e-13 	1.66021e-13 	1.88059e-13 	-9.51296e-15 	2.57763e-13 	9.47258e-07 	-3.93163e-07 	-1.59682e-06 	1.63793e-07 	6.65726e-07 	2.70662e-06
0.1      0.1    0.1    0.1    0.1    4.23 	0.130755 	-0.0209703 	0.0140979 	8.17874e-13 	-2.42155e-13 	1.66021e-13 	1.88059e-13 	-9.51296e-15 	2.57763e-13 	9.47258e-07 	-3.93163e-07 	-1.59682e-06 	1.63793e-07 	6.65726e-07 	2.70662e-06
0.1      0.1    0.1    0.1    0.1    4.32 	0.149752 	-0.0521391 	-0.0292708 	1.1852e-12 	-3.81098e-13 	5.79094e-14 	3.05678e-13 	5.06835e-15 	1.35427e-13 	7.57158e-07 	-3.64817e-07 	-4.30902e-08 	1.76827e-07 	2.02143e-08 	2.7519e-09
0.1      0.1    0.1    0.1    0.1    4.41 	0.149752 	-0.0521391 	-0.0292708 	1.1852e-12 	-3.81098e-13 	5.79094e-14 	3.05678e-13 	5.06835e-15 	1.35427e-13 	7.57158e-07 	-3.64817e-07 	-4.30902e-08 	1.76827e-07 	2.02143e-08 	2.7519e-09
0.1      0.1    0.1    0.1    0.1    4.5 	0.149752 	-0.0521391 	-0.0292708 	1.1852e-12 	-3.81098e-13 	5.79094e-14 	3.05678e-13 	5.06835e-15 	1.35427e-13 	7.57158e-07 	-3.64817e-07 	-4.30902e-08 	1.76827e-07 	2.02143e-08 	2.7519e-09
0.2      0.2    0.2    0.2    0.2    0 	0.123774 	-0.058524 	0.0101613 	8.38361e-13 	-3.52924e-13 	1.75737e-13 	2.51579e-13 	-3.68593e-14 	1.68604e-13 	4.1525e-06 	2.44699e-07 	1.0149e-06 	1.59371e-08 	6.28631e-08 	2.54208e-07
0.2      0.2    0.2    0.2    0.2    0.09 	0.123774 	-0.058524 	0.0101613 	8.38361e-13 	-3.52924e-13 	1.75737e-13 	2.51579e-13 	-3.68593e-14 	1.68604e-13 	4.1525e-06 	2.44699e-07 	1.0149e-06 	1.59371e-08 	6.28631e-08 	2.54208e-07
0.2      0.2    0.2    0.2    0.2    0.18 	0.123774 	-0.058524 	0.0101613 	8.38361e-13 	-3.52924e-13 	1.75737e-13 	2.51579e-13 	-3.68593e-14 	1.68604e-13 	4.1525e-06 	2.44699e-07 	1.0149e-06 	1.59371e-08 	6.28631e-08 	2.54208e-07
0.2      0.2    0.2    0.2    0.2    0.27 	0.160074 	-0.0488206 	-0.0473757 	6.79751e-13 	-3.04947e-13 	-5.16628e-14 	2.28637e-13 	-7.62639e-15 	1.63902e-13 	6.8273e-07 	5.82668e-08 	5.34868e-08 	4.99532e-09 	4.55685e-09 	5.91127e-09
0.2      0.2    0.2    0.2    0.2    0.36 	0.160074 	-0.0488206 	-0.0473757 	6.79751e-13 	-3.04947e-13 	-5.16628e-14 	2.28637e-13 	-7.62639e-15 	1.63902e-13 	6.8273e-07 	5.82668e-08 	5.34868e-08 	4.99532e-09 	4.55685e-09 	5.91127e-09
0.2      0.2    0.2    0.2    0.2    0.45 	0.0507574 	-0.0203087 	-0.0088341 	5.00669e-13 	-2.15309e-13 	4.71176e-14 	2.39642e-13 	-2.5131e-14 	1.72139e-13 	5.49988e-07 	2.3184e-07 	2.94756e-07 	1.0074e-07 	1.24484e-07 	1.5807e-07
0.2      0.2    0.2    0.2    0.2    0.54 	0.0507574 	-0.0203087 	-0.0088341 	5.00669e-13 	-2.15309e-13 	4.71176e-14 	2.39642e-13 	-2.5131e-14 	1.72139e-13 	5.49988e-07 	2.3184e-07 	2.94756e-07 	1.0074e-07 	1.24484e-07 	1.5807e-07
0.2      0.2    0.2    0.2    0.2    0.63 	0.094095 	-0.0294423 	-0.0318329 	6.91037e-13 	-3.79739e-13 	9.82772e-14 	3.15175e-13 	-4.49585e-14 	2.11104e-13 	1.33009e-06 	8.9543e-07 	-2.54633e-07 	6.50357e-07 	-2.01753e-07 	6.81596e-08
0.2      0.2    0.2    0.2    0.2    0.72 	0.094095 	-0.0294423 	-0.0318329 	6.91037e-13 	-3.79739e-13 	9.82772e-14 	3.15175e-13 	-4.49585e-14 	2.11104e-13 	1.33009e-06 	8.9543e-07 	-2.54633e-07 	6.50357e-07 	-2.01753e-07 	6.81596e-08
0.2      0.2    0.2    0.2    0.2    0.81 	0.079838 	-0.00626014 	0.00211882 	1.0869e-12 	-5.65704e-13 	-1.84697e-13 	4.6385e-13 	4.72957e-14 	1.40519e-13 	8.73366e-07 	-6.75321e-08 	8.71459e-08 	1.61263e-08 	-1.15973e-08 	1.08848e-08
0.2      0.2    0.2    0.2    0.2    0.9 	0.079838 	-0.00626014 	0.00211882 	1.0869e-12 	-5.65704e-13 	-1.84697e-13 	4.6385e-13 	4.72957e-14 	1.40519e-13 	8.73366e-07 	-6.75321e-08 	8.71459e-08 	1.61263e-08 	-1.15973e-08 	1.08848e-08
0.2      0.2    0.2    0.2    0.2    0.99 	0.11235 	0.0108216 	0.0170312 	1.33498e-12 	-5.5858e-13 	-1.98569e-13 	3.10135e-13 	-3.48164e-15 	1.55753e-13 	6.94246e-07 	7.73549e-07 	7.95063e-08 	9.79691e-07 	1.64177e-07 	5.80257e-08
0.2      0.2    0.2    0.2    0.2    1.08 	0.11235 	0.0108216 	0.0170312 	1.33498e-12 	-5.5858e-13 	-1.98569e-13 	3.10135e-13 	-3.48164e-15 	1.55753e-13 	6.94246e-07 	7.73549e-07 	7.95063e-08 	9.79691e-07 	1.64177e-07 	5.80257e-08
0.2      0.2    0.2    0.2    0.2    1.17 	0.11235 	0.0108216 	0.0170312 	1.33498e-12 	-5.5858e-13 	-1.98569e-13 	3.10135e-13 	-3.48164e-15 	1.55753e-13 	6.94246e-07 	7.73549e-07 	7.95063e-08 	9.79691e-07 	1.64177e-07 	5.80257e-08
0.2      0.2    0.2    0.2    0.2    1.26 	0.0192463 	0.0467151 	0.0276803 	6.43753e-13 	-1.38696e-13 	5.85256e-14 	1.5658e-13 	5.80345e-15 	2.09374e-13 	4.70424e-07 	-2.63061e-07 	8.27647e-10 	1.47237e-07 	-3.17794e-10 	3.71201e-10
0.2      0.2    0.2    0.2    0.2    1.35 	0.0192463 	0.0467151 	0.0276803 	6.43753e-13 	-1.38696e-13 	5.85256e-14 	1.5658e-13 	5.80345e-15 	2.09374e-13 	4.70424e-07 	-2.63061e-07 	8.27647e-10 	1.47237e-07 	-3.17794e-10 	3.71201e-10
0.2      0.2    0.2    0.2    0.2    1.44 	0.0631782 	0.0339669 	-0.0147865 	8.23764e-13 	-3.17696e-13 	6.06526e-14 	2.90665e-13 	-2.01356e-14 	1.71138e-13 	2.32437e-08 	-8.05225e-09 	-1.00244e-08 	3.01318e-09 	3.61749e-09 	4.86655e-09
0.2      0.2    0.2    0.2    0.2    1.53 	0.0631782 	0.0339669 	-0.0147865 	8.23764e-13 	-3.17696e-13 	6.06526e-14 	2.90665e-13 	-2.01356e-14 	1.71138e-13 	2.32437e-08 	-8.05225e-09 	-1.00244e-08 	3.01318e-09 	3.61749e-09 	4.86655e-09
0.2      0.2    0.2    0.2    0.2    1.62 	0.0691304 	0.0358605 	0.0475789 	8.49688e-13 	-2.75155e-13 	-1.6031e-13 	2.35874e-13 	3.74844e-14 	2.25645e-13 	4.54354e-07 	3.97068e-08 	-9.68429e-07 	7.92294e-09 	-5.58545e-08 	2.2526e-06
0.2      0.2    0.2    0.2    0.2    1.71 	0.0691304 	0.0358605 	0.0475789 	8.49688e-13 	-2.75155e-13 	-1.6031e-13 	2.35874e-13 	3.74844e-14 	2.25645e-13 	4.54354e-07 	3.97068e-08 	-9.68429e-07 	7.92294e-09 	-5.58545e-08 	2.2526e-06
0.2      0.2    0.2    0.2    0.2    1.8 	0.0718748 	0.0100404 	0.0410902 	6.05546e-13 	-1.65838e-13 	8.77779e-14 	1.5542e-13 	-1.62583e-14 	2.27135e-13 	9.29098e-08 	8.00638e-08 	1.37306e-07 	7.30277e-08 	1.18896e-07 	2.03622e-07
0.2      0.2    0.2    0.2    0.2    1.89 	0.0718748 	0.0100404 	0.0410902 	6.05546e-13 	-1.65838e-13 	8.77779e-14 	1.5542e-13 	-1.62583e-14 	2.27135e-13 	9.29098e-08 	8.00638e-08 	1.37306e-07 	7.30277e-08 	1.18896e-07 	2.03622e-07
0.2      0.2    0.2    0.2    0.2    1.98 	0.0571131 	0.0358989 	0.0585604 	5.09486e-13 	-1.50056e-13 	2.28262e-14 	1.35455e-13 	-4.05319e-15 	2.28883e-13 	5.18808e-07 	-7.01616e-07 	-2.48879e-07 	9.68316e-07 	3.41088e-07 	1.20462e-07
0.2      0.2    0.2    0.2    0.2    2.07 	0.0571131 	0.0358989 	0.0585604 	5.09486e-13 	-1.50056e-13 	2.28262e-14 	1.35455e-13 	-4.05319e-15 	2.28883e-13 	5.18808e-07 	-7.01616e-07 	-2.48879e-07 	9.68316e-07 	3.41088e-07 	1.20462e-07
0.2      0.2    0.2    0.2    0.2    2.16 	0.0590487 	-0.01397 	-0.0015513 	3.88078e-13 	-1.34438e-13 	4.54689e-15 	1.44838e-13 	4.05869e-14 	2.5275e-13 	1.2164e-08 	7.36096e-09 	7.03999e-08 	1.04698e-08 	1.74068e-07 	3.28615e-06
0.2      0.2    0.2    0.2    0.2    2.25 	0.0590487 	-0.01397 	-0.0015513 	3.88078e-13 	-1.34438e-13 	4.54689e-15 	1.44838e-13 	4.05869e-14 	2.5275e-13 	1.2164e-08 	7.36096e-09 	7.03999e-08 	1.04698e-08 	1.74068e-07 	3.28615e-06
0.2      0.2    0.2    0.2    0.2    2.34 	0.0590487 	-0.01397 	-0.0015513 	3.88078e-13 	-1.34438e-13 	4.54689e-15 	1.44838e-13 	4.05869e-14 	2.5275e-13 	1.2164e-08 	7.36096e-09 	7.03999e-08 	1.04698e-08 	1.74068e-07 	3.28615e-06
0.2      0.2    0.2    0.2    0.2    2.43 	0.078278 	-0.0555815 	-0.0271199 	3.53063e-13 	-1.45944e-13 	1.07294e-14 	1.89753e-13 	-1.44854e-14 	2.00067e-13 	1.45789e-06 	-8.74451e-07 	1.64699e-07 	5.32168e-07 	-9.8973e-08 	1.87254e-08
0.2      0.2    0.2    0.2    0.2    2.52 	0.078278 	-0.0555815 	-0.0271199 	3.53063e-13 	-1.45944e-13 	1.07294e-14 	1.89753e-13 	-1.44854e-14 	2.00067e-13 	1.45789e-06 	-8.74451e-07 	1.64699e-07 	5.32168e-07 	-9.8973e-08 	1.87254e-08
0.2      0.2    0.2    0.2    0.2    2.61 	0.102534 	0.01175 	-0.0453243 	8.5922e-13 	-3.01883e-13 	5.98608e-14 	2.67536e-13 	2.34065e-14 	2.78663e-13 	4.96602e-06 	-3.52834e-06 	2.40232e-06 	2.50871e-06 	-1.7067e-06 	1.16217e-06
0.2      0.2    0.2    0.2    0.2    2.7 	0.102534 	0.01175 	-0.0453243 	8.5922e-13 	-3.01883e-13 	5.98608e-14 	2.67536e-13 	2.34065e-14 	2.78663e-13 	4.96602e-06 	-3.52834e-06 	2.40232e-06 	2.50871e-06 	-1.7067e-06 	1.16217e-06
0.2      0.2    0.2    0.2    0.2    2.79 	0.136529 	-0.0459425 	0.00347139 	1.11313e-12 	-2.64127e-13 	1.26176e-13 	2.71526e-13 	-1.53972e-14 	2.5134e-13 	3.05258e-06 	1.11905e-06 	2.593e-06 	4.1034e-07 	9.50874e-07 	2.20348e-06
0.2      0.2    0.2    0.2    0.2    2.88 	0.136529 	-0.0459425 	0.00347139 	1.11313e-12 	-2.64127e-13 	1.26176e-13 	2.71526e-13 	-1.53972e-14 	2.5134e-13 	3.05258e-06 	1.11905e-06 	2.593e-06 	4.1034e-07 	9.50874e-07 	2.20348e-06
0.2      0.2    0.2    0.2    0.2    2.97 	0.0880621 	0.0132668 	0.0179535 	6.84547e-13 	-1.6033e-13 	-3.50937e-14 	2.10382e-13 	5.31082e-14 	2.18159e-13 	5.85002e-08 	1.46292e-07 	-2.6611e-07 	3.67493e-07 	-6.70231e-07 	1.22669e-06
0.2      0.2    0.2    0.2    0.2    3.06 	0.0880621 	0.0132668 	0.0179535 	6.84547e-13 	-1.6033e-13 	-3.50937e-14 	2.10382e-13 	5.31082e-14 	2.18159e-13 	5.85002e-08 	1.46292e-07 	-2.6611e-07 	3.67493e-07 	-6.70231e-07 	1.22669e-06
0.2      0.2    0.2    0.2    0.2    3.15 	0.100584 	-0.0632593 	0.0311888 	5.15402e-13 	-1.63775e-13 	-3.18223e-14 	2.22552e-13 	3.66778e-14 	2.02488e-13 	3.3068e-08 	1.64277e-07 	-1.64532e-07 	1.16196e-06 	-1.08568e-06 	1.0269e-06
0.2      0.2    0.2    0.2    0.2    3.24 	0.100584 	-0.0632593 	0.0311888 	5.15402e-13 	-1.63775e-13 	-3.18223e-14 	2.22552e-13 	3.66778e-14 	2.02488e-13 	3.3068e-08 	1.64277e-07 	-1.64532e-07 	1.16196e-06 	-1.08568e-06 	1.0269e-06
0.2      0.2    0.2    0.2    0.2    3.33 	0.155759 	-0.0440009 	0.0659107 	5.17595e-13 	-1.3918e-13 	4.92873e-14 	1.59958e-13 	-5.90786e-15 	2.1901e-13 	1.17674e-06 	2.69708e-07 	-1.90338e-07 	6.58801e-08 	-4.35274e-08 	3.11861e-08
0.2      0.2    0.2    0.2    0.2    3.42 	0.155759 	-0.0440009 	0.0659107 	5.17595e-13 	-1.3918e-13 	4.92873e-14 	1.59958e-13 	-5.90786e-15 	2.1901e-13 	1.17674e-06 	2.69708e-07 	-1.90338e-07 	6.58801e-08 	-4.35274e-08 	3.11861e-08
0.2      0.2    0.2    0.2    0.2    3.51 	0.155759 	-0.0440009 	0.0659107 	5.17595e-13 	-1.3918e-13 	4.92873e-14 	1.59958e-13 	-5.90786e-15 	2.1901e-13 	1.17674e-06 	2.69708e-07 	-1.90338e-07 	6.58801e-08 	-4.35274e-08 	3.11861e-08
0.2      0.2    0.2    0.2    0.2    3.6 	0.0908587 	-0.000417155 	0.0298947 	4.4396e-13 	-1.57377e-13 	1.65789e-14 	1.36604e-13 	-2.30139e-14 	2.00252e-13 	5.20521e-07 	-2.31629e-07 	-4.13379e-07 	1.25015e-07 	2.20551e-07 	3.89868e-07
0.2      0.2    0.2    0.2    0.2    3.69 	0.0908587 	-0.000417155 	0.0298947 	4.4396e-13 	-1.57377e-13 	1.65789e-14 	1.36604e-13 	-2.30139e-14 	2.00252e-13 	5.20521e-07 	-2.31629e-07 	-4.13379e-07 	1.25015e-07 	2.20551e-07 	3.89868e-07
0.2      0.2    0.2    0.2    0.2    3.78 	0.116742 	-0.0246965 	-0.00294508 	6.72622e-13 	-2.19597e-13 	7.36615e-14 	2.37926e-13 	-4.27298e-14 	1.93586e-13 	6.80852e-07 	-2.24741e-07 	-5.42837e-07 	7.71414e-08 	1.73154e-07 	4.45306e-07
0.2      0.2    0.2    0.2    0.2    3.87 	0.116742 	-0.0246965 	-0.00294508 	6.72622e-13 	-2.19597e-13 	7.36615e-14 	2.37926e-13 	-4.27298e-14 	1.93586e-13 	6.80852e-07 	-2.24741e-07 	-5.42837e-07 	7.71414e-08 	1.73154e-07 	4.45306e-07
0.2      0.2    0.2    0.2    0.2    3.96 	0.081323 	0.0231471 	0.030246 	5.61343e-13 	-1.77512e-13 	1.31701e-14 	1.8472e-13 	7.41426e-15 	2.34429e-13 	5.8618e-07 	1.67458e-07 	-5.64771e-07 	4.89493e-08 	-1.63023e-07 	5.51535e-07
0.2      0.2    0.2    0.2    0.2    4.05 	0.081323 	0.0231471 	0.030246 	5.61343e-13 	-1.77512e-13 	1.31701e-14 	1.8472e-13 	7.41426e-15 	2.34429e-13 	5.8618e-07 	1.67458e-07 	-5.64771e-07 	4.89493e-08 	-1.63023e-07 	5.51535e-07
0.2      0.2    0.2    0.2    0.2    4.14 	0.12903 	-0.0199624 	0.0191801 	8.10355e-13 	-2.39302e-13 	1.69903e-13 	1.87679e-13 	-9.45651e-15 	2.57656e-13 	2.04056e-06 	-9.803e-07 	-4.36294e-06 	4.74944e-07 	2.12433e-06 	9.53227e-06
0.2      0.2    0.2    0.2    0.2    4.23 	0.12903 	-0.0199624 	0.0191801 	8.10355e-13 	-2.39302e-13 	1.69903e-13 	1.87679e-13 	-9.45651e-15 	2.57656e-13 	2.04056e-06 	-9.803e-07 	-4.36294e-06 	4.74944e-07 	2.12433e-06 	9.53227e-06
0.2      0.2    0.2    0.2    0.2    4.32 	0.148112 	-0.0508896 	-0.0295661 	1.153e-12 	-3.60951e-13 	5.36961e-14 	2.95408e-13 	7.20834e-15 	1.3513e-13 	1.62793e-06 	-9.65392e-07 	5.10072e-08 	5.81679e-07 	-3.77117e-08 	7.74585e-09
0.2      0.2    0.2    0.2    0.2    4.41 	0.148112 	-0.0508896 	-0.0295661 	1.153e-12 	-3.60951e-13 	5.36961e-14 	2.95408e-13 	7.20834e-15 	1.3513e-13 	1.62793e-06 	-9.65392e-07 	5.10072e-08 	5.81679e-07 	-3.77117e-08 	7.74585e-09
0.2      0.2    0.2    0.2    0.2    4.5 	0.148112 	-0.0508896 	-0.0295661 	1.153e-12 	-3.60951e-13 	5.36961e-14 	2.95408e-13 	7.20834e-15 	1.3513e-13 	1.62793e-06 	-9.65392e-07 	5.10072e-08 	5.81679e-07 	-3.77117e-08 	7.74585e-09
0.3      0.3    0.3    0.3    0.3    0 	0.121701 	-0.0583954 	0.010118 	8.17879e-13 	-3.40736e-13 	1.72648e-13 	2.44703e-13 	-3.51843e-14 	1.67478e-13 	6.43257e-06 	1.85098e-07 	1.20213e-06 	1.13621e-08 	4.61481e-08 	2.46802e-07
0.3      0.3    0.3    0.3    0.3    0.09 	0.121701 	-0.0583954 	0.010118 	8.17879e-13 	-3.40736e-13 	1.72648e-13 	2.44703e-13 	-3.51843e-14 	1.67478e-13 	6.43257e-06 	1.85098e-07 	1.20213e-06 	1.13621e-08 	4.61481e-08 	2.46802e-07
0.3      0.3    0.3    0.3    0.3    0.18 	0.121701 	-0.0583954 	0.010118 	8.17879e-13 	-3.40736e-13 	1.72648e-13 	2.44703e-13 	-3.51843e-14 	1.67478e-13 	6.43257e-06 	1.85098e-07 	1.20213e-06 	1.13621e-08 	4.61481e-08 	2.46802e-07
0.3      0.3    0.3    0.3    0.3    0.27 	0.159344 	-0.048858 	-0.0470518 	6.70752e-13 	-2.96977e-13 	-4.39168e-14 	2.25112e-13 	-9.14691e-15 	1.6374e-13 	1.01811e-06 	8.34034e-08 	-2.63442e-08 	6.87112e-09 	-1.71273e-09 	1.25838e-08
0.3      0.3    0.3    0.3    0.3    0.36 	0.159344 	-0.048858 	-0.0470518 	6.70752e-13 	-2.96977e-13 	-4.39168e-14 	2.25112e-13 	-9.14691e-15 	1.6374e-13 	1.01811e-06 	8.34034e-08 	-2.63442e-08 	6.87112e-09 	-1.71273e-09 	1.25838e-08
0.3      0.3    0.3    0.3    0.3    0.45 	0.0494871 	-0.0204829 	-0.00941312 	5.02347e-13 	-2.16716e-13 	4.70999e-14 	2.41454e-13 	-2.48828e-14 	1.71631e-13 	1.19617e-06 	3.75387e-07 	6.08281e-07 	1.26796e-07 	1.92876e-07 	3.09873e-07
0.3      0.3    0.3    0.3    0.3    0.54 	0.0494871 	-0.0204829 	-0.00941312 	5.02347e-13 	-2.16716e-13 	4.70999e-14 	2.41454e-13 	-2.48828e-14 	1.71631e-13 	1.19617e-06 	3.75387e-07 	6.08281e-07 	1.26796e-07 	1.92876e-07 	3.09873e-07
0.3      0.3    0.3    0.3    0.3    0.63 	0.0932711 	-0.0309982 	-0.0310836 	6.84464e-13 	-3.77437e-13 	1.00857e-13 	3.14981e-13 	-4.56777e-14 	2.11508e-13 	1.78028e-06 	1.62226e-06 	-5.9398e-07 	1.62117e-06 	-6.27773e-07 	2.50641e-07
0.3      0.3    0.3    0.3    0.3    0.72 	0.0932711 	-0.0309982 	-0.0310836 	6.84464e-13 	-3.77437e-13 	1.00857e-13 	3.14981e-13 	-4.56777e-14 	2.11508e-13 	1.78028e-06 	1.62226e-06 	-5.9398e-07 	1.62117e-06 	-6.27773e-07 	2.50641e-07
0.3      0.3    0.3    0.3    0.3    0.81 	0.0792849 	-0.00568467 	0.00170389 	1.07611e-12 	-5.57795e-13 	-1.91601e-13 	4.60319e-13 	4.89844e-14 	1.41885e-13 	6.34755e-07 	-8.01348e-09 	4.09726e-08 	6.94793e-08 	-4.01668e-08 	2.5552e-08
0.3      0.3    0.3    0.3    0.3    0.9 	0.0792849 	-0.00568467 	0.00170389 	1.07611e-12 	-5.57795e-13 	-1.91601e-13 	4.60319e-13 	4.89844e-14 	1.41885e-13 	6.34755e-07 	-8.01348e-09 	4.09726e-08 	6.94793e-08 	-4.01668e-08 	2.5552e-08
0.3      0.3    0.3    0.3    0.3    0.99 	0.112484 	0.00922138 	0.0160332 	1.33586e-12 	-5.64729e-13 	-2.07506e-13 	3.14938e-13 	-4.60152e-16 	1.53935e-13 	5.94043e-07 	9.33409e-07 	2.28034e-07 	2.102e-06 	7.36061e-07 	3.12612e-07
0.3      0.3    0.3    0.3    0.3    1.08 	0.112484 	0.00922138 	0.0160332 	1.33586e-12 	-5.64729e-13 	-2.07506e-13 	3.14938e-13 	-4.60152e-16 	1.53935e-13 	5.94043e-07 	9.33409e-07 	2.28034e-07 	2.102e-06 	7.36061e-07 	3.12612e-07
0.3      0.3    0.3    0.3    0.3    1.17 	0.112484 	0.00922138 	0.0160332 	1.33586e-12 	-5.64729e-13 	-2.07506e-13 	3.14938e-13 	-4.60152e-16 	1.53935e-13 	5.94043e-07 	9.33409e-07 	2.28034e-07 	2.102e-06 	7.36061e-07 	3.12612e-07
0.3      0.3    0.3    0.3    0.3    1.26 	0.0204518 	0.0461105 	0.0276811 	6.59698e-13 	-1.48373e-13 	5.36247e-14 	1.57657e-13 	5.54803e-15 	2.08406e-13 	1.07924e-06 	-5.7712e-07 	8.99807e-09 	3.08994e-07 	-4.65063e-09 	3.43659e-10
0.3      0.3    0.3    0.3    0.3    1.35 	0.0204518 	0.0461105 	0.0276811 	6.59698e-13 	-1.48373e-13 	5.36247e-14 	1.57657e-13 	5.54803e-15 	2.08406e-13 	1.07924e-06 	-5.7712e-07 	8.99807e-09 	3.08994e-07 	-4.65063e-09 	3.43659e-10
0.3      0.3    0.3    0.3    0.3    1.44 	0.0625472 	0.0343288 	-0.0144581 	8.28304e-13 	-3.20789e-13 	6.39672e-14 	2.89323e-13 	-2.10018e-14 	1.71642e-13 	1.10354e-07 	-5.43124e-08 	-5.59107e-08 	2.73143e-08 	2.78172e-08 	2.87931e-08
0.3      0.3    0.3    0.3    0.3    1.53 	0.0625472 	0.0343288 	-0.0144581 	8.28304e-13 	-3.20789e-13 	6.39672e-14 	2.89323e-13 	-2.10018e-14 	1.71642e-13 	1.10354e-07 	-5.43124e-08 	-5.59107e-08 	2.73143e-08 	2.78172e-08 	2.87931e-08
0.3      0.3    0.3    0.3    0.3    1.62 	0.0696373 	0.0355037 	0.0449131 	8.61913e-13 	-2.81194e-13 	-1.6918e-13 	2.39242e-13 	3.86382e-14 	2.27629e-13 	5.75875e-07 	-3.76742e-08 	-1.64438e-06 	2.20405e-08 	2.03129e-07 	5.17514e-06
0.3      0.3    0.3    0.3    0.3    1.71 	0.0696373 	0.0355037 	0.0449131 	8.61913e-13 	-2.81194e-13 	-1.6918e-13 	2.39242e-13 	3.86382e-14 	2.27629e-13 	5.75875e-07 	-3.76742e-08 	-1.64438e-06 	2.20405e-08 	2.03129e-07 	5.17514e-06
0.3      0.3    0.3    0.3    0.3    1.8 	0.0722714 	0.0101904 	0.0419044 	6.12225e-13 	-1.67891e-13 	8.30361e-14 	1.57177e-13 	-1.50458e-14 	2.26217e-13 	1.80358e-07 	1.24149e-07 	2.92375e-07 	9.12061e-08 	1.98918e-07 	4.7701e-07
0.3      0.3    0.3    0.3    0.3    1.89 	0.0722714 	0.0101904 	0.0419044 	6.12225e-13 	-1.67891e-13 	8.30361e-14 	1.57177e-13 	-1.50458e-14 	2.26217e-13 	1.80358e-07 	1.24149e-07 	2.92375e-07 	9.12061e-08 	1.98918e-07 	4.7701e-07
0.3      0.3    0.3    0.3    0.3    1.98 	0.0559658 	0.0366441 	0.0588712 	5.13025e-13 	-1.50992e-13 	2.24008e-14 	1.35826e-13 	-4.06712e-15 	2.29279e-13 	1.11464e-06 	-1.21798e-06 	-4.52525e-07 	1.38202e-06 	5.08448e-07 	1.87585e-07
0.3      0.3    0.3    0.3    0.3    2.07 	0.0559658 	0.0366441 	0.0588712 	5.13025e-13 	-1.50992e-13 	2.24008e-14 	1.35826e-13 	-4.06712e-15 	2.29279e-13 	1.11464e-06 	-1.21798e-06 	-4.52525e-07 	1.38202e-06 	5.08448e-07 	1.87585e-07
0.3      0.3    0.3    0.3    0.3    2.16 	0.0586622 	-0.0138946 	0.00170573 	3.92422e-13 	-1.33388e-13 	6.71911e-15 	1.43726e-13 	4.01231e-14 	2.53068e-13 	3.04659e-08 	-5.69029e-09 	-2.97389e-07 	1.24165e-08 	2.8966e-07 	7.75654e-06
0.3      0.3    0.3    0.3    0.3    2.25 	0.0586622 	-0.0138946 	0.00170573 	3.92422e-13 	-1.33388e-13 	6.71911e-15 	1.43726e-13 	4.01231e-14 	2.53068e-13 	3.04659e-08 	-5.69029e-09 	-2.97389e-07 	1.24165e-08 	2.8966e-07 	7.75654e-06
0.3      0.3    0.3    0.3    0.3    2.34 	0.0586622 	-0.0138946 	0.00170573 	3.92422e-13 	-1.33388e-13 	6.71911e-15 	1.43726e-13 	4.01231e-14 	2.53068e-13 	3.04659e-08 	-5.69029e-09 	-2.97389e-07 	1.24165e-08 	2.8966e-07 	7.75654e-06
0.3      0.3    0.3    0.3    0.3    2.43 	0.0764849 	-0.0551535 	-0.0271245 	3.52456e-13 	-1.44239e-13 	1.10261e-14 	1.87925e-13 	-1.41082e-14 	2.01209e-13 	2.91268e-06 	-1.39385e-06 	2.48269e-07 	6.96787e-07 	-1.25093e-07 	2.28577e-08
0.3      0.3    0.3    0.3    0.3    2.52 	0.0764849 	-0.0551535 	-0.0271245 	3.52456e-13 	-1.44239e-13 	1.10261e-14 	1.87925e-13 	-1.41082e-14 	2.01209e-13 	2.91268e-06 	-1.39385e-06 	2.48269e-07 	6.96787e-07 	-1.25093e-07 	2.28577e-08
0.3      0.3    0.3    0.3    0.3    2.61 	0.106125 	0.00926518 	-0.0435191 	8.69565e-13 	-3.08653e-13 	6.04476e-14 	2.72139e-13 	2.38911e-14 	2.79911e-13 	1.04681e-05 	-7.32142e-06 	5.1276e-06 	5.12244e-06 	-3.58583e-06 	2.51191e-06
0.3      0.3    0.3    0.3    0.3    2.7 	0.106125 	0.00926518 	-0.0435191 	8.69565e-13 	-3.08653e-13 	6.04476e-14 	2.72139e-13 	2.38911e-14 	2.79911e-13 	1.04681e-05 	-7.32142e-06 	5.1276e-06 	5.12244e-06 	-3.58583e-06 	2.51191e-06
0.3      0.3    0.3    0.3    0.3    2.79 	0.139457 	-0.0448313 	0.00606893 	1.11331e-12 	-2.61518e-13 	1.23196e-13 	2.69789e-13 	-1.44923e-14 	2.50637e-13 	6.86168e-06 	2.53836e-06 	5.89328e-06 	9.39141e-07 	2.18046e-06 	5.06255e-06
0.3      0.3    0.3    0.3    0.3    2.88 	0.139457 	-0.0448313 	0.00606893 	1.11331e-12 	-2.61518e-13 	1.23196e-13 	2.69789e-13 	-1.44923e-14 	2.50637e-13 	6.86168e-06 	2.53836e-06 	5.89328e-06 	9.39141e-07 	2.18046e-06 	5.06255e-06
0.3      0.3    0.3    0.3    0.3    2.97 	0.0884311 	0.0144242 	0.0161875 	6.84891e-13 	-1.59647e-13 	-3.78702e-14 	2.09287e-13 	5.38427e-14 	2.19861e-13 	1.27903e-07 	3.39919e-07 	-5.77316e-07 	9.06596e-07 	-1.53769e-06 	2.61708e-06
0.3      0.3    0.3    0.3    0.3    3.06 	0.0884311 	0.0144242 	0.0161875 	6.84891e-13 	-1.59647e-13 	-3.78702e-14 	2.09287e-13 	5.38427e-14 	2.19861e-13 	1.27903e-07 	3.39919e-07 	-5.77316e-07 	9.06596e-07 	-1.53769e-06 	2.61708e-06
0.3      0.3    0.3    0.3    0.3    3.15 	0.100471 	-0.0611497 	0.0295181 	5.20629e-13 	-1.64257e-13 	-3.55861e-14 	2.24165e-13 	3.81807e-14 	2.01906e-13 	2.40575e-08 	1.60687e-07 	-1.52978e-07 	2.96118e-06 	-2.5539e-06 	2.21665e-06
0.3      0.3    0.3    0.3    0.3    3.24 	0.100471 	-0.0611497 	0.0295181 	5.20629e-13 	-1.64257e-13 	-3.55861e-14 	2.24165e-13 	3.81807e-14 	2.01906e-13 	2.40575e-08 	1.60687e-07 	-1.52978e-07 	2.96118e-06 	-2.5539e-06 	2.21665e-06
0.3      0.3    0.3    0.3    0.3    3.33 	0.157624 	-0.0432471 	0.0653384 	5.17959e-13 	-1.36846e-13 	4.36158e-14 	1.59291e-13 	-3.70524e-15 	2.18526e-13 	2.60192e-06 	7.74819e-07 	-5.31836e-07 	2.39363e-07 	-1.62311e-07 	1.11823e-07
0.3      0.3    0.3    0.3    0.3    3.42 	0.157624 	-0.0432471 	0.0653384 	5.17959e-13 	-1.36846e-13 	4.36158e-14 	1.59291e-13 	-3.70524e-15 	2.18526e-13 	2.60192e-06 	7.74819e-07 	-5.31836e-07 	2.39363e-07 	-1.62311e-07 	1.11823e-07
0.3      0.3    0.3    0.3    0.3    3.51 	0.157624 	-0.0432471 	0.0653384 	5.17959e-13 	-1.36846e-13 	4.36158e-14 	1.59291e-13 	-3.70524e-15 	2.18526e-13 	2.60192e-06 	7.74819e-07 	-5.31836e-07 	2.39363e-07 	-1.62311e-07 	1.11823e-07
0.3      0.3    0.3    0.3    0.3    3.6 	0.0889224 	-8.77514e-05 	0.0302008 	4.37123e-13 	-1.55393e-13 	1.65031e-14 	1.36491e-13 	-2.36471e-14 	2.0228e-13 	1.75307e-06 	-5.10631e-07 	-8.15047e-07 	1.744e-07 	2.85922e-07 	4.72965e-07
0.3      0.3    0.3    0.3    0.3    3.69 	0.0889224 	-8.77514e-05 	0.0302008 	4.37123e-13 	-1.55393e-13 	1.65031e-14 	1.36491e-13 	-2.36471e-14 	2.0228e-13 	1.75307e-06 	-5.10631e-07 	-8.15047e-07 	1.744e-07 	2.85922e-07 	4.72965e-07
0.3      0.3    0.3    0.3    0.3    3.78 	0.115561 	-0.0240327 	-0.00236172 	6.73808e-13 	-2.19629e-13 	7.29156e-14 	2.38628e-13 	-4.29409e-14 	1.9461e-13 	1.3725e-06 	-5.61971e-07 	-9.33803e-07 	2.36904e-07 	3.71411e-07 	6.53627e-07
0.3      0.3    0.3    0.3    0.3    3.87 	0.115561 	-0.0240327 	-0.00236172 	6.73808e-13 	-2.19629e-13 	7.29156e-14 	2.38628e-13 	-4.29409e-14 	1.9461e-13 	1.3725e-06 	-5.61971e-07 	-9.33803e-07 	2.36904e-07 	3.71411e-07 	6.53627e-07
0.3      0.3    0.3    0.3    0.3    3.96 	0.0823128 	0.0230541 	0.0295219 	5.66962e-13 	-1.80335e-13 	1.23946e-14 	1.8774e-13 	7.92885e-15 	2.34216e-13 	1.08807e-06 	2.0084e-07 	-9.47378e-07 	4.5555e-08 	-1.82278e-07 	8.35274e-07
0.3      0.3    0.3    0.3    0.3    4.05 	0.0823128 	0.0230541 	0.0295219 	5.66962e-13 	-1.80335e-13 	1.23946e-14 	1.8774e-13 	7.92885e-15 	2.34216e-13 	1.08807e-06 	2.0084e-07 	-9.47378e-07 	4.5555e-08 	-1.82278e-07 	8.35274e-07
0.3      0.3    0.3    0.3    0.3    4.14 	0.127965 	-0.0191587 	0.0240325 	8.03255e-13 	-2.36712e-13 	1.7313e-13 	1.87428e-13 	-9.36898e-15 	2.57615e-13 	2.81869e-06 	-1.5111e-06 	-7.33788e-06 	8.21858e-07 	4.02943e-06 	1.9886e-05
0.3      0.3    0.3    0.3    0.3    4.23 	0.127965 	-0.0191587 	0.0240325 	8.03255e-13 	-2.36712e-13 	1.7313e-13 	1.87428e-13 	-9.36898e-15 	2.57615e-13 	2.81869e-06 	-1.5111e-06 	-7.33788e-06 	8.21858e-07 	4.02943e-06 	1.9886e-05
0.3      0.3    0.3    0.3    0.3    4.32 	0.146695 	-0.0495582 	-0.0300574 	1.12211e-12 	-3.4149e-13 	4.94286e-14 	2.8556e-13 	9.24598e-15 	1.35021e-13 	2.59205e-06 	-1.79729e-06 	3.15608e-07 	1.27297e-06 	-2.42445e-07 	5.93466e-08
0.3      0.3    0.3    0.3    0.3    4.41 	0.146695 	-0.0495582 	-0.0300574 	1.12211e-12 	-3.4149e-13 	4.94286e-14 	2.8556e-13 	9.24598e-15 	1.35021e-13 	2.59205e-06 	-1.79729e-06 	3.15608e-07 	1.27297e-06 	-2.42445e-07 	5.93466e-08
0.3      0.3    0.3    0.3    0.3    4.5 	0.146695 	-0.0495582 	-0.0300574 	1.12211e-12 	-3.4149e-13 	4.94286e-14 	2.8556e-13 	9.24598e-15 	1.35021e-13 	2.59205e-06 	-1.79729e-06 	3.15608e-07 	1.27297e-06 	-2.42445e-07 	5.93466e-08
